Running 2m test @ http://10.105.92.109:11003/d?value=1
  4 threads and 10 connections
  Thread calibration: mean lat.: 12.398ms, rate sampling interval: 54ms
  Thread calibration: mean lat.: 11.823ms, rate sampling interval: 28ms
  Thread calibration: mean lat.: 12.178ms, rate sampling interval: 37ms
  Thread calibration: mean lat.: 12.240ms, rate sampling interval: 53ms
  Thread Stats   Avg      Stdev     Max   +/- Stdev
    Latency    11.41ms    6.72ms  46.72ms   67.18%
    Req/Sec    12.55     21.52    74.00     78.95%
  Latency Distribution (HdrHistogram - Recorded Latency)
 50.000%   11.83ms
 75.000%   14.26ms
 90.000%   19.25ms
 99.000%   28.64ms
 99.900%   30.21ms
 99.990%   31.69ms
 99.999%   46.75ms
100.000%   46.75ms

  Detailed Percentile spectrum:
       Value   Percentile   TotalCount 1/(1-Percentile)

       2.651     0.000000            1         1.00
       4.139     0.100000          550         1.11
       4.667     0.200000         1101         1.25
       5.331     0.300000         1650         1.43
      10.143     0.400000         2199         1.67
      11.831     0.500000         2752         2.00
      12.303     0.550000         3026         2.22
      12.743     0.600000         3304         2.50
      13.127     0.650000         3575         2.86
      13.583     0.700000         3850         3.33
      14.263     0.750000         4123         4.00
      14.655     0.775000         4260         4.44
      15.191     0.800000         4398         5.00
      16.215     0.825000         4536         5.71
      17.199     0.850000         4673         6.67
      18.047     0.875000         4810         8.00
      18.527     0.887500         4879         8.89
      19.247     0.900000         4950        10.00
      22.687     0.912500         5016        11.43
      25.999     0.925000         5085        13.33
      26.431     0.937500         5153        16.00
      26.735     0.943750         5187        17.78
      26.895     0.950000         5223        20.00
      27.071     0.956250         5256        22.86
      27.199     0.962500         5291        26.67
      27.487     0.968750         5326        32.00
      27.663     0.971875         5343        35.56
      27.791     0.975000         5360        40.00
      27.951     0.978125         5380        45.71
      28.047     0.981250         5394        53.33
      28.239     0.984375         5411        64.00
      28.335     0.985938         5420        71.11
      28.431     0.987500         5428        80.00
      28.575     0.989062         5436        91.43
      28.687     0.990625         5446       106.67
      28.783     0.992188         5454       128.00
      28.847     0.992969         5459       142.22
      28.879     0.993750         5462       160.00
      28.959     0.994531         5467       182.86
      28.991     0.995313         5471       213.33
      29.119     0.996094         5475       256.00
      29.135     0.996484         5477       284.44
      29.167     0.996875         5479       320.00
      29.215     0.997266         5482       365.71
      29.391     0.997656         5484       426.67
      29.455     0.998047         5486       512.00
      29.471     0.998242         5487       568.89
      29.567     0.998437         5488       640.00
      29.647     0.998633         5489       731.43
      29.903     0.998828         5490       853.33
      30.207     0.999023         5491      1024.00
      30.287     0.999121         5492      1137.78
      30.287     0.999219         5492      1280.00
      30.431     0.999316         5493      1462.86
      30.431     0.999414         5493      1706.67
      31.199     0.999512         5494      2048.00
      31.199     0.999561         5494      2275.56
      31.199     0.999609         5494      2560.00
      31.695     0.999658         5495      2925.71
      31.695     0.999707         5495      3413.33
      31.695     0.999756         5495      4096.00
      31.695     0.999780         5495      4551.11
      31.695     0.999805         5495      5120.00
      46.751     0.999829         5496      5851.43
      46.751     1.000000         5496          inf
#[Mean    =       11.410, StdDeviation   =        6.715]
#[Max     =       46.720, Total count    =         5496]
#[Buckets =           27, SubBuckets     =         2048]
----------------------------------------------------------
  6004 requests in 2.00m, 1.42MB read
Requests/sec:     50.03
Transfer/sec:     12.09KB
