Running 2m test @ http://10.105.92.109:11003/d?value=1
  4 threads and 10 connections
  Thread calibration: mean lat.: 16.449ms, rate sampling interval: 56ms
  Thread calibration: mean lat.: 18.325ms, rate sampling interval: 59ms
  Thread calibration: mean lat.: 17.648ms, rate sampling interval: 54ms
  Thread calibration: mean lat.: 18.084ms, rate sampling interval: 61ms
  Thread Stats   Avg      Stdev     Max   +/- Stdev
    Latency    17.68ms    9.10ms  48.16ms   55.97%
    Req/Sec    19.78     15.01    37.00     52.91%
  Latency Distribution (HdrHistogram - Recorded Latency)
 50.000%   18.46ms
 75.000%   26.21ms
 90.000%   28.80ms
 99.000%   31.92ms
 99.900%   34.14ms
 99.990%   46.88ms
 99.999%   48.19ms
100.000%   48.19ms

  Detailed Percentile spectrum:
       Value   Percentile   TotalCount 1/(1-Percentile)

       2.741     0.000000            1         1.00
       4.163     0.100000          884         1.11
       4.895     0.200000         1760         1.25
      12.519     0.300000         2641         1.43
      16.799     0.400000         3524         1.67
      18.463     0.500000         4402         2.00
      19.775     0.550000         4841         2.22
      21.551     0.600000         5284         2.50
      22.847     0.650000         5722         2.86
      24.543     0.700000         6162         3.33
      26.207     0.750000         6599         4.00
      26.575     0.775000         6830         4.44
      26.831     0.800000         7044         5.00
      27.231     0.825000         7260         5.71
      27.711     0.850000         7483         6.67
      28.255     0.875000         7700         8.00
      28.527     0.887500         7810         8.89
      28.799     0.900000         7921        10.00
      29.135     0.912500         8033        11.43
      29.519     0.925000         8142        13.33
      29.823     0.937500         8253        16.00
      29.983     0.943750         8305        17.78
      30.271     0.950000         8364        20.00
      30.415     0.956250         8414        22.86
      30.591     0.962500         8471        26.67
      30.767     0.968750         8526        32.00
      30.943     0.971875         8553        35.56
      31.071     0.975000         8580        40.00
      31.199     0.978125         8607        45.71
      31.375     0.981250         8637        53.33
      31.535     0.984375         8661        64.00
      31.615     0.985938         8679        71.11
      31.711     0.987500         8691        80.00
      31.791     0.989062         8702        91.43
      31.919     0.990625         8716       106.67
      32.063     0.992188         8731       128.00
      32.111     0.992969         8737       142.22
      32.207     0.993750         8745       160.00
      32.271     0.994531         8750       182.86
      32.383     0.995313         8757       213.33
      32.511     0.996094         8765       256.00
      32.575     0.996484         8768       284.44
      32.671     0.996875         8771       320.00
      32.735     0.997266         8776       365.71
      32.863     0.997656         8778       426.67
      32.991     0.998047         8782       512.00
      33.023     0.998242         8783       568.89
      33.119     0.998437         8785       640.00
      33.343     0.998633         8786       731.43
      33.471     0.998828         8788       853.33
      34.175     0.999023         8790      1024.00
      34.207     0.999121         8791      1137.78
      34.591     0.999219         8792      1280.00
      34.591     0.999316         8792      1462.86
      34.687     0.999414         8794      1706.67
      34.687     0.999512         8794      2048.00
      35.263     0.999561         8795      2275.56
      35.263     0.999609         8795      2560.00
      35.263     0.999658         8795      2925.71
      38.143     0.999707         8796      3413.33
      38.143     0.999756         8796      4096.00
      46.879     0.999780         8797      4551.11
      46.879     0.999805         8797      5120.00
      46.879     0.999829         8797      5851.43
      46.879     0.999854         8797      6826.67
      46.879     0.999878         8797      8192.00
      48.191     0.999890         8798      9102.22
      48.191     1.000000         8798          inf
#[Mean    =       17.683, StdDeviation   =        9.096]
#[Max     =       48.160, Total count    =         8798]
#[Buckets =           27, SubBuckets     =         2048]
----------------------------------------------------------
  9602 requests in 2.00m, 2.27MB read
Requests/sec:     80.01
Transfer/sec:     19.35KB
