Running 2m test @ http://10.105.92.109:11003/d?value=1
  4 threads and 10 connections
  Thread calibration: mean lat.: 18.363ms, rate sampling interval: 53ms
  Thread calibration: mean lat.: 17.038ms, rate sampling interval: 56ms
  Thread calibration: mean lat.: 18.529ms, rate sampling interval: 57ms
  Thread calibration: mean lat.: 22.455ms, rate sampling interval: 56ms
  Thread Stats   Avg      Stdev     Max   +/- Stdev
    Latency    18.82ms    8.61ms  51.52ms   63.41%
    Req/Sec    12.39     15.88    38.00     71.22%
  Latency Distribution (HdrHistogram - Recorded Latency)
 50.000%   19.65ms
 75.000%   26.24ms
 90.000%   28.42ms
 99.000%   31.69ms
 99.900%   35.13ms
 99.990%   44.00ms
 99.999%   51.55ms
100.000%   51.55ms

  Detailed Percentile spectrum:
       Value   Percentile   TotalCount 1/(1-Percentile)

       2.513     0.000000            1         1.00
       4.379     0.100000          553         1.11
       7.679     0.200000         1100         1.25
      16.167     0.300000         1650         1.43
      17.775     0.400000         2201         1.67
      19.647     0.500000         2748         2.00
      21.535     0.550000         3024         2.22
      23.151     0.600000         3302         2.50
      24.367     0.650000         3576         2.86
      25.407     0.700000         3852         3.33
      26.239     0.750000         4122         4.00
      26.623     0.775000         4266         4.44
      26.943     0.800000         4403         5.00
      27.263     0.825000         4538         5.71
      27.583     0.850000         4673         6.67
      27.951     0.875000         4809         8.00
      28.191     0.887500         4884         8.89
      28.431     0.900000         4953        10.00
      28.655     0.912500         5022        11.43
      28.895     0.925000         5084        13.33
      29.247     0.937500         5158        16.00
      29.391     0.943750         5187        17.78
      29.583     0.950000         5223        20.00
      29.823     0.956250         5260        22.86
      30.031     0.962500         5291        26.67
      30.287     0.968750         5325        32.00
      30.415     0.971875         5342        35.56
      30.607     0.975000         5362        40.00
      30.735     0.978125         5377        45.71
      30.975     0.981250         5394        53.33
      31.263     0.984375         5413        64.00
      31.423     0.985938         5421        71.11
      31.503     0.987500         5429        80.00
      31.663     0.989062         5438        91.43
      31.743     0.990625         5445       106.67
      31.999     0.992188         5454       128.00
      32.079     0.992969         5459       142.22
      32.111     0.993750         5462       160.00
      32.319     0.994531         5466       182.86
      32.527     0.995313         5471       213.33
      32.655     0.996094         5475       256.00
      32.991     0.996484         5477       284.44
      33.151     0.996875         5479       320.00
      33.503     0.997266         5481       365.71
      33.695     0.997656         5484       426.67
      34.207     0.998047         5486       512.00
      34.271     0.998242         5487       568.89
      34.335     0.998437         5488       640.00
      34.847     0.998633         5489       731.43
      35.007     0.998828         5490       853.33
      35.135     0.999023         5491      1024.00
      37.311     0.999121         5492      1137.78
      37.311     0.999219         5492      1280.00
      38.111     0.999316         5493      1462.86
      38.111     0.999414         5493      1706.67
      39.775     0.999512         5494      2048.00
      39.775     0.999561         5494      2275.56
      39.775     0.999609         5494      2560.00
      43.999     0.999658         5495      2925.71
      43.999     0.999707         5495      3413.33
      43.999     0.999756         5495      4096.00
      43.999     0.999780         5495      4551.11
      43.999     0.999805         5495      5120.00
      51.551     0.999829         5496      5851.43
      51.551     1.000000         5496          inf
#[Mean    =       18.823, StdDeviation   =        8.615]
#[Max     =       51.520, Total count    =         5496]
#[Buckets =           27, SubBuckets     =         2048]
----------------------------------------------------------
  6003 requests in 2.00m, 1.42MB read
Requests/sec:     50.02
Transfer/sec:     12.10KB
