Running 3m test @ http://10.108.73.23:9080/productpage
  4 threads and 10 connections
  Thread calibration: mean lat.: 2128.601ms, rate sampling interval: 7536ms
  Thread calibration: mean lat.: 1935.756ms, rate sampling interval: 6819ms
  Thread calibration: mean lat.: 2011.107ms, rate sampling interval: 7663ms
  Thread calibration: mean lat.: 2341.773ms, rate sampling interval: 8716ms
  Thread Stats   Avg      Stdev     Max   +/- Stdev
    Latency    35.71s    20.24s    1.41m    64.78%
    Req/Sec    15.02      1.49    18.00     94.25%
  Latency Distribution (HdrHistogram - Recorded Latency)
 50.000%   33.44s 
 75.000%   49.55s 
 90.000%    1.10m 
 99.000%    1.38m 
 99.900%    1.40m 
 99.990%    1.41m 
 99.999%    1.41m 
100.000%    1.41m 

  Detailed Percentile spectrum:
       Value   Percentile   TotalCount 1/(1-Percentile)

    3176.447     0.000000            1         1.00
   10575.871     0.100000         1049         1.11
   16318.463     0.200000         2098         1.25
   22020.095     0.300000         3146         1.43
   27607.039     0.400000         4194         1.67
   33439.743     0.500000         5241         2.00
   36339.711     0.550000         5765         2.22
   39321.599     0.600000         6293         2.50
   42434.559     0.650000         6813         2.86
   45711.359     0.700000         7339         3.33
   49545.215     0.750000         7862         4.00
   51478.527     0.775000         8124         4.44
   53444.607     0.800000         8386         5.00
   55410.687     0.825000         8648         5.71
   57442.303     0.850000         8911         6.67
   61210.623     0.875000         9170         8.00
   63569.919     0.887500         9301         8.89
   65961.983     0.900000         9433        10.00
   68222.975     0.912500         9564        11.43
   70582.271     0.925000         9694        13.33
   72941.567     0.937500         9825        16.00
   74055.679     0.943750         9892        17.78
   75235.327     0.950000         9956        20.00
   76349.439     0.956250        10026        22.86
   77594.623     0.962500        10090        26.67
   78774.271     0.968750        10160        32.00
   79233.023     0.971875        10189        35.56
   79822.847     0.975000        10221        40.00
   80478.207     0.978125        10252        45.71
   81002.495     0.981250        10284        53.33
   81526.783     0.984375        10318        64.00
   81788.927     0.985938        10334        71.11
   82051.071     0.987500        10353        80.00
   82313.215     0.989062        10367        91.43
   82640.895     0.990625        10383       106.67
   82903.039     0.992188        10400       128.00
   83034.111     0.992969        10407       142.22
   83230.719     0.993750        10419       160.00
   83296.255     0.994531        10424       182.86
   83492.863     0.995313        10434       213.33
   83623.935     0.996094        10441       256.00
   83689.471     0.996484        10445       284.44
   83755.007     0.996875        10448       320.00
   83820.543     0.997266        10452       365.71
   83886.079     0.997656        10456       426.67
   83951.615     0.998047        10460       512.00
   84017.151     0.998242        10463       568.89
   84082.687     0.998437        10465       640.00
   84148.223     0.998633        10467       731.43
   84213.759     0.998828        10469       853.33
   84279.295     0.999023        10470      1024.00
   84344.831     0.999121        10472      1137.78
   84344.831     0.999219        10472      1280.00
   84410.367     0.999316        10474      1462.86
   84410.367     0.999414        10474      1706.67
   84475.903     0.999512        10476      2048.00
   84475.903     0.999561        10476      2275.56
   84475.903     0.999609        10476      2560.00
   84541.439     0.999658        10478      2925.71
   84541.439     0.999707        10478      3413.33
   84541.439     0.999756        10478      4096.00
   84541.439     0.999780        10478      4551.11
   84541.439     0.999805        10478      5120.00
   84606.975     0.999829        10479      5851.43
   84606.975     0.999854        10479      6826.67
   84606.975     0.999878        10479      8192.00
   84606.975     0.999890        10479      9102.22
   84606.975     0.999902        10479     10240.00
   84672.511     0.999915        10480     11702.86
   84672.511     1.000000        10480          inf
#[Mean    =    35705.166, StdDeviation   =    20241.860]
#[Max     =    84606.976, Total count    =        10480]
#[Buckets =           27, SubBuckets     =         2048]
----------------------------------------------------------
  11071 requests in 3.00m, 161.90MB read
Requests/sec:     61.50
Transfer/sec:      0.90MB
