Running 3m test @ http://10.108.73.23:9080/productpage
  4 threads and 10 connections
  Thread calibration: mean lat.: 3159.697ms, rate sampling interval: 11403ms
  Thread calibration: mean lat.: 3111.413ms, rate sampling interval: 11296ms
  Thread calibration: mean lat.: 3175.206ms, rate sampling interval: 11296ms
  Thread calibration: mean lat.: 3197.738ms, rate sampling interval: 11313ms
  Thread Stats   Avg      Stdev     Max   +/- Stdev
    Latency     0.99m    30.69s    1.94m    57.94%
    Req/Sec    18.29      0.52    19.00    100.00%
  Latency Distribution (HdrHistogram - Recorded Latency)
 50.000%    0.99m 
 75.000%    1.43m 
 90.000%    1.70m 
 99.000%    1.88m 
 99.900%    1.93m 
 99.990%    1.94m 
 99.999%    1.94m 
100.000%    1.94m 

  Detailed Percentile spectrum:
       Value   Percentile   TotalCount 1/(1-Percentile)

    5992.447     0.000000            1         1.00
   16875.519     0.100000         1279         1.11
   27459.583     0.200000         2557         1.25
   37978.111     0.300000         3832         1.43
   48529.407     0.400000         5109         1.67
   59179.007     0.500000         6388         2.00
   64389.119     0.550000         7025         2.22
   69795.839     0.600000         7662         2.50
   75104.255     0.650000         8301         2.86
   80412.671     0.700000         8945         3.33
   85655.551     0.750000         9579         4.00
   88473.599     0.775000         9900         4.44
   91029.503     0.800000        10218         5.00
   93716.479     0.825000        10535         5.71
   96468.991     0.850000        10857         6.67
   99155.967     0.875000        11175         8.00
  100466.687     0.887500        11337         8.89
  101777.407     0.900000        11498        10.00
  103088.127     0.912500        11654        11.43
  104464.383     0.925000        11816        13.33
  105775.103     0.937500        11977        16.00
  106430.463     0.943750        12058        17.78
  107020.287     0.950000        12134        20.00
  107675.647     0.956250        12214        22.86
  108331.007     0.962500        12291        26.67
  108986.367     0.968750        12371        32.00
  109445.119     0.971875        12416        35.56
  109772.799     0.975000        12451        40.00
  110166.015     0.978125        12494        45.71
  110559.231     0.981250        12530        53.33
  111214.591     0.984375        12573        64.00
  111673.343     0.985938        12592        71.11
  112066.559     0.987500        12611        80.00
  112525.311     0.989062        12631        91.43
  113049.599     0.990625        12653       106.67
  113508.351     0.992188        12671       128.00
  113770.495     0.992969        12683       142.22
  114032.639     0.993750        12691       160.00
  114294.783     0.994531        12702       182.86
  114491.391     0.995313        12711       213.33
  114753.535     0.996094        12720       256.00
  114884.607     0.996484        12726       284.44
  115015.679     0.996875        12732       320.00
  115081.215     0.997266        12736       365.71
  115212.287     0.997656        12741       426.67
  115343.359     0.998047        12745       512.00
  115408.895     0.998242        12748       568.89
  115539.967     0.998437        12751       640.00
  115605.503     0.998633        12756       731.43
  115605.503     0.998828        12756       853.33
  115671.039     0.999023        12759      1024.00
  115671.039     0.999121        12759      1137.78
  115736.575     0.999219        12761      1280.00
  115736.575     0.999316        12761      1462.86
  115802.111     0.999414        12762      1706.67
  115867.647     0.999512        12763      2048.00
  115933.183     0.999561        12765      2275.56
  115933.183     0.999609        12765      2560.00
  115933.183     0.999658        12765      2925.71
  115998.719     0.999707        12766      3413.33
  115998.719     0.999756        12766      4096.00
  116129.791     0.999780        12768      4551.11
  116129.791     0.999805        12768      5120.00
  116129.791     0.999829        12768      5851.43
  116129.791     0.999854        12768      6826.67
  116129.791     0.999878        12768      8192.00
  116129.791     0.999890        12768      9102.22
  116129.791     0.999902        12768     10240.00
  116129.791     0.999915        12768     11702.86
  116195.327     0.999927        12769     13653.33
  116195.327     1.000000        12769          inf
#[Mean    =    59244.007, StdDeviation   =    30688.596]
#[Max     =   116129.792, Total count    =        12769]
#[Buckets =           27, SubBuckets     =         2048]
----------------------------------------------------------
  13520 requests in 3.00m, 197.71MB read
Requests/sec:     75.10
Transfer/sec:      1.10MB
