Running 3m test @ http://10.99.205.204:11000/a?value=1
  4 threads and 10 connections
  Thread calibration: mean lat.: 2972.564ms, rate sampling interval: 8749ms
  Thread calibration: mean lat.: 3239.827ms, rate sampling interval: 9617ms
  Thread calibration: mean lat.: 2591.455ms, rate sampling interval: 8073ms
  Thread calibration: mean lat.: 2484.017ms, rate sampling interval: 7749ms
  Thread Stats   Avg      Stdev     Max   +/- Stdev
    Latency    36.97s    19.35s    1.35m    59.51%
    Req/Sec    14.94      0.97    17.00     96.15%
  Latency Distribution (HdrHistogram - Recorded Latency)
 50.000%   36.50s 
 75.000%    0.88m 
 90.000%    1.04m 
 99.000%    1.27m 
 99.900%    1.34m 
 99.990%    1.35m 
 99.999%    1.35m 
100.000%    1.35m 

  Detailed Percentile spectrum:
       Value   Percentile   TotalCount 1/(1-Percentile)

    3897.343     0.000000            1         1.00
   10764.287     0.100000         1047         1.11
   17039.359     0.200000         2090         1.25
   23576.575     0.300000         3133         1.43
   29900.799     0.400000         4179         1.67
   36503.551     0.500000         5225         2.00
   39747.583     0.550000         5748         2.22
   42958.847     0.600000         6266         2.50
   46104.575     0.650000         6788         2.86
   49577.983     0.700000         7312         3.33
   52854.783     0.750000         7834         4.00
   54558.719     0.775000         8095         4.44
   56131.583     0.800000         8360         5.00
   57507.839     0.825000         8618         5.71
   59015.167     0.850000         8876         6.67
   60686.335     0.875000         9140         8.00
   61571.071     0.887500         9270         8.89
   62521.343     0.900000         9399        10.00
   63897.599     0.912500         9529        11.43
   65699.839     0.925000         9659        13.33
   67764.223     0.937500         9790        16.00
   68812.799     0.943750         9855        17.78
   69664.767     0.950000         9927        20.00
   70451.199     0.956250         9988        22.86
   71434.239     0.962500        10053        26.67
   72155.135     0.968750        10121        32.00
   72613.887     0.971875        10149        35.56
   73072.639     0.975000        10183        40.00
   73596.927     0.978125        10218        45.71
   74514.431     0.981250        10250        53.33
   75104.255     0.984375        10281        64.00
   75366.399     0.985938        10296        71.11
   75759.615     0.987500        10313        80.00
   76021.759     0.989062        10328        91.43
   76480.511     0.990625        10348       106.67
   76808.191     0.992188        10361       128.00
   77135.871     0.992969        10369       142.22
   77463.551     0.993750        10379       160.00
   77594.623     0.994531        10385       182.86
   77922.303     0.995313        10394       213.33
   78577.663     0.996094        10402       256.00
   78774.271     0.996484        10406       284.44
   79036.415     0.996875        10411       320.00
   79429.631     0.997266        10414       365.71
   79757.311     0.997656        10418       426.67
   79822.847     0.998047        10422       512.00
   80150.527     0.998242        10427       568.89
   80150.527     0.998437        10427       640.00
   80216.063     0.998633        10429       731.43
   80281.599     0.998828        10432       853.33
   80281.599     0.999023        10432      1024.00
   80347.135     0.999121        10433      1137.78
   80478.207     0.999219        10434      1280.00
   80543.743     0.999316        10435      1462.86
   80609.279     0.999414        10437      1706.67
   80609.279     0.999512        10437      2048.00
   80674.815     0.999561        10438      2275.56
   80674.815     0.999609        10438      2560.00
   80740.351     0.999658        10441      2925.71
   80740.351     0.999707        10441      3413.33
   80740.351     0.999756        10441      4096.00
   80740.351     0.999780        10441      4551.11
   80740.351     0.999805        10441      5120.00
   80740.351     0.999829        10441      5851.43
   80740.351     0.999854        10441      6826.67
   80740.351     0.999878        10441      8192.00
   80740.351     0.999890        10441      9102.22
   80740.351     0.999902        10441     10240.00
   80805.887     0.999915        10442     11702.86
   80805.887     1.000000        10442          inf
#[Mean    =    36974.193, StdDeviation   =    19348.584]
#[Max     =    80740.352, Total count    =        10442]
#[Buckets =           27, SubBuckets     =         2048]
----------------------------------------------------------
  10991 requests in 3.00m, 2.61MB read
Requests/sec:     61.05
Transfer/sec:     14.83KB
