Running 3m test @ http://10.99.205.204:11000/a?value=1
  4 threads and 10 connections
  Thread calibration: mean lat.: 93.387ms, rate sampling interval: 339ms
  Thread calibration: mean lat.: 91.613ms, rate sampling interval: 375ms
  Thread calibration: mean lat.: 524.779ms, rate sampling interval: 2772ms
  Thread calibration: mean lat.: 497.081ms, rate sampling interval: 2609ms
  Thread Stats   Avg      Stdev     Max   +/- Stdev
    Latency     2.45s     5.00s   19.61s    84.44%
    Req/Sec    24.39      2.50    34.00     85.09%
  Latency Distribution (HdrHistogram - Recorded Latency)
 50.000%   84.42ms
 75.000%  165.38ms
 90.000%   11.10s 
 99.000%   18.61s 
 99.900%   19.43s 
 99.990%   19.53s 
 99.999%   19.63s 
100.000%   19.63s 

  Detailed Percentile spectrum:
       Value   Percentile   TotalCount 1/(1-Percentile)

       9.343     0.000000            1         1.00
      39.263     0.100000         1657         1.11
      64.927     0.200000         3313         1.25
      72.895     0.300000         4968         1.43
      78.591     0.400000         6632         1.67
      84.415     0.500000         8280         2.00
      87.999     0.550000         9104         2.22
      92.735     0.600000         9936         2.50
      98.559     0.650000        10762         2.86
     113.983     0.700000        11587         3.33
     165.375     0.750000        12414         4.00
    1958.911     0.775000        12827         4.44
    3629.055     0.800000        13241         5.00
    6012.927     0.825000        13653         5.71
    7749.631     0.850000        14067         6.67
    9240.575     0.875000        14483         8.00
    9986.047     0.887500        14697         8.89
   11100.159     0.900000        14897        10.00
   12165.119     0.912500        15102        11.43
   13344.767     0.925000        15309        13.33
   14467.071     0.937500        15517        16.00
   15040.511     0.943750        15619        17.78
   15671.295     0.950000        15722        20.00
   16343.039     0.956250        15828        22.86
   16769.023     0.962500        15935        26.67
   17203.199     0.968750        16032        32.00
   17383.423     0.971875        16084        35.56
   17580.031     0.975000        16139        40.00
   17793.023     0.978125        16189        45.71
   18055.167     0.981250        16239        53.33
   18317.311     0.984375        16292        64.00
   18399.231     0.985938        16322        71.11
   18431.999     0.987500        16346        80.00
   18530.303     0.989062        16371        91.43
   18661.375     0.990625        16395       106.67
   18808.831     0.992188        16422       128.00
   18874.367     0.992969        16433       142.22
   18939.903     0.993750        16451       160.00
   18972.671     0.994531        16464       182.86
   19070.975     0.995313        16472       213.33
   19152.895     0.996094        16489       256.00
   19169.279     0.996484        16492       284.44
   19202.047     0.996875        16499       320.00
   19283.967     0.997266        16505       365.71
   19333.119     0.997656        16511       426.67
   19349.503     0.998047        16519       512.00
   19365.887     0.998242        16521       568.89
   19382.271     0.998437        16524       640.00
   19415.039     0.998633        16529       731.43
   19431.423     0.998828        16532       853.33
   19447.807     0.999023        16536      1024.00
   19447.807     0.999121        16536      1137.78
   19464.191     0.999219        16539      1280.00
   19464.191     0.999316        16539      1462.86
   19496.959     0.999414        16540      1706.67
   19513.343     0.999512        16546      2048.00
   19513.343     0.999561        16546      2275.56
   19513.343     0.999609        16546      2560.00
   19513.343     0.999658        16546      2925.71
   19513.343     0.999707        16546      3413.33
   19513.343     0.999756        16546      4096.00
   19513.343     0.999780        16546      4551.11
   19513.343     0.999805        16546      5120.00
   19529.727     0.999829        16547      5851.43
   19529.727     0.999854        16547      6826.67
   19529.727     0.999878        16547      8192.00
   19578.879     0.999890        16548      9102.22
   19578.879     0.999902        16548     10240.00
   19578.879     0.999915        16548     11702.86
   19578.879     0.999927        16548     13653.33
   19578.879     0.999939        16548     16384.00
   19628.031     0.999945        16549     18204.44
   19628.031     1.000000        16549          inf
#[Mean    =     2446.514, StdDeviation   =     4998.024]
#[Max     =    19611.648, Total count    =        16549]
#[Buckets =           27, SubBuckets     =         2048]
----------------------------------------------------------
  17511 requests in 3.00m, 4.14MB read
Requests/sec:     97.27
Transfer/sec:     23.56KB
