Running 3m test @ http://10.99.205.204:11000/a?value=1
  4 threads and 10 connections
  Thread calibration: mean lat.: 1148.798ms, rate sampling interval: 3964ms
  Thread calibration: mean lat.: 1127.912ms, rate sampling interval: 3727ms
  Thread calibration: mean lat.: 1374.773ms, rate sampling interval: 4714ms
  Thread calibration: mean lat.: 530.420ms, rate sampling interval: 3389ms
  Thread Stats   Avg      Stdev     Max   +/- Stdev
    Latency    17.48s    12.24s   41.39s    56.72%
    Req/Sec    40.28      2.50    46.00     82.66%
  Latency Distribution (HdrHistogram - Recorded Latency)
 50.000%   17.37s 
 75.000%   28.00s 
 90.000%   34.60s 
 99.000%   39.42s 
 99.900%   41.19s 
 99.990%   41.39s 
 99.999%   41.42s 
100.000%   41.42s 

  Detailed Percentile spectrum:
       Value   Percentile   TotalCount 1/(1-Percentile)

      15.327     0.000000            1         1.00
      61.119     0.100000         2760         1.11
    4263.935     0.200000         5517         1.25
    8781.823     0.300000         8276         1.43
   13099.007     0.400000        11038         1.67
   17367.039     0.500000        13802         2.00
   19447.807     0.550000        15180         2.22
   21479.423     0.600000        16558         2.50
   23625.727     0.650000        17938         2.86
   25837.567     0.700000        19314         3.33
   28000.255     0.750000        20690         4.00
   29114.367     0.775000        21397         4.44
   30244.863     0.800000        22070         5.00
   31326.207     0.825000        22757         5.71
   32374.783     0.850000        23453         6.67
   33456.127     0.875000        24142         8.00
   34045.951     0.887500        24491         8.89
   34603.007     0.900000        24834        10.00
   35127.295     0.912500        25179        11.43
   35618.815     0.925000        25523        13.33
   36274.175     0.937500        25873        16.00
   36601.855     0.943750        26037        17.78
   36929.535     0.950000        26218        20.00
   37224.447     0.956250        26392        22.86
   37552.127     0.962500        26559        26.67
   37847.039     0.968750        26732        32.00
   38010.879     0.971875        26810        35.56
   38174.719     0.975000        26900        40.00
   38338.559     0.978125        26988        45.71
   38502.399     0.981250        27084        53.33
   38699.007     0.984375        27153        64.00
   38895.615     0.985938        27198        71.11
   39026.687     0.987500        27240        80.00
   39190.527     0.989062        27283        91.43
   39485.439     0.990625        27330       106.67
   39649.279     0.992188        27371       128.00
   39780.351     0.992969        27401       142.22
   39878.655     0.993750        27419       160.00
   40009.727     0.994531        27441       182.86
   40108.031     0.995313        27455       213.33
   40239.103     0.996094        27477       256.00
   40402.943     0.996484        27490       284.44
   40534.015     0.996875        27500       320.00
   40599.551     0.997266        27510       365.71
   40730.623     0.997656        27520       426.67
   40796.159     0.998047        27532       512.00
   40894.463     0.998242        27539       568.89
   40927.231     0.998437        27543       640.00
   41025.535     0.998633        27547       731.43
   41058.303     0.998828        27552       853.33
   41189.375     0.999023        27559      1024.00
   41222.143     0.999121        27562      1137.78
   41254.911     0.999219        27566      1280.00
   41254.911     0.999316        27566      1462.86
   41287.679     0.999414        27572      1706.67
   41287.679     0.999512        27572      2048.00
   41287.679     0.999561        27572      2275.56
   41320.447     0.999609        27579      2560.00
   41320.447     0.999658        27579      2925.71
   41320.447     0.999707        27579      3413.33
   41320.447     0.999756        27579      4096.00
   41320.447     0.999780        27579      4551.11
   41320.447     0.999805        27579      5120.00
   41353.215     0.999829        27580      5851.43
   41353.215     0.999854        27580      6826.67
   41385.983     0.999878        27582      8192.00
   41385.983     0.999890        27582      9102.22
   41385.983     0.999902        27582     10240.00
   41385.983     0.999915        27582     11702.86
   41385.983     0.999927        27582     13653.33
   41418.751     0.999939        27584     16384.00
   41418.751     1.000000        27584          inf
#[Mean    =    17480.181, StdDeviation   =    12244.807]
#[Max     =    41385.984, Total count    =        27584]
#[Buckets =           27, SubBuckets     =         2048]
----------------------------------------------------------
  29195 requests in 3.00m, 6.91MB read
Requests/sec:    162.18
Transfer/sec:     39.28KB
