Running 2m test @ http://10.108.73.23:9080/productpage
  4 threads and 10 connections
  Thread calibration: mean lat.: 535.886ms, rate sampling interval: 2547ms
  Thread calibration: mean lat.: 248.490ms, rate sampling interval: 1181ms
  Thread calibration: mean lat.: 502.515ms, rate sampling interval: 2473ms
  Thread calibration: mean lat.: 450.906ms, rate sampling interval: 2252ms
  Thread Stats   Avg      Stdev     Max   +/- Stdev
    Latency     4.09s     5.76s   22.97s    85.28%
    Req/Sec    22.71      3.49    34.00     81.58%
  Latency Distribution (HdrHistogram - Recorded Latency)
 50.000%  986.62ms
 75.000%    5.64s 
 90.000%   14.16s 
 99.000%   21.64s 
 99.900%   22.72s 
 99.990%   22.95s 
 99.999%   22.99s 
100.000%   22.99s 

  Detailed Percentile spectrum:
       Value   Percentile   TotalCount 1/(1-Percentile)

       8.863     0.000000            1         1.00
      64.383     0.100000         1002         1.11
      96.127     0.200000         2003         1.25
     135.295     0.300000         3007         1.43
     283.391     0.400000         4004         1.67
     986.623     0.500000         5004         2.00
    1852.415     0.550000         5505         2.22
    2940.927     0.600000         6005         2.50
    4333.567     0.650000         6510         2.86
    5148.671     0.700000         7007         3.33
    5640.191     0.750000         7508         4.00
    5885.951     0.775000         7757         4.44
    6111.231     0.800000         8010         5.00
    7155.711     0.825000         8257         5.71
    9535.487     0.850000         8507         6.67
   11698.175     0.875000         8757         8.00
   12976.127     0.887500         8883         8.89
   14163.967     0.900000         9008        10.00
   15302.655     0.912500         9133        11.43
   16400.383     0.925000         9258        13.33
   17448.959     0.937500         9383        16.00
   17973.247     0.943750         9447        17.78
   18464.767     0.950000         9508        20.00
   19234.815     0.956250         9572        22.86
   19611.647     0.962500         9633        26.67
   20004.863     0.968750         9702        32.00
   20119.551     0.971875         9729        35.56
   20348.927     0.975000         9758        40.00
   20561.919     0.978125         9791        45.71
   20758.527     0.981250         9822        53.33
   21069.823     0.984375         9852        64.00
   21184.511     0.985938         9868        71.11
   21397.503     0.987500         9883        80.00
   21577.727     0.989062         9899        91.43
   21708.799     0.990625         9915       106.67
   21889.023     0.992188         9930       128.00
   22020.095     0.992969         9938       142.22
   22085.631     0.993750         9946       160.00
   22167.551     0.994531         9954       182.86
   22249.471     0.995313         9966       213.33
   22298.623     0.996094         9969       256.00
   22413.311     0.996484         9974       284.44
   22462.463     0.996875         9980       320.00
   22478.847     0.997266         9981       365.71
   22527.999     0.997656         9985       426.67
   22626.303     0.998047         9990       512.00
   22642.687     0.998242         9991       568.89
   22675.455     0.998437         9994       640.00
   22691.839     0.998633         9997       731.43
   22691.839     0.998828         9997       853.33
   22740.991     0.999023         9999      1024.00
   22806.527     0.999121        10001      1137.78
   22806.527     0.999219        10001      1280.00
   22822.911     0.999316        10003      1462.86
   22822.911     0.999414        10003      1706.67
   22872.063     0.999512        10005      2048.00
   22872.063     0.999561        10005      2275.56
   22872.063     0.999609        10005      2560.00
   22872.063     0.999658        10005      2925.71
   22904.831     0.999707        10006      3413.33
   22904.831     0.999756        10006      4096.00
   22904.831     0.999780        10006      4551.11
   22953.983     0.999805        10007      5120.00
   22953.983     0.999829        10007      5851.43
   22953.983     0.999854        10007      6826.67
   22953.983     0.999878        10007      8192.00
   22953.983     0.999890        10007      9102.22
   22986.751     0.999902        10008     10240.00
   22986.751     1.000000        10008          inf
#[Mean    =     4085.568, StdDeviation   =     5763.967]
#[Max     =    22970.368, Total count    =        10008]
#[Buckets =           27, SubBuckets     =         2048]
----------------------------------------------------------
  10916 requests in 2.00m, 159.64MB read
Requests/sec:     90.95
Transfer/sec:      1.33MB
