Running 2m test @ http://10.108.73.23:9080/productpage
  4 threads and 10 connections
  Thread calibration: mean lat.: 1771.694ms, rate sampling interval: 6090ms
  Thread calibration: mean lat.: 1974.253ms, rate sampling interval: 7548ms
  Thread calibration: mean lat.: 1773.770ms, rate sampling interval: 6627ms
  Thread calibration: mean lat.: 2611.569ms, rate sampling interval: 8404ms
  Thread Stats   Avg      Stdev     Max   +/- Stdev
    Latency    22.12s    11.16s   48.82s    60.93%
    Req/Sec    16.67      1.96    22.00     88.52%
  Latency Distribution (HdrHistogram - Recorded Latency)
 50.000%   21.12s 
 75.000%   29.85s 
 90.000%   39.22s 
 99.000%   45.74s 
 99.900%   48.33s 
 99.990%   48.66s 
 99.999%   48.86s 
100.000%   48.86s 

  Detailed Percentile spectrum:
       Value   Percentile   TotalCount 1/(1-Percentile)

    2897.919     0.000000            1         1.00
    7962.623     0.100000          750         1.11
   11280.383     0.200000         1503         1.25
   14852.095     0.300000         2250         1.43
   18120.703     0.400000         3004         1.67
   21118.975     0.500000         3754         2.00
   22216.703     0.550000         4127         2.22
   23904.255     0.600000         4500         2.50
   25706.495     0.650000         4879         2.86
   27246.591     0.700000         5250         3.33
   29851.647     0.750000         5626         4.00
   31424.511     0.775000         5815         4.44
   33144.831     0.800000         6001         5.00
   34766.847     0.825000         6190         5.71
   36143.103     0.850000         6376         6.67
   37715.967     0.875000         6567         8.00
   38502.399     0.887500         6659         8.89
   39223.295     0.900000         6750        10.00
   39747.583     0.912500         6845        11.43
   40566.783     0.925000         6938        13.33
   41385.983     0.937500         7032        16.00
   41746.431     0.943750         7081        17.78
   42172.415     0.950000         7128        20.00
   42598.399     0.956250         7172        22.86
   42926.079     0.962500         7225        26.67
   43220.991     0.968750         7266        32.00
   43515.903     0.971875         7291        35.56
   43712.511     0.975000         7315        40.00
   43876.351     0.978125         7336        45.71
   44269.567     0.981250         7360        53.33
   44924.927     0.984375         7383        64.00
   45154.303     0.985938         7396        71.11
   45350.911     0.987500         7407        80.00
   45514.751     0.989062         7418        91.43
   46104.575     0.990625         7431       106.67
   46497.791     0.992188         7442       128.00
   46759.935     0.992969         7448       142.22
   46956.543     0.993750         7454       160.00
   47153.151     0.994531         7460       182.86
   47382.527     0.995313         7465       213.33
   47775.743     0.996094         7471       256.00
   47808.511     0.996484         7476       284.44
   47841.279     0.996875         7479       320.00
   47874.047     0.997266         7481       365.71
   48005.119     0.997656         7483       426.67
   48103.423     0.998047         7486       512.00
   48136.191     0.998242         7487       568.89
   48234.495     0.998437         7489       640.00
   48267.263     0.998633         7490       731.43
   48300.031     0.998828         7492       853.33
   48332.799     0.999023         7494      1024.00
   48332.799     0.999121         7494      1137.78
   48398.335     0.999219         7495      1280.00
   48398.335     0.999316         7495      1462.86
   48431.103     0.999414         7496      1706.67
   48529.407     0.999512         7498      2048.00
   48529.407     0.999561         7498      2275.56
   48529.407     0.999609         7498      2560.00
   48529.407     0.999658         7498      2925.71
   48529.407     0.999707         7498      3413.33
   48660.479     0.999756         7499      4096.00
   48660.479     0.999780         7499      4551.11
   48660.479     0.999805         7499      5120.00
   48660.479     0.999829         7499      5851.43
   48660.479     0.999854         7499      6826.67
   48857.087     0.999878         7500      8192.00
   48857.087     1.000000         7500          inf
#[Mean    =    22117.003, StdDeviation   =    11158.985]
#[Max     =    48824.320, Total count    =         7500]
#[Buckets =           27, SubBuckets     =         2048]
----------------------------------------------------------
  8113 requests in 2.00m, 118.65MB read
Requests/sec:     67.60
Transfer/sec:      0.99MB
