Running 2m test @ http://10.108.73.23:9080/productpage
  4 threads and 10 connections
  Thread calibration: mean lat.: 1294.586ms, rate sampling interval: 5316ms
  Thread calibration: mean lat.: 1223.984ms, rate sampling interval: 4005ms
  Thread calibration: mean lat.: 1280.075ms, rate sampling interval: 3915ms
  Thread calibration: mean lat.: 1330.330ms, rate sampling interval: 4767ms
  Thread Stats   Avg      Stdev     Max   +/- Stdev
    Latency    12.26s     7.38s   30.20s    65.62%
    Req/Sec    16.38      1.86    22.00     93.88%
  Latency Distribution (HdrHistogram - Recorded Latency)
 50.000%    9.17s 
 75.000%   18.32s 
 90.000%   23.97s 
 99.000%   28.67s 
 99.900%   29.92s 
 99.990%   30.08s 
 99.999%   30.21s 
100.000%   30.21s 

  Detailed Percentile spectrum:
       Value   Percentile   TotalCount 1/(1-Percentile)

    1856.511     0.000000            1         1.00
    4472.831     0.100000          739         1.11
    6139.903     0.200000         1474         1.25
    7192.575     0.300000         2213         1.43
    7974.911     0.400000         2948         1.67
    9166.847     0.500000         3683         2.00
   10092.543     0.550000         4049         2.22
   11657.215     0.600000         4418         2.50
   13844.479     0.650000         4786         2.86
   16146.431     0.700000         5153         3.33
   18317.311     0.750000         5524         4.00
   19398.655     0.775000         5707         4.44
   20414.463     0.800000         5889         5.00
   21299.199     0.825000         6078         5.71
   22233.087     0.850000         6257         6.67
   23183.359     0.875000         6442         8.00
   23527.423     0.887500         6534         8.89
   23969.791     0.900000         6626        10.00
   24461.311     0.912500         6722        11.43
   25018.367     0.925000         6809        13.33
   25788.415     0.937500         6902        16.00
   26148.863     0.943750         6948        17.78
   26411.007     0.950000         6994        20.00
   26558.463     0.956250         7042        22.86
   26738.687     0.962500         7086        26.67
   27279.359     0.968750         7132        32.00
   27361.279     0.971875         7155        35.56
   27541.503     0.975000         7178        40.00
   27754.495     0.978125         7203        45.71
   27836.415     0.981250         7224        53.33
   28164.095     0.984375         7246        64.00
   28295.167     0.985938         7258        71.11
   28459.007     0.987500         7270        80.00
   28655.615     0.989062         7285        91.43
   28704.767     0.990625         7292       106.67
   28803.071     0.992188         7304       128.00
   28884.991     0.992969         7311       142.22
   28966.911     0.993750         7316       160.00
   29163.519     0.994531         7322       182.86
   29278.207     0.995313         7329       213.33
   29425.663     0.996094         7333       256.00
   29589.503     0.996484         7336       284.44
   29769.727     0.996875         7339       320.00
   29802.495     0.997266         7342       365.71
   29835.263     0.997656         7347       426.67
   29835.263     0.998047         7347       512.00
   29851.647     0.998242         7350       568.89
   29851.647     0.998437         7350       640.00
   29868.031     0.998633         7352       731.43
   29900.799     0.998828         7353       853.33
   29917.183     0.999023         7355      1024.00
   29917.183     0.999121         7355      1137.78
   29949.951     0.999219         7356      1280.00
   29949.951     0.999316         7356      1462.86
   29982.719     0.999414         7357      1706.67
   29999.103     0.999512         7358      2048.00
   29999.103     0.999561         7358      2275.56
   30081.023     0.999609         7360      2560.00
   30081.023     0.999658         7360      2925.71
   30081.023     0.999707         7360      3413.33
   30081.023     0.999756         7360      4096.00
   30081.023     0.999780         7360      4551.11
   30081.023     0.999805         7360      5120.00
   30081.023     0.999829         7360      5851.43
   30081.023     0.999854         7360      6826.67
   30212.095     0.999878         7361      8192.00
   30212.095     1.000000         7361          inf
#[Mean    =    12263.247, StdDeviation   =     7382.798]
#[Max     =    30195.712, Total count    =         7361]
#[Buckets =           27, SubBuckets     =         2048]
----------------------------------------------------------
  7969 requests in 2.00m, 116.55MB read
Requests/sec:     66.40
Transfer/sec:      0.97MB
