Running 2m test @ http://10.97.31.177:9080/productpage
  2 threads and 10 connections
  Thread calibration: mean lat.: 87.124ms, rate sampling interval: 295ms
  Thread calibration: mean lat.: 58.672ms, rate sampling interval: 197ms
  Thread Stats   Avg      Stdev     Max   +/- Stdev
    Latency   206.87ms  309.42ms   2.00s    86.50%
    Req/Sec    74.67      6.77   102.00     77.40%
  Latency Distribution (HdrHistogram - Recorded Latency)
 50.000%   87.74ms
 75.000%  165.63ms
 90.000%  613.38ms
 99.000%    1.66s 
 99.900%    1.90s 
 99.990%    1.98s 
 99.999%    2.00s 
100.000%    2.00s 

  Detailed Percentile spectrum:
       Value   Percentile   TotalCount 1/(1-Percentile)

       8.423     0.000000            1         1.00
      31.375     0.100000         1648         1.11
      47.487     0.200000         3297         1.25
      60.319     0.300000         4944         1.43
      75.135     0.400000         6599         1.67
      87.743     0.500000         8241         2.00
      94.271     0.550000         9070         2.22
     103.295     0.600000         9891         2.50
     116.543     0.650000        10713         2.86
     136.191     0.700000        11539         3.33
     165.631     0.750000        12363         4.00
     190.207     0.775000        12772         4.44
     233.343     0.800000        13185         5.00
     321.535     0.825000        13596         5.71
     465.407     0.850000        14008         6.67
     546.303     0.875000        14420         8.00
     581.631     0.887500        14628         8.89
     613.375     0.900000        14834        10.00
     651.775     0.912500        15038        11.43
     701.439     0.925000        15246        13.33
     752.127     0.937500        15451        16.00
     779.775     0.943750        15554        17.78
     823.295     0.950000        15657        20.00
     879.615     0.956250        15760        22.86
     957.439     0.962500        15863        26.67
    1058.815     0.968750        15965        32.00
    1102.847     0.971875        16017        35.56
    1138.687     0.975000        16068        40.00
    1218.559     0.978125        16120        45.71
    1456.127     0.981250        16171        53.33
    1525.759     0.984375        16223        64.00
    1565.695     0.985938        16249        71.11
    1617.919     0.987500        16275        80.00
    1639.423     0.989062        16301        91.43
    1665.023     0.990625        16326       106.67
    1690.623     0.992188        16353       128.00
    1714.175     0.992969        16365       142.22
    1732.607     0.993750        16379       160.00
    1744.895     0.994531        16390       182.86
    1754.111     0.995313        16404       213.33
    1763.327     0.996094        16416       256.00
    1770.495     0.996484        16426       284.44
    1774.591     0.996875        16429       320.00
    1785.855     0.997266        16435       365.71
    1796.095     0.997656        16442       426.67
    1816.575     0.998047        16448       512.00
    1831.935     0.998242        16453       568.89
    1840.127     0.998437        16455       640.00
    1867.775     0.998633        16458       731.43
    1881.087     0.998828        16461       853.33
    1896.447     0.999023        16464      1024.00
    1907.711     0.999121        16466      1137.78
    1924.095     0.999219        16468      1280.00
    1925.119     0.999316        16469      1462.86
    1929.215     0.999414        16471      1706.67
    1932.287     0.999512        16472      2048.00
    1944.575     0.999561        16473      2275.56
    1948.671     0.999609        16474      2560.00
    1967.103     0.999658        16475      2925.71
    1969.151     0.999707        16476      3413.33
    1969.151     0.999756        16476      4096.00
    1974.271     0.999780        16477      4551.11
    1974.271     0.999805        16477      5120.00
    1977.343     0.999829        16478      5851.43
    1977.343     0.999854        16478      6826.67
    1977.343     0.999878        16478      8192.00
    1978.367     0.999890        16479      9102.22
    1978.367     0.999902        16479     10240.00
    1978.367     0.999915        16479     11702.86
    1978.367     0.999927        16479     13653.33
    1978.367     0.999939        16479     16384.00
    1997.823     0.999945        16480     18204.44
    1997.823     1.000000        16480          inf
#[Mean    =      206.873, StdDeviation   =      309.415]
#[Max     =     1996.800, Total count    =        16480]
#[Buckets =           27, SubBuckets     =         2048]
----------------------------------------------------------
  17977 requests in 2.00m, 262.91MB read
Requests/sec:    149.80
Transfer/sec:      2.19MB
