Running 2m test @ http://10.97.31.177:9080/productpage
  2 threads and 10 connections
  Thread calibration: mean lat.: 277.701ms, rate sampling interval: 1639ms
  Thread calibration: mean lat.: 392.347ms, rate sampling interval: 1379ms
  Thread Stats   Avg      Stdev     Max   +/- Stdev
    Latency   235.66ms  273.50ms   1.52s    85.79%
    Req/Sec    49.72      1.79    54.00     89.73%
  Latency Distribution (HdrHistogram - Recorded Latency)
 50.000%  117.50ms
 75.000%  240.13ms
 90.000%  665.60ms
 99.000%    1.23s 
 99.900%    1.45s 
 99.990%    1.51s 
 99.999%    1.52s 
100.000%    1.52s 

  Detailed Percentile spectrum:
       Value   Percentile   TotalCount 1/(1-Percentile)

       8.831     0.000000            1         1.00
      51.391     0.100000         1106         1.11
      71.039     0.200000         2206         1.25
      89.919     0.300000         3311         1.43
     105.279     0.400000         4412         1.67
     117.503     0.500000         5518         2.00
     124.735     0.550000         6068         2.22
     135.935     0.600000         6619         2.50
     160.767     0.650000         7169         2.86
     200.959     0.700000         7721         3.33
     240.127     0.750000         8272         4.00
     290.815     0.775000         8550         4.44
     333.823     0.800000         8824         5.00
     408.063     0.825000         9099         5.71
     477.951     0.850000         9375         6.67
     571.391     0.875000         9652         8.00
     612.351     0.887500         9791         8.89
     666.111     0.900000         9927        10.00
     726.015     0.912500        10066        11.43
     791.551     0.925000        10202        13.33
     837.631     0.937500        10340        16.00
     863.743     0.943750        10409        17.78
     896.511     0.950000        10478        20.00
     921.599     0.956250        10548        22.86
     956.415     0.962500        10616        26.67
    1010.175     0.968750        10685        32.00
    1030.143     0.971875        10720        35.56
    1067.007     0.975000        10754        40.00
    1102.847     0.978125        10788        45.71
    1125.375     0.981250        10823        53.33
    1156.095     0.984375        10857        64.00
    1181.695     0.985938        10875        71.11
    1198.079     0.987500        10892        80.00
    1221.631     0.989062        10912        91.43
    1233.919     0.990625        10930       106.67
    1245.183     0.992188        10943       128.00
    1267.711     0.992969        10952       142.22
    1279.999     0.993750        10961       160.00
    1292.287     0.994531        10969       182.86
    1303.551     0.995313        10978       213.33
    1311.743     0.996094        10986       256.00
    1324.031     0.996484        10991       284.44
    1331.199     0.996875        10995       320.00
    1354.751     0.997266        10999       365.71
    1364.991     0.997656        11004       426.67
    1383.423     0.998047        11008       512.00
    1395.711     0.998242        11010       568.89
    1409.023     0.998437        11012       640.00
    1412.095     0.998633        11014       731.43
    1444.863     0.998828        11017       853.33
    1455.103     0.999023        11019      1024.00
    1471.487     0.999121        11020      1137.78
    1474.559     0.999219        11021      1280.00
    1486.847     0.999316        11022      1462.86
    1488.895     0.999414        11023      1706.67
    1491.967     0.999512        11024      2048.00
    1504.255     0.999561        11025      2275.56
    1504.255     0.999609        11025      2560.00
    1505.279     0.999658        11026      2925.71
    1505.279     0.999707        11026      3413.33
    1507.327     0.999756        11027      4096.00
    1507.327     0.999780        11027      4551.11
    1507.327     0.999805        11027      5120.00
    1514.495     0.999829        11028      5851.43
    1514.495     0.999854        11028      6826.67
    1514.495     0.999878        11028      8192.00
    1514.495     0.999890        11028      9102.22
    1514.495     0.999902        11028     10240.00
    1516.543     0.999915        11029     11702.86
    1516.543     1.000000        11029          inf
#[Mean    =      235.664, StdDeviation   =      273.498]
#[Max     =     1515.520, Total count    =        11029]
#[Buckets =           27, SubBuckets     =         2048]
----------------------------------------------------------
  11997 requests in 2.00m, 175.46MB read
Requests/sec:     99.97
Transfer/sec:      1.46MB
