Running 3m test @ http://10.105.92.109:11003/d?value=1
  4 threads and 10 connections
  Thread calibration: mean lat.: 15.538ms, rate sampling interval: 41ms
  Thread calibration: mean lat.: 12.396ms, rate sampling interval: 41ms
  Thread calibration: mean lat.: 12.303ms, rate sampling interval: 41ms
  Thread calibration: mean lat.: 10.402ms, rate sampling interval: 32ms
  Thread Stats   Avg      Stdev     Max   +/- Stdev
    Latency    12.74ms    5.91ms  34.59ms   60.44%
    Req/Sec    37.65     18.46    73.00     76.61%
  Latency Distribution (HdrHistogram - Recorded Latency)
 50.000%   13.38ms
 75.000%   17.38ms
 90.000%   20.51ms
 99.000%   24.82ms
 99.900%   27.39ms
 99.990%   29.69ms
 99.999%   34.62ms
100.000%   34.62ms

  Detailed Percentile spectrum:
       Value   Percentile   TotalCount 1/(1-Percentile)

       2.443     0.000000            1         1.00
       4.643     0.100000         2554         1.11
       6.551     0.200000         5102         1.25
       7.975     0.300000         7649         1.43
      10.871     0.400000        10199         1.67
      13.375     0.500000        12753         2.00
      14.167     0.550000        14033         2.22
      14.991     0.600000        15304         2.50
      15.767     0.650000        16573         2.86
      16.559     0.700000        17862         3.33
      17.375     0.750000        19147         4.00
      17.791     0.775000        19778         4.44
      18.223     0.800000        20415         5.00
      18.719     0.825000        21036         5.71
      19.247     0.850000        21681         6.67
      19.839     0.875000        22316         8.00
      20.159     0.887500        22633         8.89
      20.511     0.900000        22951        10.00
      20.879     0.912500        23274        11.43
      21.295     0.925000        23587        13.33
      21.727     0.937500        23909        16.00
      21.967     0.943750        24068        17.78
      22.207     0.950000        24226        20.00
      22.479     0.956250        24384        22.86
      22.799     0.962500        24544        26.67
      23.199     0.968750        24708        32.00
      23.391     0.971875        24780        35.56
      23.551     0.975000        24862        40.00
      23.759     0.978125        24948        45.71
      23.967     0.981250        25020        53.33
      24.207     0.984375        25099        64.00
      24.319     0.985938        25138        71.11
      24.495     0.987500        25178        80.00
      24.687     0.989062        25218        91.43
      24.927     0.990625        25258       106.67
      25.135     0.992188        25298       128.00
      25.263     0.992969        25317       142.22
      25.423     0.993750        25338       160.00
      25.583     0.994531        25359       182.86
      25.759     0.995313        25377       213.33
      25.967     0.996094        25399       256.00
      26.031     0.996484        25407       284.44
      26.127     0.996875        25418       320.00
      26.271     0.997266        25427       365.71
      26.447     0.997656        25437       426.67
      26.623     0.998047        25447       512.00
      27.007     0.998242        25452       568.89
      27.135     0.998437        25457       640.00
      27.199     0.998633        25462       731.43
      27.327     0.998828        25467       853.33
      27.423     0.999023        25472      1024.00
      27.583     0.999121        25474      1137.78
      27.727     0.999219        25477      1280.00
      27.775     0.999316        25479      1462.86
      28.367     0.999414        25482      1706.67
      28.463     0.999512        25484      2048.00
      28.479     0.999561        25485      2275.56
      29.087     0.999609        25487      2560.00
      29.135     0.999658        25488      2925.71
      29.167     0.999707        25489      3413.33
      29.183     0.999756        25490      4096.00
      29.599     0.999780        25491      4551.11
      29.615     0.999805        25492      5120.00
      29.615     0.999829        25492      5851.43
      29.695     0.999854        25493      6826.67
      29.695     0.999878        25493      8192.00
      31.295     0.999890        25494      9102.22
      31.295     0.999902        25494     10240.00
      31.295     0.999915        25494     11702.86
      33.023     0.999927        25495     13653.33
      33.023     0.999939        25495     16384.00
      33.023     0.999945        25495     18204.44
      33.023     0.999951        25495     20480.00
      33.023     0.999957        25495     23405.71
      34.623     0.999963        25496     27306.67
      34.623     1.000000        25496          inf
#[Mean    =       12.740, StdDeviation   =        5.909]
#[Max     =       34.592, Total count    =        25496]
#[Buckets =           27, SubBuckets     =         2048]
----------------------------------------------------------
  27004 requests in 3.00m, 6.38MB read
Requests/sec:    150.01
Transfer/sec:     36.26KB
