Running 3m test @ http://10.105.92.109:11003/d?value=1
  4 threads and 10 connections
  Thread calibration: mean lat.: 9.613ms, rate sampling interval: 33ms
  Thread calibration: mean lat.: 5.596ms, rate sampling interval: 17ms
  Thread calibration: mean lat.: 13.719ms, rate sampling interval: 33ms
  Thread calibration: mean lat.: 9.638ms, rate sampling interval: 27ms
  Thread Stats   Avg      Stdev     Max   +/- Stdev
    Latency     9.80ms    4.55ms  33.92ms   56.07%
    Req/Sec    50.76     36.37   125.00     65.26%
  Latency Distribution (HdrHistogram - Recorded Latency)
 50.000%    9.99ms
 75.000%   13.55ms
 90.000%   15.58ms
 99.000%   19.12ms
 99.900%   24.70ms
 99.990%   32.43ms
 99.999%   33.95ms
100.000%   33.95ms

  Detailed Percentile spectrum:
       Value   Percentile   TotalCount 1/(1-Percentile)

       2.755     0.000000            1         1.00
       4.251     0.100000         3414         1.11
       4.807     0.200000         6801         1.25
       5.575     0.300000        10200         1.43
       7.467     0.400000        13603         1.67
       9.991     0.500000        17003         2.00
      11.327     0.550000        18719         2.22
      12.079     0.600000        20409         2.50
      12.583     0.650000        22106         2.86
      13.039     0.700000        23810         3.33
      13.551     0.750000        25514         4.00
      13.815     0.775000        26373         4.44
      14.071     0.800000        27208         5.00
      14.351     0.825000        28055         5.71
      14.711     0.850000        28915         6.67
      15.143     0.875000        29755         8.00
      15.359     0.887500        30182         8.89
      15.583     0.900000        30597        10.00
      15.871     0.912500        31022        11.43
      16.159     0.925000        31458        13.33
      16.495     0.937500        31875        16.00
      16.671     0.943750        32085        17.78
      16.911     0.950000        32316        20.00
      17.135     0.956250        32522        22.86
      17.375     0.962500        32723        26.67
      17.663     0.968750        32935        32.00
      17.839     0.971875        33046        35.56
      18.031     0.975000        33149        40.00
      18.207     0.978125        33260        45.71
      18.399     0.981250        33362        53.33
      18.575     0.984375        33470        64.00
      18.687     0.985938        33522        71.11
      18.799     0.987500        33576        80.00
      18.959     0.989062        33625        91.43
      19.215     0.990625        33682       106.67
      19.423     0.992188        33733       128.00
      19.535     0.992969        33758       142.22
      19.663     0.993750        33785       160.00
      19.839     0.994531        33811       182.86
      20.031     0.995313        33837       213.33
      20.383     0.996094        33866       256.00
      20.559     0.996484        33880       284.44
      20.655     0.996875        33891       320.00
      20.815     0.997266        33904       365.71
      21.119     0.997656        33917       426.67
      21.679     0.998047        33930       512.00
      22.111     0.998242        33937       568.89
      22.415     0.998437        33943       640.00
      22.671     0.998633        33951       731.43
      23.327     0.998828        33957       853.33
      24.927     0.999023        33963      1024.00
      25.807     0.999121        33967      1137.78
      26.175     0.999219        33970      1280.00
      26.255     0.999316        33973      1462.86
      27.375     0.999414        33977      1706.67
      28.303     0.999512        33980      2048.00
      28.687     0.999561        33982      2275.56
      28.783     0.999609        33983      2560.00
      29.151     0.999658        33985      2925.71
      29.487     0.999707        33987      3413.33
      29.935     0.999756        33988      4096.00
      30.159     0.999780        33989      4551.11
      30.223     0.999805        33990      5120.00
      31.103     0.999829        33991      5851.43
      31.167     0.999854        33992      6826.67
      31.167     0.999878        33992      8192.00
      32.431     0.999890        33993      9102.22
      32.431     0.999902        33993     10240.00
      32.479     0.999915        33994     11702.86
      32.479     0.999927        33994     13653.33
      32.479     0.999939        33994     16384.00
      33.695     0.999945        33995     18204.44
      33.695     0.999951        33995     20480.00
      33.695     0.999957        33995     23405.71
      33.695     0.999963        33995     27306.67
      33.695     0.999969        33995     32768.00
      33.951     0.999973        33996     36408.89
      33.951     1.000000        33996          inf
#[Mean    =        9.802, StdDeviation   =        4.550]
#[Max     =       33.920, Total count    =        33996]
#[Buckets =           27, SubBuckets     =         2048]
----------------------------------------------------------
  36005 requests in 3.00m, 8.49MB read
Requests/sec:    200.01
Transfer/sec:     48.32KB
