Running 2m test @ http://10.97.31.177:9080/productpage
  2 threads and 10 connections
  Thread calibration: mean lat.: 816.816ms, rate sampling interval: 5873ms
  Thread calibration: mean lat.: 1141.322ms, rate sampling interval: 6709ms
  Thread Stats   Avg      Stdev     Max   +/- Stdev
    Latency     5.82s     6.17s   16.02s    72.46%
    Req/Sec    72.44      5.98    84.00     79.41%
  Latency Distribution (HdrHistogram - Recorded Latency)
 50.000%  207.10ms
 75.000%   12.25s 
 90.000%   14.16s 
 99.000%   15.48s 
 99.900%   15.89s 
 99.990%   16.00s 
 99.999%   16.03s 
100.000%   16.03s 

  Detailed Percentile spectrum:
       Value   Percentile   TotalCount 1/(1-Percentile)

      10.007     0.000000            1         1.00
      20.655     0.100000         1609         1.11
      56.991     0.200000         3214         1.25
      63.775     0.300000         4831         1.43
      87.871     0.400000         6426         1.67
     207.103     0.500000         8032         2.00
    7520.255     0.550000         8837         2.22
    9740.287     0.600000         9642         2.50
   10747.903     0.650000        10445         2.86
   11730.943     0.700000        11250         3.33
   12247.039     0.750000        12056         4.00
   12566.527     0.775000        12456         4.44
   12746.751     0.800000        12867         5.00
   12951.551     0.825000        13261         5.71
   13385.727     0.850000        13656         6.67
   13885.439     0.875000        14064         8.00
   14032.895     0.887500        14268         8.89
   14163.967     0.900000        14460        10.00
   14327.807     0.912500        14664        11.43
   14524.415     0.925000        14861        13.33
   14680.063     0.937500        15067        16.00
   14745.599     0.943750        15174        17.78
   14811.135     0.950000        15264        20.00
   14909.439     0.956250        15368        22.86
   14991.359     0.962500        15466        26.67
   15097.855     0.968750        15574        32.00
   15130.623     0.971875        15616        35.56
   15171.583     0.975000        15674        40.00
   15212.543     0.978125        15723        45.71
   15261.695     0.981250        15764        53.33
   15327.231     0.984375        15817        64.00
   15368.191     0.985938        15839        71.11
   15400.959     0.987500        15869        80.00
   15450.111     0.989062        15890        91.43
   15507.455     0.990625        15917       106.67
   15548.415     0.992188        15940       128.00
   15597.567     0.992969        15954       142.22
   15622.143     0.993750        15965       160.00
   15646.719     0.994531        15983       182.86
   15671.295     0.995313        15989       213.33
   15728.639     0.996094        16003       256.00
   15761.407     0.996484        16008       284.44
   15794.175     0.996875        16015       320.00
   15810.559     0.997266        16022       365.71
   15835.135     0.997656        16030       426.67
   15851.519     0.998047        16034       512.00
   15867.903     0.998242        16039       568.89
   15867.903     0.998437        16039       640.00
   15876.095     0.998633        16043       731.43
   15884.287     0.998828        16046       853.33
   15900.671     0.999023        16049      1024.00
   15917.055     0.999121        16050      1137.78
   15925.247     0.999219        16055      1280.00
   15925.247     0.999316        16055      1462.86
   15925.247     0.999414        16055      1706.67
   15949.823     0.999512        16057      2048.00
   15949.823     0.999561        16057      2275.56
   15982.591     0.999609        16059      2560.00
   15982.591     0.999658        16059      2925.71
   15990.783     0.999707        16061      3413.33
   15990.783     0.999756        16061      4096.00
   15990.783     0.999780        16061      4551.11
   15990.783     0.999805        16061      5120.00
   15998.975     0.999829        16063      5851.43
   15998.975     0.999854        16063      6826.67
   15998.975     0.999878        16063      8192.00
   15998.975     0.999890        16063      9102.22
   15998.975     0.999902        16063     10240.00
   15998.975     0.999915        16063     11702.86
   15998.975     0.999927        16063     13653.33
   16031.743     0.999939        16064     16384.00
   16031.743     1.000000        16064          inf
#[Mean    =     5820.686, StdDeviation   =     6171.912]
#[Max     =    16023.552, Total count    =        16064]
#[Buckets =           27, SubBuckets     =         2048]
----------------------------------------------------------
  17244 requests in 2.00m, 252.17MB read
Requests/sec:    143.69
Transfer/sec:      2.10MB
