Running 3m test @ http://10.108.73.23:9080/productpage
  4 threads and 10 connections
  Thread calibration: mean lat.: 242.220ms, rate sampling interval: 1180ms
  Thread calibration: mean lat.: 102.597ms, rate sampling interval: 469ms
  Thread calibration: mean lat.: 91.595ms, rate sampling interval: 333ms
  Thread calibration: mean lat.: 194.322ms, rate sampling interval: 727ms
  Thread Stats   Avg      Stdev     Max   +/- Stdev
    Latency   180.59ms  180.06ms   1.14s    87.94%
    Req/Sec    24.70      3.55    39.00     81.27%
  Latency Distribution (HdrHistogram - Recorded Latency)
 50.000%  124.42ms
 75.000%  238.08ms
 90.000%  395.01ms
 99.000%  919.55ms
 99.900%    1.08s 
 99.990%    1.13s 
 99.999%    1.14s 
100.000%    1.14s 

  Detailed Percentile spectrum:
       Value   Percentile   TotalCount 1/(1-Percentile)

       8.311     0.000000            1         1.00
      17.887     0.100000         1702         1.11
      55.743     0.200000         3401         1.25
      70.655     0.300000         5102         1.43
      95.551     0.400000         6801         1.67
     124.415     0.500000         8503         2.00
     139.519     0.550000         9358         2.22
     157.823     0.600000        10202         2.50
     181.119     0.650000        11051         2.86
     207.999     0.700000        11901         3.33
     238.207     0.750000        12754         4.00
     257.791     0.775000        13179         4.44
     278.527     0.800000        13601         5.00
     301.823     0.825000        14032         5.71
     327.679     0.850000        14453         6.67
     356.351     0.875000        14880         8.00
     372.223     0.887500        15088         8.89
     395.007     0.900000        15301        10.00
     422.399     0.912500        15515        11.43
     457.727     0.925000        15725        13.33
     494.847     0.937500        15937        16.00
     520.703     0.943750        16043        17.78
     546.303     0.950000        16151        20.00
     577.535     0.956250        16256        22.86
     617.471     0.962500        16363        26.67
     666.111     0.968750        16469        32.00
     688.639     0.971875        16521        35.56
     721.919     0.975000        16575        40.00
     752.127     0.978125        16628        45.71
     782.335     0.981250        16681        53.33
     830.975     0.984375        16734        64.00
     860.159     0.985938        16760        71.11
     891.391     0.987500        16787        80.00
     908.287     0.989062        16814        91.43
     925.695     0.990625        16840       106.67
     956.415     0.992188        16868       128.00
     965.631     0.992969        16881       142.22
     974.847     0.993750        16895       160.00
     990.719     0.994531        16907       182.86
    1011.199     0.995313        16920       213.33
    1026.559     0.996094        16934       256.00
    1033.727     0.996484        16941       284.44
    1037.823     0.996875        16946       320.00
    1042.431     0.997266        16953       365.71
    1049.599     0.997656        16962       426.67
    1053.695     0.998047        16966       512.00
    1059.839     0.998242        16970       568.89
    1074.175     0.998437        16973       640.00
    1076.223     0.998633        16976       731.43
    1081.343     0.998828        16980       853.33
    1086.463     0.999023        16984      1024.00
    1089.535     0.999121        16985      1137.78
    1090.559     0.999219        16987      1280.00
    1092.607     0.999316        16989      1462.86
    1094.655     0.999414        16990      1706.67
    1095.679     0.999512        16991      2048.00
    1103.871     0.999561        16992      2275.56
    1105.919     0.999609        16993      2560.00
    1113.087     0.999658        16994      2925.71
    1119.231     0.999707        16995      3413.33
    1119.231     0.999756        16995      4096.00
    1120.255     0.999780        16996      4551.11
    1120.255     0.999805        16996      5120.00
    1127.423     0.999829        16997      5851.43
    1127.423     0.999854        16997      6826.67
    1127.423     0.999878        16997      8192.00
    1132.543     0.999890        16998      9102.22
    1132.543     0.999902        16998     10240.00
    1132.543     0.999915        16998     11702.86
    1132.543     0.999927        16998     13653.33
    1132.543     0.999939        16998     16384.00
    1138.687     0.999945        16999     18204.44
    1138.687     1.000000        16999          inf
#[Mean    =      180.591, StdDeviation   =      180.061]
#[Max     =     1137.664, Total count    =        16999]
#[Buckets =           27, SubBuckets     =         2048]
----------------------------------------------------------
  17990 requests in 3.00m, 263.08MB read
Requests/sec:     99.93
Transfer/sec:      1.46MB
