Running 3m test @ http://10.108.73.23:9080/productpage
  4 threads and 10 connections
  Thread calibration: mean lat.: 2067.129ms, rate sampling interval: 7221ms
  Thread calibration: mean lat.: 2077.341ms, rate sampling interval: 7626ms
  Thread calibration: mean lat.: 2393.786ms, rate sampling interval: 8208ms
  Thread calibration: mean lat.: 2484.946ms, rate sampling interval: 8757ms
  Thread Stats   Avg      Stdev     Max   +/- Stdev
    Latency    40.65s    21.72s    1.55m    60.50%
    Req/Sec    28.04      2.45    33.00     88.10%
  Latency Distribution (HdrHistogram - Recorded Latency)
 50.000%   40.24s 
 75.000%    0.97m 
 90.000%    1.15m 
 99.000%    1.48m 
 99.900%    1.54m 
 99.990%    1.54m 
 99.999%    1.55m 
100.000%    1.55m 

  Detailed Percentile spectrum:
       Value   Percentile   TotalCount 1/(1-Percentile)

    3579.903     0.000000            1         1.00
   11534.335     0.100000         1931         1.11
   18661.375     0.200000         3859         1.25
   25591.807     0.300000         5789         1.43
   32948.223     0.400000         7714         1.67
   40239.103     0.500000         9650         2.00
   43876.351     0.550000        10619         2.22
   47284.223     0.600000        11576         2.50
   50888.703     0.650000        12535         2.86
   54427.647     0.700000        13508         3.33
   58130.431     0.750000        14470         4.00
   59965.439     0.775000        14948         4.44
   61669.375     0.800000        15433         5.00
   63340.543     0.825000        15918         5.71
   65142.783     0.850000        16392         6.67
   66945.023     0.875000        16874         8.00
   67829.759     0.887500        17115         8.89
   68747.263     0.900000        17368        10.00
   69664.767     0.912500        17603        11.43
   71303.167     0.925000        17850        13.33
   73859.071     0.937500        18079        16.00
   75497.471     0.943750        18203        17.78
   77004.799     0.950000        18324        20.00
   78774.271     0.956250        18442        22.86
   80412.671     0.962500        18561        26.67
   82051.071     0.968750        18682        32.00
   82837.503     0.971875        18748        35.56
   83623.935     0.975000        18808        40.00
   84410.367     0.978125        18866        45.71
   85131.263     0.981250        18925        53.33
   86245.375     0.984375        18985        64.00
   86769.663     0.985938        19013        71.11
   87425.023     0.987500        19045        80.00
   88080.383     0.989062        19074        91.43
   88801.279     0.990625        19105       106.67
   89587.711     0.992188        19134       128.00
   89915.391     0.992969        19149       142.22
   90243.071     0.993750        19166       160.00
   90505.215     0.994531        19180       182.86
   90832.895     0.995313        19195       213.33
   91029.503     0.996094        19209       256.00
   91226.111     0.996484        19219       284.44
   91357.183     0.996875        19224       320.00
   91619.327     0.997266        19232       365.71
   91750.399     0.997656        19239       426.67
   91947.007     0.998047        19247       512.00
   92012.543     0.998242        19251       568.89
   92143.615     0.998437        19255       640.00
   92209.151     0.998633        19259       731.43
   92274.687     0.998828        19264       853.33
   92340.223     0.999023        19266      1024.00
   92405.759     0.999121        19270      1137.78
   92405.759     0.999219        19270      1280.00
   92471.295     0.999316        19272      1462.86
   92536.831     0.999414        19276      1706.67
   92536.831     0.999512        19276      2048.00
   92536.831     0.999561        19276      2275.56
   92602.367     0.999609        19280      2560.00
   92602.367     0.999658        19280      2925.71
   92602.367     0.999707        19280      3413.33
   92602.367     0.999756        19280      4096.00
   92602.367     0.999780        19280      4551.11
   92667.903     0.999805        19283      5120.00
   92667.903     0.999829        19283      5851.43
   92667.903     0.999854        19283      6826.67
   92667.903     0.999878        19283      8192.00
   92667.903     0.999890        19283      9102.22
   92667.903     0.999902        19283     10240.00
   92667.903     0.999915        19283     11702.86
   92667.903     0.999927        19283     13653.33
   92667.903     0.999939        19283     16384.00
   92667.903     0.999945        19283     18204.44
   92798.975     0.999951        19284     20480.00
   92798.975     1.000000        19284          inf
#[Mean    =    40654.379, StdDeviation   =    21724.286]
#[Max     =    92733.440, Total count    =        19284]
#[Buckets =           27, SubBuckets     =         2048]
----------------------------------------------------------
  20421 requests in 3.00m, 298.63MB read
Requests/sec:    113.44
Transfer/sec:      1.66MB
