Running 2m test @ http://10.108.73.23:9080/productpage
  4 threads and 10 connections
  Thread calibration: mean lat.: 75.476ms, rate sampling interval: 257ms
  Thread calibration: mean lat.: 607.708ms, rate sampling interval: 2545ms
  Thread calibration: mean lat.: 241.861ms, rate sampling interval: 1235ms
  Thread calibration: mean lat.: 435.758ms, rate sampling interval: 2443ms
  Thread Stats   Avg      Stdev     Max   +/- Stdev
    Latency   849.32ms    1.50s    5.12s    80.24%
    Req/Sec    24.72      2.80    35.00     85.76%
  Latency Distribution (HdrHistogram - Recorded Latency)
 50.000%   61.25ms
 75.000%  463.36ms
 90.000%    3.89s 
 99.000%    4.87s 
 99.900%    5.08s 
 99.990%    5.11s 
 99.999%    5.12s 
100.000%    5.12s 

  Detailed Percentile spectrum:
       Value   Percentile   TotalCount 1/(1-Percentile)

       8.303     0.000000            1         1.00
      18.319     0.100000         1108         1.11
      22.383     0.200000         2216         1.25
      36.479     0.300000         3317         1.43
      53.791     0.400000         4432         1.67
      61.247     0.500000         5537         2.00
      64.735     0.550000         6084         2.22
      72.767     0.600000         6632         2.50
      85.247     0.650000         7185         2.86
     102.911     0.700000         7738         3.33
     463.359     0.750000         8290         4.00
    1210.367     0.775000         8567         4.44
    2252.799     0.800000         8844         5.00
    2789.375     0.825000         9119         5.71
    3053.567     0.850000         9396         6.67
    3358.719     0.875000         9673         8.00
    3604.479     0.887500         9810         8.89
    3891.199     0.900000         9948        10.00
    3987.455     0.912500        10086        11.43
    4067.327     0.925000        10225        13.33
    4192.255     0.937500        10364        16.00
    4263.935     0.943750        10435        17.78
    4329.471     0.950000        10504        20.00
    4378.623     0.956250        10576        22.86
    4427.775     0.962500        10641        26.67
    4497.407     0.968750        10709        32.00
    4530.175     0.971875        10743        35.56
    4567.039     0.975000        10781        40.00
    4591.615     0.978125        10813        45.71
    4644.863     0.981250        10846        53.33
    4771.839     0.984375        10885        64.00
    4800.511     0.985938        10898        71.11
    4837.375     0.987500        10917        80.00
    4861.951     0.989062        10934        91.43
    4890.623     0.990625        10952       106.67
    4923.391     0.992188        10967       128.00
    4947.967     0.992969        10976       142.22
    4972.543     0.993750        10984       160.00
    4993.023     0.994531        10994       182.86
    5009.407     0.995313        11002       213.33
    5029.887     0.996094        11015       256.00
    5029.887     0.996484        11015       284.44
    5042.175     0.996875        11020       320.00
    5050.367     0.997266        11024       365.71
    5058.559     0.997656        11028       426.67
    5070.847     0.998047        11032       512.00
    5074.943     0.998242        11035       568.89
    5079.039     0.998437        11041       640.00
    5079.039     0.998633        11041       731.43
    5079.039     0.998828        11041       853.33
    5087.231     0.999023        11044      1024.00
    5087.231     0.999121        11044      1137.78
    5091.327     0.999219        11048      1280.00
    5091.327     0.999316        11048      1462.86
    5091.327     0.999414        11048      1706.67
    5091.327     0.999512        11048      2048.00
    5095.423     0.999561        11049      2275.56
    5095.423     0.999609        11049      2560.00
    5099.519     0.999658        11051      2925.71
    5099.519     0.999707        11051      3413.33
    5099.519     0.999756        11051      4096.00
    5099.519     0.999780        11051      4551.11
    5099.519     0.999805        11051      5120.00
    5107.711     0.999829        11052      5851.43
    5107.711     0.999854        11052      6826.67
    5107.711     0.999878        11052      8192.00
    5107.711     0.999890        11052      9102.22
    5107.711     0.999902        11052     10240.00
    5124.095     0.999915        11053     11702.86
    5124.095     1.000000        11053          inf
#[Mean    =      849.320, StdDeviation   =     1500.977]
#[Max     =     5120.000, Total count    =        11053]
#[Buckets =           27, SubBuckets     =         2048]
----------------------------------------------------------
  12000 requests in 2.00m, 175.49MB read
Requests/sec:     99.99
Transfer/sec:      1.46MB
