Running 3m test @ http://10.99.205.204:11000/a?value=1
  4 threads and 10 connections
  Thread calibration: mean lat.: 2032.496ms, rate sampling interval: 7159ms
  Thread calibration: mean lat.: 2050.921ms, rate sampling interval: 7163ms
  Thread calibration: mean lat.: 1863.613ms, rate sampling interval: 6598ms
  Thread calibration: mean lat.: 2044.490ms, rate sampling interval: 7057ms
  Thread Stats   Avg      Stdev     Max   +/- Stdev
    Latency    36.28s    18.64s    1.16m    57.43%
    Req/Sec    15.02      0.56    16.00    100.00%
  Latency Distribution (HdrHistogram - Recorded Latency)
 50.000%   36.63s 
 75.000%    0.87m 
 90.000%    1.03m 
 99.000%    1.13m 
 99.900%    1.15m 
 99.990%    1.16m 
 99.999%    1.16m 
100.000%    1.16m 

  Detailed Percentile spectrum:
       Value   Percentile   TotalCount 1/(1-Percentile)

    3655.679     0.000000            1         1.00
   10215.423     0.100000         1055         1.11
   16793.599     0.200000         2108         1.25
   23412.735     0.300000         3159         1.43
   29900.799     0.400000         4212         1.67
   36634.623     0.500000         5271         2.00
   39780.351     0.550000         5794         2.22
   42696.703     0.600000         6320         2.50
   45973.503     0.650000         6846         2.86
   49315.839     0.700000         7377         3.33
   52396.031     0.750000         7898         4.00
   54034.431     0.775000         8163         4.44
   55672.831     0.800000         8424         5.00
   57147.391     0.825000         8691         5.71
   58654.719     0.850000         8951         6.67
   60325.887     0.875000         9216         8.00
   61145.087     0.887500         9348         8.89
   61931.519     0.900000         9479        10.00
   62750.719     0.912500         9611        11.43
   63537.151     0.925000         9742        13.33
   64356.351     0.937500         9874        16.00
   64749.567     0.943750         9939        17.78
   65175.551     0.950000        10004        20.00
   65634.303     0.956250        10075        22.86
   65994.751     0.962500        10136        26.67
   66453.503     0.968750        10203        32.00
   66682.879     0.971875        10237        35.56
   66879.487     0.975000        10267        40.00
   67108.863     0.978125        10300        45.71
   67371.007     0.981250        10337        53.33
   67633.151     0.984375        10366        64.00
   67764.223     0.985938        10383        71.11
   67829.759     0.987500        10399        80.00
   67895.295     0.989062        10414        91.43
   68091.903     0.990625        10435       106.67
   68222.975     0.992188        10447       128.00
   68354.047     0.992969        10461       142.22
   68419.583     0.993750        10467       160.00
   68485.119     0.994531        10476       182.86
   68550.655     0.995313        10480       213.33
   68681.727     0.996094        10494       256.00
   68681.727     0.996484        10494       284.44
   68747.263     0.996875        10497       320.00
   68812.799     0.997266        10502       365.71
   68943.871     0.997656        10508       426.67
   69009.407     0.998047        10514       512.00
   69009.407     0.998242        10514       568.89
   69009.407     0.998437        10514       640.00
   69074.943     0.998633        10516       731.43
   69140.479     0.998828        10517       853.33
   69271.551     0.999023        10521      1024.00
   69271.551     0.999121        10521      1137.78
   69271.551     0.999219        10521      1280.00
   69402.623     0.999316        10523      1462.86
   69402.623     0.999414        10523      1706.67
   69468.159     0.999512        10525      2048.00
   69468.159     0.999561        10525      2275.56
   69468.159     0.999609        10525      2560.00
   69599.231     0.999658        10528      2925.71
   69599.231     0.999707        10528      3413.33
   69599.231     0.999756        10528      4096.00
   69599.231     0.999780        10528      4551.11
   69599.231     0.999805        10528      5120.00
   69599.231     0.999829        10528      5851.43
   69599.231     0.999854        10528      6826.67
   69599.231     0.999878        10528      8192.00
   69599.231     0.999890        10528      9102.22
   69599.231     0.999902        10528     10240.00
   69664.767     0.999915        10529     11702.86
   69664.767     1.000000        10529          inf
#[Mean    =    36275.136, StdDeviation   =    18643.824]
#[Max     =    69599.232, Total count    =        10529]
#[Buckets =           27, SubBuckets     =         2048]
----------------------------------------------------------
  11146 requests in 3.00m, 2.64MB read
Requests/sec:     61.92
Transfer/sec:     15.03KB
