Running 2m test @ http://10.108.73.23:9080/productpage
  4 threads and 10 connections
  Thread calibration: mean lat.: 1164.024ms, rate sampling interval: 4288ms
  Thread calibration: mean lat.: 1335.231ms, rate sampling interval: 3897ms
  Thread calibration: mean lat.: 1386.019ms, rate sampling interval: 4288ms
  Thread calibration: mean lat.: 1021.708ms, rate sampling interval: 3782ms
  Thread Stats   Avg      Stdev     Max   +/- Stdev
    Latency     6.17s     3.64s   17.91s    75.35%
    Req/Sec    22.72      2.04    28.00     85.98%
  Latency Distribution (HdrHistogram - Recorded Latency)
 50.000%    4.85s 
 75.000%    7.76s 
 90.000%   11.96s 
 99.000%   17.35s 
 99.900%   17.86s 
 99.990%   17.91s 
 99.999%   17.92s 
100.000%   17.92s 

  Detailed Percentile spectrum:
       Value   Percentile   TotalCount 1/(1-Percentile)

     969.727     0.000000            1         1.00
    2553.855     0.100000         1021         1.11
    3411.967     0.200000         2040         1.25
    3813.375     0.300000         3061         1.43
    4268.031     0.400000         4083         1.67
    4849.663     0.500000         5103         2.00
    5337.087     0.550000         5612         2.22
    6029.311     0.600000         6122         2.50
    6533.119     0.650000         6630         2.86
    7069.695     0.700000         7143         3.33
    7761.919     0.750000         7653         4.00
    8265.727     0.775000         7905         4.44
    8585.215     0.800000         8161         5.00
    9117.695     0.825000         8417         5.71
    9822.207     0.850000         8676         6.67
   10420.223     0.875000         8929         8.00
   11132.927     0.887500         9054         8.89
   11960.319     0.900000         9180        10.00
   12886.015     0.912500         9308        11.43
   13328.383     0.925000         9435        13.33
   13754.367     0.937500         9565        16.00
   13877.247     0.943750         9628        17.78
   14180.351     0.950000         9690        20.00
   14737.407     0.956250         9754        22.86
   15294.463     0.962500         9818        26.67
   15507.455     0.968750         9886        32.00
   15654.911     0.971875         9914        35.56
   15949.823     0.975000         9946        40.00
   16048.127     0.978125         9978        45.71
   16285.695     0.981250        10009        53.33
   16605.183     0.984375        10041        64.00
   16736.255     0.985938        10061        71.11
   16859.135     0.987500        10074        80.00
   17170.431     0.989062        10090        91.43
   17498.111     0.990625        10105       106.67
   17661.951     0.992188        10122       128.00
   17694.719     0.992969        10132       142.22
   17727.487     0.993750        10139       160.00
   17743.871     0.994531        10146       182.86
   17809.407     0.995313        10158       213.33
   17825.791     0.996094        10170       256.00
   17825.791     0.996484        10170       284.44
   17825.791     0.996875        10170       320.00
   17842.175     0.997266        10186       365.71
   17842.175     0.997656        10186       426.67
   17842.175     0.998047        10186       512.00
   17842.175     0.998242        10186       568.89
   17842.175     0.998437        10186       640.00
   17858.559     0.998633        10192       731.43
   17858.559     0.998828        10192       853.33
   17858.559     0.999023        10192      1024.00
   17858.559     0.999121        10192      1137.78
   17874.943     0.999219        10193      1280.00
   17891.327     0.999316        10198      1462.86
   17891.327     0.999414        10198      1706.67
   17891.327     0.999512        10198      2048.00
   17891.327     0.999561        10198      2275.56
   17891.327     0.999609        10198      2560.00
   17891.327     0.999658        10198      2925.71
   17891.327     0.999707        10198      3413.33
   17891.327     0.999756        10198      4096.00
   17891.327     0.999780        10198      4551.11
   17907.711     0.999805        10199      5120.00
   17907.711     0.999829        10199      5851.43
   17907.711     0.999854        10199      6826.67
   17907.711     0.999878        10199      8192.00
   17907.711     0.999890        10199      9102.22
   17924.095     0.999902        10200     10240.00
   17924.095     1.000000        10200          inf
#[Mean    =     6167.808, StdDeviation   =     3641.617]
#[Max     =    17907.712, Total count    =        10200]
#[Buckets =           27, SubBuckets     =         2048]
----------------------------------------------------------
  11015 requests in 2.00m, 161.08MB read
Requests/sec:     91.78
Transfer/sec:      1.34MB
