Running 2m test @ http://10.108.73.23:9080/productpage
  4 threads and 10 connections
  Thread calibration: mean lat.: 972.744ms, rate sampling interval: 6746ms
  Thread calibration: mean lat.: 963.404ms, rate sampling interval: 7368ms
  Thread calibration: mean lat.: 2302.738ms, rate sampling interval: 7880ms
  Thread calibration: mean lat.: 793.506ms, rate sampling interval: 5562ms
  Thread Stats   Avg      Stdev     Max   +/- Stdev
    Latency    11.59s    13.30s   43.09s    81.09%
    Req/Sec    15.42      1.98    20.00     83.87%
  Latency Distribution (HdrHistogram - Recorded Latency)
 50.000%    6.52s 
 75.000%   19.69s 
 90.000%   33.98s 
 99.000%   41.58s 
 99.900%   42.80s 
 99.990%   43.09s 
 99.999%   43.12s 
100.000%   43.12s 

  Detailed Percentile spectrum:
       Value   Percentile   TotalCount 1/(1-Percentile)

      27.119     0.000000            1         1.00
      62.527     0.100000          689         1.11
      72.959     0.200000         1383         1.25
      84.223     0.300000         2066         1.43
     113.983     0.400000         2754         1.67
    6524.927     0.500000         3442         2.00
   11583.487     0.550000         3789         2.22
   14876.671     0.600000         4134         2.50
   16179.199     0.650000         4477         2.86
   17268.735     0.700000         4822         3.33
   19693.567     0.750000         5164         4.00
   21512.191     0.775000         5337         4.44
   23887.871     0.800000         5510         5.00
   26312.703     0.825000         5680         5.71
   29081.599     0.850000         5855         6.67
   31293.439     0.875000         6024         8.00
   32653.311     0.887500         6110         8.89
   33980.415     0.900000         6198        10.00
   35094.527     0.912500         6283        11.43
   36306.943     0.925000         6370        13.33
   37388.287     0.937500         6457        16.00
   37781.503     0.943750         6498        17.78
   38305.791     0.950000         6540        20.00
   38797.311     0.956250         6587        22.86
   39256.063     0.962500         6626        26.67
   39714.815     0.968750         6669        32.00
   39976.959     0.971875         6693        35.56
   40173.567     0.975000         6712        40.00
   40468.479     0.978125         6735        45.71
   40599.551     0.981250         6757        53.33
   40927.231     0.984375         6778        64.00
   41091.071     0.985938         6791        71.11
   41189.375     0.987500         6798        80.00
   41484.287     0.989062         6811        91.43
   41648.127     0.990625         6820       106.67
   41877.503     0.992188         6831       128.00
   41943.039     0.992969         6837       142.22
   42008.575     0.993750         6841       160.00
   42205.183     0.994531         6849       182.86
   42303.487     0.995313         6853       213.33
   42401.791     0.996094         6859       256.00
   42434.559     0.996484         6861       284.44
   42500.095     0.996875         6866       320.00
   42500.095     0.997266         6866       365.71
   42532.863     0.997656         6868       426.67
   42598.399     0.998047         6872       512.00
   42598.399     0.998242         6872       568.89
   42696.703     0.998437         6874       640.00
   42729.471     0.998633         6875       731.43
   42762.239     0.998828         6876       853.33
   42893.311     0.999023         6879      1024.00
   42893.311     0.999121         6879      1137.78
   42893.311     0.999219         6879      1280.00
   42991.615     0.999316         6880      1462.86
   42991.615     0.999414         6880      1706.67
   43089.919     0.999512         6883      2048.00
   43089.919     0.999561         6883      2275.56
   43089.919     0.999609         6883      2560.00
   43089.919     0.999658         6883      2925.71
   43089.919     0.999707         6883      3413.33
   43089.919     0.999756         6883      4096.00
   43089.919     0.999780         6883      4551.11
   43089.919     0.999805         6883      5120.00
   43089.919     0.999829         6883      5851.43
   43089.919     0.999854         6883      6826.67
   43122.687     0.999878         6884      8192.00
   43122.687     1.000000         6884          inf
#[Mean    =    11590.172, StdDeviation   =    13301.957]
#[Max     =    43089.920, Total count    =         6884]
#[Buckets =           27, SubBuckets     =         2048]
----------------------------------------------------------
  7475 requests in 2.00m, 109.31MB read
Requests/sec:     62.28
Transfer/sec:      0.91MB
