Running 2m test @ http://10.105.92.109:11003/d?value=1
  4 threads and 10 connections
  Thread calibration: mean lat.: 20.009ms, rate sampling interval: 62ms
  Thread calibration: mean lat.: 19.821ms, rate sampling interval: 62ms
  Thread calibration: mean lat.: 16.162ms, rate sampling interval: 56ms
  Thread calibration: mean lat.: 15.464ms, rate sampling interval: 55ms
  Thread Stats   Avg      Stdev     Max   +/- Stdev
    Latency    18.02ms    9.75ms  48.16ms   53.72%
    Req/Sec    24.86     12.16    49.00     87.20%
  Latency Distribution (HdrHistogram - Recorded Latency)
 50.000%   18.46ms
 75.000%   26.85ms
 90.000%   29.89ms
 99.000%   33.63ms
 99.900%   35.17ms
 99.990%   35.74ms
 99.999%   48.19ms
100.000%   48.19ms

  Detailed Percentile spectrum:
       Value   Percentile   TotalCount 1/(1-Percentile)

       2.789     0.000000            1         1.00
       4.159     0.100000         1100         1.11
       4.707     0.200000         2202         1.25
      13.287     0.300000         3300         1.43
      17.023     0.400000         4401         1.67
      18.463     0.500000         5504         2.00
      19.407     0.550000         6051         2.22
      21.839     0.600000         6601         2.50
      24.687     0.650000         7151         2.86
      26.127     0.700000         7707         3.33
      26.847     0.750000         8257         4.00
      27.215     0.775000         8531         4.44
      27.631     0.800000         8798         5.00
      28.095     0.825000         9074         5.71
      28.527     0.850000         9354         6.67
      29.135     0.875000         9632         8.00
      29.487     0.887500         9760         8.89
      29.887     0.900000         9901        10.00
      30.271     0.912500        10038        11.43
      30.639     0.925000        10177        13.33
      31.151     0.937500        10315        16.00
      31.375     0.943750        10379        17.78
      31.615     0.950000        10449        20.00
      31.807     0.956250        10517        22.86
      32.031     0.962500        10591        26.67
      32.271     0.968750        10657        32.00
      32.351     0.971875        10688        35.56
      32.511     0.975000        10724        40.00
      32.655     0.978125        10760        45.71
      32.863     0.981250        10793        53.33
      33.119     0.984375        10829        64.00
      33.247     0.985938        10843        71.11
      33.407     0.987500        10864        80.00
      33.535     0.989062        10879        91.43
      33.663     0.990625        10895       106.67
      33.759     0.992188        10912       128.00
      33.855     0.992969        10923       142.22
      33.887     0.993750        10931       160.00
      33.983     0.994531        10937       182.86
      34.143     0.995313        10948       213.33
      34.335     0.996094        10955       256.00
      34.431     0.996484        10959       284.44
      34.527     0.996875        10964       320.00
      34.623     0.997266        10968       365.71
      34.751     0.997656        10973       426.67
      34.911     0.998047        10976       512.00
      35.007     0.998242        10979       568.89
      35.039     0.998437        10981       640.00
      35.135     0.998633        10983       731.43
      35.167     0.998828        10986       853.33
      35.199     0.999023        10988      1024.00
      35.199     0.999121        10988      1137.78
      35.295     0.999219        10989      1280.00
      35.519     0.999316        10990      1462.86
      35.551     0.999414        10991      1706.67
      35.583     0.999512        10992      2048.00
      35.647     0.999561        10993      2275.56
      35.647     0.999609        10993      2560.00
      35.711     0.999658        10995      2925.71
      35.711     0.999707        10995      3413.33
      35.711     0.999756        10995      4096.00
      35.711     0.999780        10995      4551.11
      35.711     0.999805        10995      5120.00
      35.743     0.999829        10996      5851.43
      35.743     0.999854        10996      6826.67
      35.743     0.999878        10996      8192.00
      35.743     0.999890        10996      9102.22
      35.743     0.999902        10996     10240.00
      48.191     0.999915        10997     11702.86
      48.191     1.000000        10997          inf
#[Mean    =       18.022, StdDeviation   =        9.748]
#[Max     =       48.160, Total count    =        10997]
#[Buckets =           27, SubBuckets     =         2048]
----------------------------------------------------------
  12003 requests in 2.00m, 2.84MB read
Requests/sec:    100.01
Transfer/sec:     24.19KB
