Running 2m test @ http://10.105.92.109:11003/d?value=1
  4 threads and 10 connections
  Thread calibration: mean lat.: 13.985ms, rate sampling interval: 35ms
  Thread calibration: mean lat.: 10.464ms, rate sampling interval: 53ms
  Thread calibration: mean lat.: 11.774ms, rate sampling interval: 46ms
  Thread calibration: mean lat.: 12.592ms, rate sampling interval: 38ms
  Thread Stats   Avg      Stdev     Max   +/- Stdev
    Latency    12.02ms    7.19ms  41.95ms   58.91%
    Req/Sec    37.57     19.29    85.00     77.24%
  Latency Distribution (HdrHistogram - Recorded Latency)
 50.000%   12.69ms
 75.000%   16.48ms
 90.000%   20.74ms
 99.000%   28.85ms
 99.900%   36.35ms
 99.990%   38.97ms
 99.999%   41.98ms
100.000%   41.98ms

  Detailed Percentile spectrum:
       Value   Percentile   TotalCount 1/(1-Percentile)

       2.277     0.000000            1         1.00
       3.925     0.100000         1656         1.11
       4.355     0.200000         3313         1.25
       4.899     0.300000         4952         1.43
      10.839     0.400000         6601         1.67
      12.687     0.500000         8258         2.00
      13.351     0.550000         9081         2.22
      13.927     0.600000         9902         2.50
      14.671     0.650000        10728         2.86
      15.631     0.700000        11553         3.33
      16.479     0.750000        12389         4.00
      16.815     0.775000        12789         4.44
      17.199     0.800000        13208         5.00
      17.695     0.825000        13621         5.71
      18.271     0.850000        14030         6.67
      19.055     0.875000        14435         8.00
      19.631     0.887500        14643         8.89
      20.735     0.900000        14848        10.00
      24.495     0.912500        15053        11.43
      25.919     0.925000        15265        13.33
      26.399     0.937500        15466        16.00
      26.591     0.943750        15575        17.78
      26.783     0.950000        15678        20.00
      26.975     0.956250        15779        22.86
      27.167     0.962500        15879        26.67
      27.455     0.968750        15987        32.00
      27.599     0.971875        16039        35.56
      27.743     0.975000        16084        40.00
      27.935     0.978125        16145        45.71
      28.143     0.981250        16188        53.33
      28.383     0.984375        16239        64.00
      28.495     0.985938        16267        71.11
      28.639     0.987500        16293        80.00
      28.767     0.989062        16317        91.43
      28.911     0.990625        16345       106.67
      29.103     0.992188        16368       128.00
      29.247     0.992969        16381       142.22
      29.359     0.993750        16394       160.00
      29.567     0.994531        16406       182.86
      29.903     0.995313        16419       213.33
      30.431     0.996094        16432       256.00
      30.799     0.996484        16439       284.44
      31.343     0.996875        16445       320.00
      32.191     0.997266        16451       365.71
      33.215     0.997656        16458       426.67
      33.855     0.998047        16464       512.00
      34.719     0.998242        16468       568.89
      35.263     0.998437        16471       640.00
      35.551     0.998633        16474       731.43
      35.999     0.998828        16477       853.33
      36.351     0.999023        16480      1024.00
      36.799     0.999121        16482      1137.78
      37.311     0.999219        16485      1280.00
      37.311     0.999316        16485      1462.86
      37.439     0.999414        16487      1706.67
      37.663     0.999512        16489      2048.00
      37.663     0.999561        16489      2275.56
      37.759     0.999609        16490      2560.00
      38.751     0.999658        16491      2925.71
      38.847     0.999707        16492      3413.33
      38.847     0.999756        16492      4096.00
      38.911     0.999780        16493      4551.11
      38.911     0.999805        16493      5120.00
      38.975     0.999829        16494      5851.43
      38.975     0.999854        16494      6826.67
      38.975     0.999878        16494      8192.00
      41.919     0.999890        16495      9102.22
      41.919     0.999902        16495     10240.00
      41.919     0.999915        16495     11702.86
      41.919     0.999927        16495     13653.33
      41.919     0.999939        16495     16384.00
      41.983     0.999945        16496     18204.44
      41.983     1.000000        16496          inf
#[Mean    =       12.025, StdDeviation   =        7.192]
#[Max     =       41.952, Total count    =        16496]
#[Buckets =           27, SubBuckets     =         2048]
----------------------------------------------------------
  18003 requests in 2.00m, 4.25MB read
Requests/sec:    150.01
Transfer/sec:     36.26KB
