Running 3m test @ http://10.99.205.204:11000/a?value=1
  4 threads and 10 connections
  Thread calibration: mean lat.: 44.870ms, rate sampling interval: 105ms
  Thread calibration: mean lat.: 50.399ms, rate sampling interval: 124ms
  Thread calibration: mean lat.: 50.842ms, rate sampling interval: 136ms
  Thread calibration: mean lat.: 52.081ms, rate sampling interval: 124ms
  Thread Stats   Avg      Stdev     Max   +/- Stdev
    Latency    49.51ms    8.79ms  81.34ms   70.74%
    Req/Sec     9.84      7.60    19.00     52.61%
  Latency Distribution (HdrHistogram - Recorded Latency)
 50.000%   49.82ms
 75.000%   54.78ms
 90.000%   60.06ms
 99.000%   71.55ms
 99.900%   76.74ms
 99.990%   81.28ms
 99.999%   81.41ms
100.000%   81.41ms

  Detailed Percentile spectrum:
       Value   Percentile   TotalCount 1/(1-Percentile)

      10.567     0.000000            1         1.00
      38.303     0.100000          683         1.11
      42.527     0.200000         1361         1.25
      45.631     0.300000         2049         1.43
      47.903     0.400000         2720         1.67
      49.823     0.500000         3408         2.00
      50.847     0.550000         3748         2.22
      51.647     0.600000         4085         2.50
      52.671     0.650000         4425         2.86
      53.631     0.700000         4761         3.33
      54.783     0.750000         5100         4.00
      55.487     0.775000         5274         4.44
      56.191     0.800000         5442         5.00
      56.959     0.825000         5615         5.71
      57.791     0.850000         5781         6.67
      58.815     0.875000         5955         8.00
      59.391     0.887500         6037         8.89
      60.063     0.900000         6122        10.00
      60.735     0.912500         6211        11.43
      61.535     0.925000         6291        13.33
      62.591     0.937500         6375        16.00
      63.103     0.943750         6419        17.78
      63.775     0.950000         6460        20.00
      64.415     0.956250         6503        22.86
      65.343     0.962500         6547        26.67
      66.047     0.968750         6588        32.00
      66.815     0.971875         6614        35.56
      67.327     0.975000         6630        40.00
      68.031     0.978125         6652        45.71
      68.991     0.981250         6674        53.33
      70.015     0.984375         6694        64.00
      70.527     0.985938         6705        71.11
      71.103     0.987500         6717        80.00
      71.359     0.989062         6727        91.43
      71.807     0.990625         6738       106.67
      72.255     0.992188         6747       128.00
      72.511     0.992969         6756       142.22
      72.575     0.993750         6760       160.00
      72.895     0.994531         6764       182.86
      73.279     0.995313         6769       213.33
      73.727     0.996094         6774       256.00
      73.919     0.996484         6777       284.44
      74.175     0.996875         6779       320.00
      74.815     0.997266         6782       365.71
      75.455     0.997656         6786       426.67
      75.583     0.998047         6787       512.00
      76.031     0.998242         6789       568.89
      76.351     0.998437         6790       640.00
      76.479     0.998633         6792       731.43
      76.735     0.998828         6793       853.33
      77.503     0.999023         6794      1024.00
      77.887     0.999121         6795      1137.78
      77.887     0.999219         6795      1280.00
      77.951     0.999316         6796      1462.86
      78.463     0.999414         6797      1706.67
      78.463     0.999512         6797      2048.00
      80.447     0.999561         6798      2275.56
      80.447     0.999609         6798      2560.00
      80.447     0.999658         6798      2925.71
      81.279     0.999707         6799      3413.33
      81.279     0.999756         6799      4096.00
      81.279     0.999780         6799      4551.11
      81.279     0.999805         6799      5120.00
      81.279     0.999829         6799      5851.43
      81.407     0.999854         6800      6826.67
      81.407     1.000000         6800          inf
#[Mean    =       49.507, StdDeviation   =        8.793]
#[Max     =       81.344, Total count    =         6800]
#[Buckets =           27, SubBuckets     =         2048]
----------------------------------------------------------
  7200 requests in 3.00m, 1.70MB read
Requests/sec:     40.00
Transfer/sec:      9.69KB
