Running 2m test @ http://10.97.31.177:9080/productpage
  2 threads and 10 connections
  Thread calibration: mean lat.: 330.305ms, rate sampling interval: 1830ms
  Thread calibration: mean lat.: 819.596ms, rate sampling interval: 5562ms
  Thread Stats   Avg      Stdev     Max   +/- Stdev
    Latency     5.95s    10.89s   44.53s    85.30%
    Req/Sec    67.42      3.51    74.00     78.48%
  Latency Distribution (HdrHistogram - Recorded Latency)
 50.000%  102.97ms
 75.000%    5.46s 
 90.000%   25.38s 
 99.000%   41.68s 
 99.900%   44.30s 
 99.990%   44.53s 
 99.999%   44.56s 
100.000%   44.56s 

  Detailed Percentile spectrum:
       Value   Percentile   TotalCount 1/(1-Percentile)

      14.415     0.000000            1         1.00
      34.015     0.100000         1455         1.11
      48.095     0.200000         2913         1.25
      67.647     0.300000         4366         1.43
      82.559     0.400000         5823         1.67
     102.975     0.500000         7275         2.00
     142.463     0.550000         8003         2.22
    1384.447     0.600000         8729         2.50
    2625.535     0.650000         9456         2.86
    4251.647     0.700000        10188         3.33
    5464.063     0.750000        10912         4.00
    5926.911     0.775000        11280         4.44
    6844.415     0.800000        11639         5.00
   11468.799     0.825000        12002         5.71
   16203.775     0.850000        12365         6.67
   20660.223     0.875000        12730         8.00
   22872.063     0.887500        12911         8.89
   25395.199     0.900000        13093        10.00
   27623.423     0.912500        13276        11.43
   29769.727     0.925000        13456        13.33
   32030.719     0.937500        13638        16.00
   33193.983     0.943750        13729        17.78
   34275.327     0.950000        13821        20.00
   35487.743     0.956250        13911        22.86
   36765.695     0.962500        14003        26.67
   37945.343     0.968750        14093        32.00
   38633.471     0.971875        14141        35.56
   39092.223     0.975000        14184        40.00
   39583.743     0.978125        14232        45.71
   40206.335     0.981250        14278        53.33
   40697.855     0.984375        14320        64.00
   41025.535     0.985938        14344        71.11
   41320.447     0.987500        14373        80.00
   41517.055     0.989062        14388        91.43
   41746.431     0.990625        14411       106.67
   42041.343     0.992188        14435       128.00
   42106.879     0.992969        14445       142.22
   42205.183     0.993750        14457       160.00
   42369.023     0.994531        14470       182.86
   42565.631     0.995313        14479       213.33
   43253.759     0.996094        14494       256.00
   43286.527     0.996484        14496       284.44
   43352.063     0.996875        14505       320.00
   43384.831     0.997266        14508       365.71
   43614.207     0.997656        14514       426.67
   43974.655     0.998047        14519       512.00
   44040.191     0.998242        14523       568.89
   44171.263     0.998437        14525       640.00
   44269.567     0.998633        14530       731.43
   44269.567     0.998828        14530       853.33
   44335.103     0.999023        14535      1024.00
   44335.103     0.999121        14535      1137.78
   44367.871     0.999219        14538      1280.00
   44367.871     0.999316        14538      1462.86
   44400.639     0.999414        14542      1706.67
   44400.639     0.999512        14542      2048.00
   44400.639     0.999561        14542      2275.56
   44400.639     0.999609        14542      2560.00
   44433.407     0.999658        14545      2925.71
   44433.407     0.999707        14545      3413.33
   44433.407     0.999756        14545      4096.00
   44433.407     0.999780        14545      4551.11
   44433.407     0.999805        14545      5120.00
   44433.407     0.999829        14545      5851.43
   44433.407     0.999854        14545      6826.67
   44531.711     0.999878        14546      8192.00
   44531.711     0.999890        14546      9102.22
   44531.711     0.999902        14546     10240.00
   44531.711     0.999915        14546     11702.86
   44531.711     0.999927        14546     13653.33
   44564.479     0.999939        14547     16384.00
   44564.479     1.000000        14547          inf
#[Mean    =     5945.538, StdDeviation   =    10894.961]
#[Max     =    44531.712, Total count    =        14547]
#[Buckets =           27, SubBuckets     =         2048]
----------------------------------------------------------
  15870 requests in 2.00m, 232.08MB read
Requests/sec:    132.22
Transfer/sec:      1.93MB
