Running 3m test @ http://10.99.205.204:11000/a?value=1
  4 threads and 10 connections
  Thread calibration: mean lat.: 1247.603ms, rate sampling interval: 4407ms
  Thread calibration: mean lat.: 1437.914ms, rate sampling interval: 4657ms
  Thread calibration: mean lat.: 1397.861ms, rate sampling interval: 4403ms
  Thread calibration: mean lat.: 1305.229ms, rate sampling interval: 4747ms
  Thread Stats   Avg      Stdev     Max   +/- Stdev
    Latency    21.59s    11.08s   42.01s    57.94%
    Req/Sec    15.01      0.65    17.00     98.64%
  Latency Distribution (HdrHistogram - Recorded Latency)
 50.000%   21.54s 
 75.000%   31.21s 
 90.000%   37.13s 
 99.000%   40.57s 
 99.900%   41.62s 
 99.990%   41.94s 
 99.999%   42.04s 
100.000%   42.04s 

  Detailed Percentile spectrum:
       Value   Percentile   TotalCount 1/(1-Percentile)

    2287.615     0.000000            1         1.00
    6291.455     0.100000         1055         1.11
   10174.463     0.200000         2110         1.25
   13885.439     0.300000         3164         1.43
   17776.639     0.400000         4220         1.67
   21544.959     0.500000         5270         2.00
   23363.583     0.550000         5800         2.22
   25329.663     0.600000         6327         2.50
   27246.591     0.650000         6857         2.86
   29130.751     0.700000         7380         3.33
   31211.519     0.750000         7917         4.00
   32292.863     0.775000         8169         4.44
   33128.447     0.800000         8432         5.00
   34013.183     0.825000         8700         5.71
   35028.991     0.850000         8963         6.67
   36143.103     0.875000         9226         8.00
   36667.391     0.887500         9358         8.89
   37126.143     0.900000         9497        10.00
   37519.359     0.912500         9620        11.43
   37912.575     0.925000         9751        13.33
   38404.095     0.937500         9884        16.00
   38633.471     0.943750         9949        17.78
   38895.615     0.950000        10018        20.00
   39092.223     0.956250        10081        22.86
   39354.367     0.962500        10147        26.67
   39518.207     0.968750        10212        32.00
   39682.047     0.971875        10250        35.56
   39813.119     0.975000        10277        40.00
   39944.191     0.978125        10311        45.71
   40173.567     0.981250        10345        53.33
   40370.175     0.984375        10379        64.00
   40435.711     0.985938        10391        71.11
   40501.247     0.987500        10411        80.00
   40534.015     0.989062        10424        91.43
   40632.319     0.990625        10445       106.67
   40763.391     0.992188        10458       128.00
   40861.695     0.992969        10471       142.22
   40927.231     0.993750        10474       160.00
   40992.767     0.994531        10482       182.86
   41091.071     0.995313        10495       213.33
   41156.607     0.996094        10500       256.00
   41222.143     0.996484        10502       284.44
   41320.447     0.996875        10508       320.00
   41353.215     0.997266        10516       365.71
   41353.215     0.997656        10516       426.67
   41451.519     0.998047        10520       512.00
   41484.287     0.998242        10524       568.89
   41484.287     0.998437        10524       640.00
   41549.823     0.998633        10526       731.43
   41582.591     0.998828        10527       853.33
   41615.359     0.999023        10530      1024.00
   41615.359     0.999121        10530      1137.78
   41713.663     0.999219        10533      1280.00
   41713.663     0.999316        10533      1462.86
   41713.663     0.999414        10533      1706.67
   41779.199     0.999512        10535      2048.00
   41779.199     0.999561        10535      2275.56
   41779.199     0.999609        10535      2560.00
   41844.735     0.999658        10537      2925.71
   41844.735     0.999707        10537      3413.33
   41844.735     0.999756        10537      4096.00
   41844.735     0.999780        10537      4551.11
   41844.735     0.999805        10537      5120.00
   41943.039     0.999829        10538      5851.43
   41943.039     0.999854        10538      6826.67
   41943.039     0.999878        10538      8192.00
   41943.039     0.999890        10538      9102.22
   41943.039     0.999902        10538     10240.00
   42041.343     0.999915        10539     11702.86
   42041.343     1.000000        10539          inf
#[Mean    =    21585.139, StdDeviation   =    11084.188]
#[Max     =    42008.576, Total count    =        10539]
#[Buckets =           27, SubBuckets     =         2048]
----------------------------------------------------------
  11146 requests in 3.00m, 2.64MB read
Requests/sec:     61.91
Transfer/sec:     15.03KB
