Running 2m test @ http://10.102.123.170:11000/a?value=1
  2 threads and 10 connections
  Thread calibration: mean lat.: 1028.593ms, rate sampling interval: 3260ms
  Thread calibration: mean lat.: 1064.607ms, rate sampling interval: 3106ms
  Thread Stats   Avg      Stdev     Max   +/- Stdev
    Latency     7.84s     3.90s   18.79s    61.60%
    Req/Sec    65.91      1.70    71.00     88.24%
  Latency Distribution (HdrHistogram - Recorded Latency)
 50.000%    7.70s 
 75.000%   10.86s 
 90.000%   12.75s 
 99.000%   17.29s 
 99.900%   18.68s 
 99.990%   18.78s 
 99.999%   18.81s 
100.000%   18.81s 

  Detailed Percentile spectrum:
       Value   Percentile   TotalCount 1/(1-Percentile)

    1136.639     0.000000            1         1.00
    2715.647     0.100000         1459         1.11
    3856.383     0.200000         2920         1.25
    5197.823     0.300000         4378         1.43
    6365.183     0.400000         5838         1.67
    7700.479     0.500000         7297         2.00
    8380.415     0.550000         8028         2.22
    9011.199     0.600000         8758         2.50
    9723.903     0.650000         9493         2.86
   10403.839     0.700000        10225         3.33
   10862.591     0.750000        10959         4.00
   11190.271     0.775000        11317         4.44
   11493.375     0.800000        11674         5.00
   11763.711     0.825000        12048         5.71
   12075.007     0.850000        12404         6.67
   12328.959     0.875000        12772         8.00
   12533.759     0.887500        12959         8.89
   12754.943     0.900000        13137        10.00
   13017.087     0.912500        13313        11.43
   13311.999     0.925000        13500        13.33
   13582.335     0.937500        13683        16.00
   13746.175     0.943750        13776        17.78
   14041.087     0.950000        13860        20.00
   14557.183     0.956250        13955        22.86
   14786.559     0.962500        14044        26.67
   15417.343     0.968750        14136        32.00
   15646.719     0.971875        14180        35.56
   16023.551     0.975000        14225        40.00
   16261.119     0.978125        14272        45.71
   16523.263     0.981250        14317        53.33
   16826.367     0.984375        14363        64.00
   16908.287     0.985938        14388        71.11
   17006.591     0.987500        14410        80.00
   17203.199     0.989062        14434        91.43
   17367.039     0.990625        14456       106.67
   17563.647     0.992188        14476       128.00
   17793.023     0.992969        14490       142.22
   17874.943     0.993750        14498       160.00
   17973.247     0.994531        14511       182.86
   18169.855     0.995313        14521       213.33
   18399.231     0.996094        14533       256.00
   18431.999     0.996484        14541       284.44
   18448.383     0.996875        14544       320.00
   18497.535     0.997266        14550       365.71
   18546.687     0.997656        14555       426.67
   18595.839     0.998047        14563       512.00
   18612.223     0.998242        14565       568.89
   18628.607     0.998437        14567       640.00
   18661.375     0.998633        14572       731.43
   18661.375     0.998828        14572       853.33
   18677.759     0.999023        14580      1024.00
   18677.759     0.999121        14580      1137.78
   18677.759     0.999219        14580      1280.00
   18677.759     0.999316        14580      1462.86
   18694.143     0.999414        14583      1706.67
   18694.143     0.999512        14583      2048.00
   18694.143     0.999561        14583      2275.56
   18710.527     0.999609        14584      2560.00
   18726.911     0.999658        14586      2925.71
   18726.911     0.999707        14586      3413.33
   18726.911     0.999756        14586      4096.00
   18726.911     0.999780        14586      4551.11
   18759.679     0.999805        14587      5120.00
   18759.679     0.999829        14587      5851.43
   18759.679     0.999854        14587      6826.67
   18776.063     0.999878        14588      8192.00
   18776.063     0.999890        14588      9102.22
   18776.063     0.999902        14588     10240.00
   18776.063     0.999915        14588     11702.86
   18776.063     0.999927        14588     13653.33
   18808.831     0.999939        14589     16384.00
   18808.831     1.000000        14589          inf
#[Mean    =     7838.413, StdDeviation   =     3897.392]
#[Max     =    18792.448, Total count    =        14589]
#[Buckets =           27, SubBuckets     =         2048]
----------------------------------------------------------
  15865 requests in 2.00m, 3.75MB read
Requests/sec:    132.18
Transfer/sec:     32.03KB
