Running 2m test @ http://10.102.123.170:11000/a?value=1
  2 threads and 10 connections
  Thread calibration: mean lat.: 1130.564ms, rate sampling interval: 4677ms
  Thread calibration: mean lat.: 1499.241ms, rate sampling interval: 5259ms
  Thread Stats   Avg      Stdev     Max   +/- Stdev
    Latency     7.34s     8.70s   29.54s    79.14%
    Req/Sec    43.60      1.71    47.00     95.35%
  Latency Distribution (HdrHistogram - Recorded Latency)
 50.000%    1.92s 
 75.000%   13.65s 
 90.000%   22.32s 
 99.000%   28.25s 
 99.900%   29.21s 
 99.990%   29.52s 
 99.999%   29.56s 
100.000%   29.56s 

  Detailed Percentile spectrum:
       Value   Percentile   TotalCount 1/(1-Percentile)

      35.071     0.000000            1         1.00
     253.311     0.100000          968         1.11
     492.287     0.200000         1936         1.25
     722.943     0.300000         2904         1.43
    1263.615     0.400000         3874         1.67
    1923.071     0.500000         4839         2.00
    3778.559     0.550000         5323         2.22
    5189.631     0.600000         5807         2.50
    7581.695     0.650000         6291         2.86
   10592.255     0.700000         6776         3.33
   13647.871     0.750000         7259         4.00
   15187.967     0.775000         7501         4.44
   16531.455     0.800000         7744         5.00
   17924.095     0.825000         7986         5.71
   19415.039     0.850000         8232         6.67
   20987.903     0.875000         8469         8.00
   21577.727     0.887500         8591         8.89
   22315.007     0.900000         8712        10.00
   23068.671     0.912500         8834        11.43
   23740.415     0.925000         8953        13.33
   24428.543     0.937500         9078        16.00
   24772.607     0.943750         9141        17.78
   25034.751     0.950000         9197        20.00
   25460.735     0.956250         9257        22.86
   25853.951     0.962500         9317        26.67
   26394.623     0.968750         9378        32.00
   26591.231     0.971875         9408        35.56
   26820.607     0.975000         9437        40.00
   27033.599     0.978125         9467        45.71
   27295.743     0.981250         9500        53.33
   27525.119     0.984375         9527        64.00
   27705.343     0.985938         9543        71.11
   27934.719     0.987500         9559        80.00
   28164.095     0.989062         9573        91.43
   28311.551     0.990625         9588       106.67
   28475.391     0.992188         9604       128.00
   28557.311     0.992969         9611       142.22
   28622.847     0.993750         9620       160.00
   28655.615     0.994531         9626       182.86
   28753.919     0.995313         9634       213.33
   28803.071     0.996094         9641       256.00
   28884.991     0.996484         9644       284.44
   28901.375     0.996875         9648       320.00
   28950.527     0.997266         9653       365.71
   29048.831     0.997656         9656       426.67
   29097.983     0.998047         9660       512.00
   29130.751     0.998242         9662       568.89
   29147.135     0.998437         9664       640.00
   29163.519     0.998633         9666       731.43
   29212.671     0.998828         9668       853.33
   29229.055     0.999023         9669      1024.00
   29261.823     0.999121         9671      1137.78
   29261.823     0.999219         9671      1280.00
   29278.207     0.999316         9672      1462.86
   29310.975     0.999414         9674      1706.67
   29310.975     0.999512         9674      2048.00
   29310.975     0.999561         9674      2275.56
   29360.127     0.999609         9675      2560.00
   29360.127     0.999658         9675      2925.71
   29425.663     0.999707         9676      3413.33
   29425.663     0.999756         9676      4096.00
   29425.663     0.999780         9676      4551.11
   29523.967     0.999805         9677      5120.00
   29523.967     0.999829         9677      5851.43
   29523.967     0.999854         9677      6826.67
   29523.967     0.999878         9677      8192.00
   29523.967     0.999890         9677      9102.22
   29556.735     0.999902         9678     10240.00
   29556.735     1.000000         9678          inf
#[Mean    =     7342.944, StdDeviation   =     8701.046]
#[Max     =    29540.352, Total count    =         9678]
#[Buckets =           27, SubBuckets     =         2048]
----------------------------------------------------------
  10493 requests in 2.00m, 2.49MB read
Requests/sec:     87.44
Transfer/sec:     21.22KB
