Running 2m test @ http://10.105.92.109:11003/d?value=1
  4 threads and 10 connections
  Thread calibration: mean lat.: 12.534ms, rate sampling interval: 33ms
  Thread calibration: mean lat.: 13.080ms, rate sampling interval: 34ms
  Thread calibration: mean lat.: 12.901ms, rate sampling interval: 34ms
  Thread calibration: mean lat.: 12.983ms, rate sampling interval: 34ms
  Thread Stats   Avg      Stdev     Max   +/- Stdev
    Latency    12.68ms    3.94ms  57.44ms   78.06%
    Req/Sec    37.62     24.60   121.00     75.47%
  Latency Distribution (HdrHistogram - Recorded Latency)
 50.000%   12.41ms
 75.000%   14.46ms
 90.000%   16.62ms
 99.000%   24.32ms
 99.900%   48.38ms
 99.990%   56.19ms
 99.999%   57.47ms
100.000%   57.47ms

  Detailed Percentile spectrum:
       Value   Percentile   TotalCount 1/(1-Percentile)

       5.351     0.000000            1         1.00
       8.423     0.100000         1659         1.11
       9.759     0.200000         3304         1.25
      10.671     0.300000         4951         1.43
      11.535     0.400000         6612         1.67
      12.415     0.500000         8257         2.00
      12.799     0.550000         9074         2.22
      13.207     0.600000         9902         2.50
      13.615     0.650000        10736         2.86
      14.023     0.700000        11549         3.33
      14.463     0.750000        12373         4.00
      14.735     0.775000        12791         4.44
      15.015     0.800000        13210         5.00
      15.343     0.825000        13615         5.71
      15.695     0.850000        14023         6.67
      16.127     0.875000        14436         8.00
      16.375     0.887500        14641         8.89
      16.623     0.900000        14851        10.00
      16.975     0.912500        15056        11.43
      17.311     0.925000        15263        13.33
      17.759     0.937500        15468        16.00
      18.015     0.943750        15570        17.78
      18.319     0.950000        15674        20.00
      18.671     0.956250        15776        22.86
      19.087     0.962500        15880        26.67
      19.711     0.968750        15982        32.00
      20.063     0.971875        16036        35.56
      20.367     0.975000        16085        40.00
      20.863     0.978125        16136        45.71
      21.375     0.981250        16189        53.33
      22.143     0.984375        16239        64.00
      22.735     0.985938        16265        71.11
      23.263     0.987500        16290        80.00
      23.823     0.989062        16316        91.43
      24.591     0.990625        16343       106.67
      26.095     0.992188        16368       128.00
      27.055     0.992969        16381       142.22
      28.303     0.993750        16393       160.00
      31.455     0.994531        16406       182.86
      35.167     0.995313        16420       213.33
      36.735     0.996094        16432       256.00
      39.199     0.996484        16439       284.44
      40.191     0.996875        16445       320.00
      40.511     0.997266        16451       365.71
      43.743     0.997656        16458       426.67
      44.159     0.998047        16464       512.00
      45.119     0.998242        16469       568.89
      45.279     0.998437        16471       640.00
      46.431     0.998633        16474       731.43
      47.743     0.998828        16477       853.33
      48.383     0.999023        16480      1024.00
      48.607     0.999121        16482      1137.78
      49.151     0.999219        16484      1280.00
      49.215     0.999316        16485      1462.86
      49.279     0.999414        16487      1706.67
      49.663     0.999512        16488      2048.00
      49.791     0.999561        16489      2275.56
      51.231     0.999609        16490      2560.00
      52.319     0.999658        16491      2925.71
      52.479     0.999707        16492      3413.33
      52.479     0.999756        16492      4096.00
      55.903     0.999780        16493      4551.11
      55.903     0.999805        16493      5120.00
      56.191     0.999829        16494      5851.43
      56.191     0.999854        16494      6826.67
      56.191     0.999878        16494      8192.00
      57.407     0.999890        16495      9102.22
      57.407     0.999902        16495     10240.00
      57.407     0.999915        16495     11702.86
      57.407     0.999927        16495     13653.33
      57.407     0.999939        16495     16384.00
      57.471     0.999945        16496     18204.44
      57.471     1.000000        16496          inf
#[Mean    =       12.683, StdDeviation   =        3.944]
#[Max     =       57.440, Total count    =        16496]
#[Buckets =           27, SubBuckets     =         2048]
----------------------------------------------------------
  18004 requests in 2.00m, 4.25MB read
Requests/sec:    150.02
Transfer/sec:     36.27KB
