Running 2m test @ http://10.105.92.109:11003/d?value=1
  4 threads and 10 connections
  Thread calibration: mean lat.: 9.818ms, rate sampling interval: 23ms
  Thread calibration: mean lat.: 9.683ms, rate sampling interval: 22ms
  Thread calibration: mean lat.: 9.940ms, rate sampling interval: 22ms
  Thread calibration: mean lat.: 9.861ms, rate sampling interval: 22ms
  Thread Stats   Avg      Stdev     Max   +/- Stdev
    Latency   395.70ms  772.33ms   3.07s    83.97%
    Req/Sec    63.00     47.32   363.00     70.13%
  Latency Distribution (HdrHistogram - Recorded Latency)
 50.000%   10.30ms
 75.000%  172.29ms
 90.000%    1.84s 
 99.000%    2.80s 
 99.900%    3.01s 
 99.990%    3.05s 
 99.999%    3.07s 
100.000%    3.07s 

  Detailed Percentile spectrum:
       Value   Percentile   TotalCount 1/(1-Percentile)

       5.331     0.000000            1         1.00
       7.899     0.100000         2731         1.11
       8.679     0.200000         5483         1.25
       9.263     0.300000         8193         1.43
       9.783     0.400000        10919         1.67
      10.295     0.500000        13649         2.00
      10.575     0.550000        15051         2.22
      10.895     0.600000        16390         2.50
      11.295     0.650000        17752         2.86
      12.263     0.700000        19110         3.33
     172.287     0.750000        20471         4.00
     453.119     0.775000        21154         4.44
     726.015     0.800000        21835         5.00
     995.839     0.825000        22517         5.71
    1287.167     0.850000        23203         6.67
    1568.767     0.875000        23883         8.00
    1715.199     0.887500        24225         8.89
    1843.199     0.900000        24565        10.00
    1974.271     0.912500        24905        11.43
    2115.583     0.925000        25249        13.33
    2224.127     0.937500        25592        16.00
    2269.183     0.943750        25759        17.78
    2322.431     0.950000        25929        20.00
    2387.967     0.956250        26103        22.86
    2455.551     0.962500        26275        26.67
    2529.279     0.968750        26443        32.00
    2559.999     0.971875        26527        35.56
    2596.863     0.975000        26614        40.00
    2631.679     0.978125        26701        45.71
    2670.591     0.981250        26783        53.33
    2713.599     0.984375        26868        64.00
    2732.031     0.985938        26913        71.11
    2754.559     0.987500        26956        80.00
    2777.087     0.989062        26995        91.43
    2818.047     0.990625        27041       106.67
    2852.863     0.992188        27082       128.00
    2867.199     0.992969        27103       142.22
    2885.631     0.993750        27123       160.00
    2902.015     0.994531        27144       182.86
    2920.447     0.995313        27166       213.33
    2938.879     0.996094        27188       256.00
    2947.071     0.996484        27202       284.44
    2955.263     0.996875        27209       320.00
    2967.551     0.997266        27221       365.71
    2975.743     0.997656        27231       426.67
    2981.887     0.998047        27240       512.00
    2988.031     0.998242        27247       568.89
    2994.175     0.998437        27254       640.00
    2996.223     0.998633        27256       731.43
    3006.463     0.998828        27262       853.33
    3012.607     0.999023        27269      1024.00
    3014.655     0.999121        27273      1137.78
    3014.655     0.999219        27273      1280.00
    3018.751     0.999316        27275      1462.86
    3020.799     0.999414        27278      1706.67
    3022.847     0.999512        27280      2048.00
    3026.943     0.999561        27282      2275.56
    3035.135     0.999609        27284      2560.00
    3035.135     0.999658        27284      2925.71
    3039.231     0.999707        27286      3413.33
    3041.279     0.999756        27288      4096.00
    3041.279     0.999780        27288      4551.11
    3041.279     0.999805        27288      5120.00
    3043.327     0.999829        27289      5851.43
    3045.375     0.999854        27291      6826.67
    3045.375     0.999878        27291      8192.00
    3045.375     0.999890        27291      9102.22
    3045.375     0.999902        27291     10240.00
    3045.375     0.999915        27291     11702.86
    3069.951     0.999927        27293     13653.33
    3069.951     1.000000        27293          inf
#[Mean    =      395.699, StdDeviation   =      772.334]
#[Max     =     3067.904, Total count    =        27293]
#[Buckets =           27, SubBuckets     =         2048]
----------------------------------------------------------
  29798 requests in 2.00m, 7.03MB read
Requests/sec:    248.27
Transfer/sec:     59.94KB
