Running 3m test @ http://10.99.205.204:11000/a?value=1
  4 threads and 10 connections
  Thread calibration: mean lat.: 2184.162ms, rate sampling interval: 7348ms
  Thread calibration: mean lat.: 1952.243ms, rate sampling interval: 7585ms
  Thread calibration: mean lat.: 1968.923ms, rate sampling interval: 6868ms
  Thread calibration: mean lat.: 2078.886ms, rate sampling interval: 7311ms
  Thread Stats   Avg      Stdev     Max   +/- Stdev
    Latency    36.04s    18.58s    1.15m    57.86%
    Req/Sec    15.02      0.53    16.00    100.00%
  Latency Distribution (HdrHistogram - Recorded Latency)
 50.000%   35.88s 
 75.000%    0.87m 
 90.000%    1.03m 
 99.000%    1.13m 
 99.900%    1.15m 
 99.990%    1.15m 
 99.999%    1.15m 
100.000%    1.15m 

  Detailed Percentile spectrum:
       Value   Percentile   TotalCount 1/(1-Percentile)

    3698.687     0.000000            1         1.00
   10207.231     0.100000         1058         1.11
   16826.367     0.200000         2116         1.25
   23314.431     0.300000         3177         1.43
   29409.279     0.400000         4233         1.67
   35880.959     0.500000         5289         2.00
   39256.063     0.550000         5820         2.22
   42500.095     0.600000         6354         2.50
   45613.055     0.650000         6878         2.86
   48758.783     0.700000         7405         3.33
   51904.511     0.750000         7937         4.00
   53641.215     0.775000         8199         4.44
   55476.223     0.800000         8467         5.00
   57212.927     0.825000         8732         5.71
   58654.719     0.850000         8994         6.67
   60293.119     0.875000         9264         8.00
   61112.319     0.887500         9388         8.89
   61931.519     0.900000         9530        10.00
   62554.111     0.912500         9653        11.43
   63438.847     0.925000         9785        13.33
   64323.583     0.937500         9918        16.00
   64749.567     0.943750         9983        17.78
   65208.319     0.950000        10051        20.00
   65601.535     0.956250        10120        22.86
   65961.983     0.962500        10184        26.67
   66322.431     0.968750        10249        32.00
   66551.807     0.971875        10283        35.56
   66748.415     0.975000        10318        40.00
   66912.255     0.978125        10350        45.71
   67108.863     0.981250        10384        53.33
   67305.471     0.984375        10420        64.00
   67371.007     0.985938        10438        71.11
   67436.543     0.987500        10449        80.00
   67567.615     0.989062        10468        91.43
   67698.687     0.990625        10480       106.67
   67895.295     0.992188        10499       128.00
   67960.831     0.992969        10504       142.22
   68026.367     0.993750        10514       160.00
   68157.439     0.994531        10525       182.86
   68222.975     0.995313        10534       213.33
   68354.047     0.996094        10540       256.00
   68419.583     0.996484        10545       284.44
   68419.583     0.996875        10545       320.00
   68550.655     0.997266        10555       365.71
   68550.655     0.997656        10555       426.67
   68616.191     0.998047        10558       512.00
   68681.727     0.998242        10560       568.89
   68747.263     0.998437        10564       640.00
   68747.263     0.998633        10564       731.43
   68812.799     0.998828        10568       853.33
   68812.799     0.999023        10568      1024.00
   68878.335     0.999121        10569      1137.78
   68943.871     0.999219        10572      1280.00
   68943.871     0.999316        10572      1462.86
   68943.871     0.999414        10572      1706.67
   69009.407     0.999512        10575      2048.00
   69009.407     0.999561        10575      2275.56
   69009.407     0.999609        10575      2560.00
   69009.407     0.999658        10575      2925.71
   69009.407     0.999707        10575      3413.33
   69074.943     0.999756        10576      4096.00
   69074.943     0.999780        10576      4551.11
   69074.943     0.999805        10576      5120.00
   69140.479     0.999829        10577      5851.43
   69140.479     0.999854        10577      6826.67
   69140.479     0.999878        10577      8192.00
   69140.479     0.999890        10577      9102.22
   69140.479     0.999902        10577     10240.00
   69271.551     0.999915        10578     11702.86
   69271.551     1.000000        10578          inf
#[Mean    =    36037.987, StdDeviation   =    18581.829]
#[Max     =    69206.016, Total count    =        10578]
#[Buckets =           27, SubBuckets     =         2048]
----------------------------------------------------------
  11180 requests in 3.00m, 2.65MB read
Requests/sec:     62.10
Transfer/sec:     15.08KB
