Running 2m test @ http://10.108.73.23:9080/productpage
  4 threads and 10 connections
  Thread calibration: mean lat.: 153.776ms, rate sampling interval: 710ms
  Thread calibration: mean lat.: 208.072ms, rate sampling interval: 1113ms
  Thread calibration: mean lat.: 401.184ms, rate sampling interval: 1613ms
  Thread calibration: mean lat.: 212.396ms, rate sampling interval: 1142ms
  Thread Stats   Avg      Stdev     Max   +/- Stdev
    Latency   389.26ms  655.30ms   3.51s    85.53%
    Req/Sec    11.93      1.42    20.00     93.51%
  Latency Distribution (HdrHistogram - Recorded Latency)
 50.000%   94.21ms
 75.000%  232.45ms
 90.000%    1.38s 
 99.000%    2.81s 
 99.900%    3.35s 
 99.990%    3.48s 
 99.999%    3.51s 
100.000%    3.51s 

  Detailed Percentile spectrum:
       Value   Percentile   TotalCount 1/(1-Percentile)

       9.319     0.000000            1         1.00
      28.431     0.100000          545         1.11
      52.063     0.200000         1087         1.25
      58.111     0.300000         1630         1.43
      80.639     0.400000         2173         1.67
      94.207     0.500000         2718         2.00
      99.007     0.550000         2990         2.22
     107.263     0.600000         3259         2.50
     124.223     0.650000         3532         2.86
     140.415     0.700000         3802         3.33
     237.823     0.750000         4074         4.00
     472.063     0.775000         4210         4.44
     704.511     0.800000         4345         5.00
     852.991     0.825000         4482         5.71
    1008.639     0.850000         4618         6.67
    1201.151     0.875000         4753         8.00
    1292.287     0.887500         4821         8.89
    1384.447     0.900000         4888        10.00
    1491.967     0.912500         4956        11.43
    1594.367     0.925000         5024        13.33
    1728.511     0.937500         5092        16.00
    1789.951     0.943750         5126        17.78
    1926.143     0.950000         5160        20.00
    2091.007     0.956250         5194        22.86
    2230.271     0.962500         5229        26.67
    2359.295     0.968750         5262        32.00
    2430.975     0.971875         5279        35.56
    2488.319     0.975000         5297        40.00
    2553.855     0.978125         5314        45.71
    2625.535     0.981250         5332        53.33
    2680.831     0.984375         5347        64.00
    2717.695     0.985938         5355        71.11
    2760.703     0.987500         5364        80.00
    2793.471     0.989062         5373        91.43
    2830.335     0.990625         5381       106.67
    2910.207     0.992188         5389       128.00
    2961.407     0.992969         5394       142.22
    3004.415     0.993750         5398       160.00
    3061.759     0.994531         5402       182.86
    3078.143     0.995313         5406       213.33
    3100.671     0.996094         5410       256.00
    3104.767     0.996484         5413       284.44
    3125.247     0.996875         5415       320.00
    3151.871     0.997266         5417       365.71
    3158.015     0.997656         5419       426.67
    3188.735     0.998047         5421       512.00
    3192.831     0.998242         5422       568.89
    3203.071     0.998437         5423       640.00
    3231.743     0.998633         5424       731.43
    3287.039     0.998828         5425       853.33
    3352.575     0.999023         5426      1024.00
    3391.487     0.999121         5427      1137.78
    3391.487     0.999219         5427      1280.00
    3430.399     0.999316         5428      1462.86
    3430.399     0.999414         5428      1706.67
    3465.215     0.999512         5429      2048.00
    3465.215     0.999561         5429      2275.56
    3465.215     0.999609         5429      2560.00
    3479.551     0.999658         5430      2925.71
    3479.551     0.999707         5430      3413.33
    3479.551     0.999756         5430      4096.00
    3479.551     0.999780         5430      4551.11
    3479.551     0.999805         5430      5120.00
    3514.367     0.999829         5431      5851.43
    3514.367     1.000000         5431          inf
#[Mean    =      389.259, StdDeviation   =      655.300]
#[Max     =     3512.320, Total count    =         5431]
#[Buckets =           27, SubBuckets     =         2048]
----------------------------------------------------------
  5915 requests in 2.00m, 86.51MB read
Requests/sec:     49.29
Transfer/sec:    738.10KB
