Running 2m test @ http://10.108.73.23:9080/productpage
  4 threads and 10 connections
  Thread calibration: mean lat.: 1571.290ms, rate sampling interval: 7294ms
  Thread calibration: mean lat.: 1739.996ms, rate sampling interval: 6811ms
  Thread calibration: mean lat.: 1611.696ms, rate sampling interval: 7073ms
  Thread calibration: mean lat.: 2205.347ms, rate sampling interval: 7815ms
  Thread Stats   Avg      Stdev     Max   +/- Stdev
    Latency    21.76s    13.02s    0.95m    66.38%
    Req/Sec    23.60      3.00    34.00     90.00%
  Latency Distribution (HdrHistogram - Recorded Latency)
 50.000%   20.17s 
 75.000%   29.00s 
 90.000%   41.45s 
 99.000%    0.91m 
 99.900%    0.94m 
 99.990%    0.95m 
 99.999%    0.95m 
100.000%    0.95m 

  Detailed Percentile spectrum:
       Value   Percentile   TotalCount 1/(1-Percentile)

    2260.991     0.000000            1         1.00
    6721.535     0.100000         1057         1.11
    9306.111     0.200000         2113         1.25
   12492.799     0.300000         3169         1.43
   15671.295     0.400000         4226         1.67
   20168.703     0.500000         5283         2.00
   22970.367     0.550000         5807         2.22
   24936.447     0.600000         6335         2.50
   26148.863     0.650000         6871         2.86
   27000.831     0.700000         7391         3.33
   28999.679     0.750000         7919         4.00
   30195.711     0.775000         8186         4.44
   31490.047     0.800000         8448         5.00
   33308.671     0.825000         8712         5.71
   35684.351     0.850000         8975         6.67
   38567.935     0.875000         9241         8.00
   39878.655     0.887500         9372         8.89
   41451.519     0.900000         9506        10.00
   42631.167     0.912500         9635        11.43
   44433.407     0.925000         9771        13.33
   46301.183     0.937500         9900        16.00
   47251.455     0.943750         9966        17.78
   48365.567     0.950000        10031        20.00
   49283.071     0.956250        10097        22.86
   50102.271     0.962500        10164        26.67
   50954.239     0.968750        10232        32.00
   51544.063     0.971875        10262        35.56
   52166.655     0.975000        10296        40.00
   52756.479     0.978125        10329        45.71
   53313.535     0.981250        10362        53.33
   53870.591     0.984375        10397        64.00
   54099.967     0.985938        10413        71.11
   54362.111     0.987500        10428        80.00
   54525.951     0.989062        10446        91.43
   54755.327     0.990625        10462       106.67
   54951.935     0.992188        10477       128.00
   55083.007     0.992969        10484       142.22
   55214.079     0.993750        10494       160.00
   55345.151     0.994531        10501       182.86
   55476.223     0.995313        10510       213.33
   55607.295     0.996094        10517       256.00
   55705.599     0.996484        10523       284.44
   55803.903     0.996875        10527       320.00
   55902.207     0.997266        10530       365.71
   56000.511     0.997656        10535       426.67
   56098.815     0.998047        10539       512.00
   56131.583     0.998242        10542       568.89
   56131.583     0.998437        10542       640.00
   56164.351     0.998633        10544       731.43
   56197.119     0.998828        10546       853.33
   56262.655     0.999023        10548      1024.00
   56295.423     0.999121        10549      1137.78
   56328.191     0.999219        10551      1280.00
   56328.191     0.999316        10551      1462.86
   56393.727     0.999414        10552      1706.67
   56426.495     0.999512        10553      2048.00
   56524.799     0.999561        10554      2275.56
   56524.799     0.999609        10554      2560.00
   56623.103     0.999658        10555      2925.71
   56623.103     0.999707        10555      3413.33
   56655.871     0.999756        10556      4096.00
   56655.871     0.999780        10556      4551.11
   56655.871     0.999805        10556      5120.00
   56721.407     0.999829        10557      5851.43
   56721.407     0.999854        10557      6826.67
   56721.407     0.999878        10557      8192.00
   56721.407     0.999890        10557      9102.22
   56721.407     0.999902        10557     10240.00
   56786.943     0.999915        10558     11702.86
   56786.943     1.000000        10558          inf
#[Mean    =    21761.598, StdDeviation   =    13016.551]
#[Max     =    56754.176, Total count    =        10558]
#[Buckets =           27, SubBuckets     =         2048]
----------------------------------------------------------
  11462 requests in 2.00m, 167.63MB read
Requests/sec:     95.50
Transfer/sec:      1.40MB
