Running 2m test @ http://10.108.73.23:9080/productpage
  4 threads and 10 connections
  Thread calibration: mean lat.: 1232.225ms, rate sampling interval: 4591ms
  Thread calibration: mean lat.: 1340.188ms, rate sampling interval: 4423ms
  Thread calibration: mean lat.: 1267.721ms, rate sampling interval: 4349ms
  Thread calibration: mean lat.: 1542.602ms, rate sampling interval: 5902ms
  Thread Stats   Avg      Stdev     Max   +/- Stdev
    Latency    11.06s     7.03s   27.85s    56.37%
    Req/Sec    16.42      1.10    18.00     93.33%
  Latency Distribution (HdrHistogram - Recorded Latency)
 50.000%   10.01s 
 75.000%   16.88s 
 90.000%   21.14s 
 99.000%   25.85s 
 99.900%   27.56s 
 99.990%   27.84s 
 99.999%   27.87s 
100.000%   27.87s 

  Detailed Percentile spectrum:
       Value   Percentile   TotalCount 1/(1-Percentile)

    1573.887     0.000000            1         1.00
    2650.111     0.100000          749         1.11
    3692.543     0.200000         1493         1.25
    5214.207     0.300000         2239         1.43
    7057.407     0.400000         2987         1.67
   10010.623     0.500000         3735         2.00
   11427.839     0.550000         4105         2.22
   12804.095     0.600000         4478         2.50
   14237.695     0.650000         4851         2.86
   15515.647     0.700000         5227         3.33
   16875.519     0.750000         5600         4.00
   17727.487     0.775000         5788         4.44
   18317.311     0.800000         5975         5.00
   19087.359     0.825000         6160         5.71
   19709.951     0.850000         6347         6.67
   20447.231     0.875000         6532         8.00
   20824.063     0.887500         6625         8.89
   21135.359     0.900000         6718        10.00
   21561.343     0.912500         6812        11.43
   22233.087     0.925000         6908        13.33
   22757.375     0.937500         6998        16.00
   23052.287     0.943750         7044        17.78
   23412.735     0.950000         7090        20.00
   23756.799     0.956250         7137        22.86
   24068.095     0.962500         7186        26.67
   24412.159     0.968750         7231        32.00
   24526.847     0.971875         7257        35.56
   24707.071     0.975000         7280        40.00
   24805.375     0.978125         7301        45.71
   25001.983     0.981250         7325        53.33
   25214.975     0.984375         7348        64.00
   25313.279     0.985938         7360        71.11
   25427.967     0.987500         7370        80.00
   25690.111     0.989062         7382        91.43
   25952.255     0.990625         7394       106.67
   26034.175     0.992188         7405       128.00
   26247.167     0.992969         7411       142.22
   26378.239     0.993750         7417       160.00
   26623.999     0.994531         7423       182.86
   26755.071     0.995313         7429       213.33
   27000.831     0.996094         7434       256.00
   27213.823     0.996484         7437       284.44
   27246.591     0.996875         7440       320.00
   27262.975     0.997266         7443       365.71
   27312.127     0.997656         7447       426.67
   27459.583     0.998047         7451       512.00
   27459.583     0.998242         7451       568.89
   27475.967     0.998437         7453       640.00
   27475.967     0.998633         7453       731.43
   27508.735     0.998828         7455       853.33
   27557.887     0.999023         7456      1024.00
   27590.655     0.999121         7457      1137.78
   27639.807     0.999219         7458      1280.00
   27639.807     0.999316         7458      1462.86
   27705.343     0.999414         7459      1706.67
   27754.495     0.999512         7460      2048.00
   27754.495     0.999561         7460      2275.56
   27820.031     0.999609         7461      2560.00
   27820.031     0.999658         7461      2925.71
   27820.031     0.999707         7461      3413.33
   27836.415     0.999756         7462      4096.00
   27836.415     0.999780         7462      4551.11
   27836.415     0.999805         7462      5120.00
   27836.415     0.999829         7462      5851.43
   27836.415     0.999854         7462      6826.67
   27869.183     0.999878         7463      8192.00
   27869.183     1.000000         7463          inf
#[Mean    =    11057.692, StdDeviation   =     7027.324]
#[Max     =    27852.800, Total count    =         7463]
#[Buckets =           27, SubBuckets     =         2048]
----------------------------------------------------------
  8072 requests in 2.00m, 118.05MB read
Requests/sec:     67.26
Transfer/sec:      0.98MB
