Running 2m test @ http://10.105.92.109:11003/d?value=1
  4 threads and 10 connections
  Thread calibration: mean lat.: 12.640ms, rate sampling interval: 35ms
  Thread calibration: mean lat.: 14.669ms, rate sampling interval: 37ms
  Thread calibration: mean lat.: 15.271ms, rate sampling interval: 39ms
  Thread calibration: mean lat.: 15.366ms, rate sampling interval: 37ms
  Thread Stats   Avg      Stdev     Max   +/- Stdev
    Latency    14.37ms    8.30ms  52.16ms   76.65%
    Req/Sec    20.11     23.69    58.00     71.79%
  Latency Distribution (HdrHistogram - Recorded Latency)
 50.000%   14.44ms
 75.000%   16.80ms
 90.000%   18.70ms
 99.000%   47.81ms
 99.900%   49.22ms
 99.990%   51.94ms
 99.999%   52.19ms
100.000%   52.19ms

  Detailed Percentile spectrum:
       Value   Percentile   TotalCount 1/(1-Percentile)

       2.653     0.000000            1         1.00
       4.511     0.100000          885         1.11
       6.767     0.200000         1761         1.25
      12.519     0.300000         2643         1.43
      13.567     0.400000         3520         1.67
      14.439     0.500000         4401         2.00
      14.903     0.550000         4847         2.22
      15.367     0.600000         5288         2.50
      15.871     0.650000         5725         2.86
      16.319     0.700000         6168         3.33
      16.799     0.750000         6603         4.00
      17.071     0.775000         6825         4.44
      17.327     0.800000         7046         5.00
      17.583     0.825000         7272         5.71
      17.855     0.850000         7480         6.67
      18.255     0.875000         7715         8.00
      18.447     0.887500         7816         8.89
      18.703     0.900000         7923        10.00
      18.975     0.912500         8031        11.43
      19.311     0.925000         8143        13.33
      19.759     0.937500         8251        16.00
      20.047     0.943750         8306        17.78
      20.495     0.950000         8360        20.00
      21.215     0.956250         8415        22.86
      46.079     0.962500         8474        26.67
      46.687     0.968750         8529        32.00
      46.847     0.971875         8552        35.56
      47.039     0.975000         8585        40.00
      47.167     0.978125         8610        45.71
      47.263     0.981250         8639        53.33
      47.423     0.984375         8666        64.00
      47.519     0.985938         8677        71.11
      47.615     0.987500         8690        80.00
      47.743     0.989062         8706        91.43
      47.935     0.990625         8718       106.67
      48.095     0.992188         8732       128.00
      48.159     0.992969         8738       142.22
      48.351     0.993750         8749       160.00
      48.383     0.994531         8752       182.86
      48.511     0.995313         8759       213.33
      48.607     0.996094         8767       256.00
      48.735     0.996484         8769       284.44
      48.767     0.996875         8773       320.00
      48.799     0.997266         8775       365.71
      48.959     0.997656         8780       426.67
      49.023     0.998047         8782       512.00
      49.087     0.998242         8785       568.89
      49.119     0.998437         8787       640.00
      49.119     0.998633         8787       731.43
      49.215     0.998828         8791       853.33
      49.215     0.999023         8791      1024.00
      49.375     0.999121         8792      1137.78
      49.471     0.999219         8793      1280.00
      49.471     0.999316         8793      1462.86
      49.503     0.999414         8794      1706.67
      49.663     0.999512         8795      2048.00
      49.695     0.999561         8796      2275.56
      49.695     0.999609         8796      2560.00
      49.695     0.999658         8796      2925.71
      50.335     0.999707         8797      3413.33
      50.335     0.999756         8797      4096.00
      51.935     0.999780         8798      4551.11
      51.935     0.999805         8798      5120.00
      51.935     0.999829         8798      5851.43
      51.935     0.999854         8798      6826.67
      51.935     0.999878         8798      8192.00
      52.191     0.999890         8799      9102.22
      52.191     1.000000         8799          inf
#[Mean    =       14.365, StdDeviation   =        8.299]
#[Max     =       52.160, Total count    =         8799]
#[Buckets =           27, SubBuckets     =         2048]
----------------------------------------------------------
  9604 requests in 2.00m, 2.27MB read
Requests/sec:     80.02
Transfer/sec:     19.36KB
