Running 2m test @ http://10.105.92.109:11003/d?value=1
  4 threads and 10 connections
  Thread calibration: mean lat.: 15.182ms, rate sampling interval: 93ms
  Thread calibration: mean lat.: 12.274ms, rate sampling interval: 34ms
  Thread calibration: mean lat.: 11.343ms, rate sampling interval: 27ms
  Thread calibration: mean lat.: 12.804ms, rate sampling interval: 93ms
  Thread Stats   Avg      Stdev     Max   +/- Stdev
    Latency    12.74ms   11.26ms  86.08ms   91.94%
    Req/Sec    12.48     21.83    76.00     86.57%
  Latency Distribution (HdrHistogram - Recorded Latency)
 50.000%   11.69ms
 75.000%   13.85ms
 90.000%   18.43ms
 99.000%   48.67ms
 99.900%   50.49ms
 99.990%   84.93ms
 99.999%   86.14ms
100.000%   86.14ms

  Detailed Percentile spectrum:
       Value   Percentile   TotalCount 1/(1-Percentile)

       2.761     0.000000            1         1.00
       4.029     0.100000          550         1.11
       4.479     0.200000         1104         1.25
       4.931     0.300000         1651         1.43
      10.343     0.400000         2200         1.67
      11.687     0.500000         2752         2.00
      12.167     0.550000         3026         2.22
      12.567     0.600000         3301         2.50
      12.911     0.650000         3576         2.86
      13.303     0.700000         3849         3.33
      13.847     0.750000         4124         4.00
      14.175     0.775000         4263         4.44
      14.655     0.800000         4397         5.00
      15.495     0.825000         4535         5.71
      16.751     0.850000         4673         6.67
      17.519     0.875000         4811         8.00
      17.999     0.887500         4880         8.89
      18.431     0.900000         4947        10.00
      19.263     0.912500         5016        11.43
      45.823     0.925000         5086        13.33
      46.431     0.937500         5155        16.00
      46.687     0.943750         5191        17.78
      46.847     0.950000         5226        20.00
      47.007     0.956250         5257        22.86
      47.199     0.962500         5290        26.67
      47.455     0.968750         5325        32.00
      47.647     0.971875         5342        35.56
      47.743     0.975000         5361        40.00
      47.871     0.978125         5377        45.71
      48.031     0.981250         5394        53.33
      48.287     0.984375         5412        64.00
      48.415     0.985938         5419        71.11
      48.511     0.987500         5428        80.00
      48.639     0.989062         5436        91.43
      48.735     0.990625         5446       106.67
      48.831     0.992188         5455       128.00
      48.959     0.992969         5459       142.22
      49.055     0.993750         5463       160.00
      49.151     0.994531         5468       182.86
      49.279     0.995313         5472       213.33
      49.439     0.996094         5475       256.00
      49.535     0.996484         5477       284.44
      49.695     0.996875         5479       320.00
      49.855     0.997266         5481       365.71
      50.111     0.997656         5484       426.67
      50.143     0.998047         5486       512.00
      50.175     0.998242         5487       568.89
      50.271     0.998437         5488       640.00
      50.463     0.998633         5489       731.43
      50.495     0.998828         5491       853.33
      50.495     0.999023         5491      1024.00
      51.103     0.999121         5492      1137.78
      51.103     0.999219         5492      1280.00
      51.135     0.999316         5493      1462.86
      51.135     0.999414         5493      1706.67
      51.263     0.999512         5494      2048.00
      51.263     0.999561         5494      2275.56
      51.263     0.999609         5494      2560.00
      84.927     0.999658         5495      2925.71
      84.927     0.999707         5495      3413.33
      84.927     0.999756         5495      4096.00
      84.927     0.999780         5495      4551.11
      84.927     0.999805         5495      5120.00
      86.143     0.999829         5496      5851.43
      86.143     1.000000         5496          inf
#[Mean    =       12.743, StdDeviation   =       11.263]
#[Max     =       86.080, Total count    =         5496]
#[Buckets =           27, SubBuckets     =         2048]
----------------------------------------------------------
  6004 requests in 2.00m, 1.42MB read
Requests/sec:     50.03
Transfer/sec:     12.09KB
