Running 2m test @ http://10.105.92.109:11003/d?value=1
  4 threads and 10 connections
  Thread calibration: mean lat.: 344.432ms, rate sampling interval: 2928ms
  Thread calibration: mean lat.: 293.417ms, rate sampling interval: 2539ms
  Thread calibration: mean lat.: 354.613ms, rate sampling interval: 2990ms
  Thread calibration: mean lat.: 344.289ms, rate sampling interval: 2893ms
  Thread Stats   Avg      Stdev     Max   +/- Stdev
    Latency    28.76ms   18.05ms  90.75ms   53.24%
    Req/Sec    24.47      0.50    25.00    100.00%
  Latency Distribution (HdrHistogram - Recorded Latency)
 50.000%   21.17ms
 75.000%   47.26ms
 90.000%   52.86ms
 99.000%   57.47ms
 99.900%   59.49ms
 99.990%   61.60ms
 99.999%   90.82ms
100.000%   90.82ms

  Detailed Percentile spectrum:
       Value   Percentile   TotalCount 1/(1-Percentile)

       2.845     0.000000            1         1.00
       4.495     0.100000         1101         1.11
      12.223     0.200000         2200         1.25
      16.543     0.300000         3309         1.43
      17.711     0.400000         4407         1.67
      21.167     0.500000         5499         2.00
      34.079     0.550000         6050         2.22
      36.575     0.600000         6601         2.50
      39.167     0.650000         7151         2.86
      46.527     0.700000         7707         3.33
      47.263     0.750000         8258         4.00
      47.615     0.775000         8531         4.44
      48.223     0.800000         8805         5.00
      48.895     0.825000         9075         5.71
      50.303     0.850000         9349         6.67
      51.519     0.875000         9623         8.00
      52.223     0.887500         9764         8.89
      52.863     0.900000         9905        10.00
      53.471     0.912500        10044        11.43
      54.047     0.925000        10175        13.33
      54.527     0.937500        10315        16.00
      54.751     0.943750        10383        17.78
      55.007     0.950000        10456        20.00
      55.295     0.956250        10518        22.86
      55.551     0.962500        10587        26.67
      55.871     0.968750        10655        32.00
      56.063     0.971875        10689        35.56
      56.255     0.975000        10723        40.00
      56.511     0.978125        10758        45.71
      56.703     0.981250        10793        53.33
      56.895     0.984375        10826        64.00
      57.023     0.985938        10846        71.11
      57.183     0.987500        10861        80.00
      57.343     0.989062        10877        91.43
      57.503     0.990625        10894       106.67
      57.727     0.992188        10912       128.00
      57.791     0.992969        10921       142.22
      57.887     0.993750        10929       160.00
      57.983     0.994531        10937       182.86
      58.079     0.995313        10946       213.33
      58.207     0.996094        10957       256.00
      58.271     0.996484        10960       284.44
      58.399     0.996875        10963       320.00
      58.591     0.997266        10968       365.71
      58.719     0.997656        10972       426.67
      58.911     0.998047        10977       512.00
      58.943     0.998242        10979       568.89
      59.039     0.998437        10980       640.00
      59.167     0.998633        10982       731.43
      59.423     0.998828        10985       853.33
      59.487     0.999023        10987      1024.00
      59.519     0.999121        10988      1137.78
      59.647     0.999219        10989      1280.00
      59.679     0.999316        10990      1462.86
      59.711     0.999414        10991      1706.67
      59.839     0.999512        10992      2048.00
      59.935     0.999561        10993      2275.56
      59.935     0.999609        10993      2560.00
      60.127     0.999658        10994      2925.71
      60.127     0.999707        10994      3413.33
      60.351     0.999756        10995      4096.00
      60.351     0.999780        10995      4551.11
      60.351     0.999805        10995      5120.00
      61.599     0.999829        10996      5851.43
      61.599     0.999854        10996      6826.67
      61.599     0.999878        10996      8192.00
      61.599     0.999890        10996      9102.22
      61.599     0.999902        10996     10240.00
      90.815     0.999915        10997     11702.86
      90.815     1.000000        10997          inf
#[Mean    =       28.763, StdDeviation   =       18.048]
#[Max     =       90.752, Total count    =        10997]
#[Buckets =           27, SubBuckets     =         2048]
----------------------------------------------------------
  12001 requests in 2.00m, 2.84MB read
  Socket errors: connect 0, read 0, write 0, timeout 5
Requests/sec:     99.99
Transfer/sec:     24.20KB
