Running 3m test @ http://10.105.92.109:11003/d?value=1
  4 threads and 10 connections
  Thread calibration: mean lat.: 16.662ms, rate sampling interval: 92ms
  Thread calibration: mean lat.: 15.122ms, rate sampling interval: 40ms
  Thread calibration: mean lat.: 11.392ms, rate sampling interval: 32ms
  Thread calibration: mean lat.: 16.210ms, rate sampling interval: 95ms
  Thread Stats   Avg      Stdev     Max   +/- Stdev
    Latency    13.86ms   12.53ms  86.14ms   89.90%
    Req/Sec    25.03     21.39    93.00     45.26%
  Latency Distribution (HdrHistogram - Recorded Latency)
 50.000%   12.27ms
 75.000%   16.88ms
 90.000%   44.32ms
 99.000%   49.09ms
 99.900%   50.81ms
 99.990%   51.94ms
 99.999%   86.21ms
100.000%   86.21ms

  Detailed Percentile spectrum:
       Value   Percentile   TotalCount 1/(1-Percentile)

       2.617     0.000000            1         1.00
       3.863     0.100000         1703         1.11
       4.279     0.200000         3411         1.25
       4.711     0.300000         5100         1.43
       5.583     0.400000         6804         1.67
      12.271     0.500000         8505         2.00
      13.263     0.550000         9349         2.22
      14.223     0.600000        10199         2.50
      15.367     0.650000        11049         2.86
      16.247     0.700000        11900         3.33
      16.879     0.750000        12749         4.00
      17.247     0.775000        13181         4.44
      17.615     0.800000        13619         5.00
      17.983     0.825000        14037         5.71
      18.399     0.850000        14451         6.67
      19.199     0.875000        14873         8.00
      19.855     0.887500        15085         8.89
      44.383     0.900000        15299        10.00
      46.303     0.912500        15513        11.43
      46.719     0.925000        15737        13.33
      47.007     0.937500        15938        16.00
      47.199     0.943750        16059        17.78
      47.327     0.950000        16167        20.00
      47.519     0.956250        16261        22.86
      47.711     0.962500        16367        26.67
      47.999     0.968750        16482        32.00
      48.095     0.971875        16526        35.56
      48.223     0.975000        16576        40.00
      48.383     0.978125        16631        45.71
      48.511     0.981250        16681        53.33
      48.671     0.984375        16740        64.00
      48.767     0.985938        16764        71.11
      48.895     0.987500        16791        80.00
      48.991     0.989062        16812        91.43
      49.151     0.990625        16844       106.67
      49.343     0.992188        16865       128.00
      49.439     0.992969        16881       142.22
      49.535     0.993750        16894       160.00
      49.631     0.994531        16906       182.86
      49.727     0.995313        16919       213.33
      49.887     0.996094        16933       256.00
      49.951     0.996484        16944       284.44
      49.951     0.996875        16944       320.00
      50.047     0.997266        16952       365.71
      50.143     0.997656        16958       426.67
      50.335     0.998047        16965       512.00
      50.463     0.998242        16968       568.89
      50.623     0.998437        16972       640.00
      50.719     0.998633        16975       731.43
      50.751     0.998828        16978       853.33
      50.943     0.999023        16981      1024.00
      51.039     0.999121        16983      1137.78
      51.103     0.999219        16984      1280.00
      51.167     0.999316        16986      1462.86
      51.263     0.999414        16988      1706.67
      51.423     0.999512        16989      2048.00
      51.455     0.999561        16990      2275.56
      51.775     0.999609        16991      2560.00
      51.807     0.999658        16993      2925.71
      51.807     0.999707        16993      3413.33
      51.807     0.999756        16993      4096.00
      51.935     0.999780        16995      4551.11
      51.935     0.999805        16995      5120.00
      51.935     0.999829        16995      5851.43
      51.935     0.999854        16995      6826.67
      51.935     0.999878        16995      8192.00
      52.159     0.999890        16996      9102.22
      52.159     0.999902        16996     10240.00
      52.159     0.999915        16996     11702.86
      52.159     0.999927        16996     13653.33
      52.159     0.999939        16996     16384.00
      86.207     0.999945        16997     18204.44
      86.207     1.000000        16997          inf
#[Mean    =       13.863, StdDeviation   =       12.533]
#[Max     =       86.144, Total count    =        16997]
#[Buckets =           27, SubBuckets     =         2048]
----------------------------------------------------------
  18003 requests in 3.00m, 4.25MB read
Requests/sec:    100.01
Transfer/sec:     24.17KB
