Running 3m test @ http://10.105.92.109:11003/d?value=1
  4 threads and 10 connections
  Thread calibration: mean lat.: 16.854ms, rate sampling interval: 95ms
  Thread calibration: mean lat.: 14.384ms, rate sampling interval: 94ms
  Thread calibration: mean lat.: 15.006ms, rate sampling interval: 94ms
  Thread calibration: mean lat.: 14.486ms, rate sampling interval: 95ms
  Thread Stats   Avg      Stdev     Max   +/- Stdev
    Latency    14.44ms   16.02ms  94.40ms   82.92%
    Req/Sec    37.26      9.30    64.00     76.87%
  Latency Distribution (HdrHistogram - Recorded Latency)
 50.000%    5.31ms
 75.000%   17.63ms
 90.000%   47.36ms
 99.000%   51.04ms
 99.900%   58.53ms
 99.990%   86.33ms
 99.999%   94.46ms
100.000%   94.46ms

  Detailed Percentile spectrum:
       Value   Percentile   TotalCount 1/(1-Percentile)

       2.813     0.000000            1         1.00
       4.067     0.100000         2553         1.11
       4.395     0.200000         5105         1.25
       4.675     0.300000         7653         1.43
       4.967     0.400000        10215         1.67
       5.307     0.500000        12756         2.00
       5.535     0.550000        14030         2.22
       5.863     0.600000        15317         2.50
       7.295     0.650000        16573         2.86
      16.703     0.700000        17853         3.33
      17.631     0.750000        19125         4.00
      18.351     0.775000        19770         4.44
      19.215     0.800000        20401         5.00
      22.831     0.825000        21035         5.71
      46.207     0.850000        21682         6.67
      46.879     0.875000        22310         8.00
      47.135     0.887500        22659         8.89
      47.359     0.900000        22969        10.00
      47.615     0.912500        23271        11.43
      47.903     0.925000        23588        13.33
      48.255     0.937500        23916        16.00
      48.447     0.943750        24087        17.78
      48.639     0.950000        24255        20.00
      48.863     0.956250        24408        22.86
      49.055     0.962500        24550        26.67
      49.279     0.968750        24719        32.00
      49.439     0.971875        24787        35.56
      49.631     0.975000        24863        40.00
      49.823     0.978125        24944        45.71
      50.079     0.981250        25018        53.33
      50.367     0.984375        25098        64.00
      50.559     0.985938        25146        71.11
      50.751     0.987500        25181        80.00
      50.943     0.989062        25221        91.43
      51.135     0.990625        25264       106.67
      51.327     0.992188        25299       128.00
      51.487     0.992969        25319       142.22
      51.647     0.993750        25338       160.00
      51.807     0.994531        25358       182.86
      51.999     0.995313        25378       213.33
      52.319     0.996094        25397       256.00
      52.415     0.996484        25407       284.44
      52.703     0.996875        25418       320.00
      53.119     0.997266        25427       365.71
      53.631     0.997656        25438       426.67
      55.199     0.998047        25448       512.00
      55.871     0.998242        25452       568.89
      56.447     0.998437        25457       640.00
      56.927     0.998633        25462       731.43
      57.471     0.998828        25467       853.33
      58.879     0.999023        25472      1024.00
      59.231     0.999121        25474      1137.78
      59.679     0.999219        25477      1280.00
      60.319     0.999316        25479      1462.86
      61.823     0.999414        25482      1706.67
      63.679     0.999512        25484      2048.00
      65.215     0.999561        25485      2275.56
      67.711     0.999609        25487      2560.00
      67.775     0.999658        25488      2925.71
      70.015     0.999707        25489      3413.33
      70.975     0.999756        25490      4096.00
      81.727     0.999780        25491      4551.11
      82.047     0.999805        25492      5120.00
      82.047     0.999829        25492      5851.43
      86.335     0.999854        25493      6826.67
      86.335     0.999878        25493      8192.00
      87.039     0.999890        25494      9102.22
      87.039     0.999902        25494     10240.00
      87.039     0.999915        25494     11702.86
      89.343     0.999927        25495     13653.33
      89.343     0.999939        25495     16384.00
      89.343     0.999945        25495     18204.44
      89.343     0.999951        25495     20480.00
      89.343     0.999957        25495     23405.71
      94.463     0.999963        25496     27306.67
      94.463     1.000000        25496          inf
#[Mean    =       14.437, StdDeviation   =       16.024]
#[Max     =       94.400, Total count    =        25496]
#[Buckets =           27, SubBuckets     =         2048]
----------------------------------------------------------
  27004 requests in 3.00m, 6.37MB read
Requests/sec:    150.02
Transfer/sec:     36.24KB
