Running 3m test @ http://10.105.92.109:11003/d?value=1
  4 threads and 10 connections
  Thread calibration: mean lat.: 13.579ms, rate sampling interval: 39ms
  Thread calibration: mean lat.: 14.327ms, rate sampling interval: 42ms
  Thread calibration: mean lat.: 15.691ms, rate sampling interval: 47ms
  Thread calibration: mean lat.: 12.115ms, rate sampling interval: 27ms
  Thread Stats   Avg      Stdev     Max   +/- Stdev
    Latency    13.60ms   10.32ms  92.42ms   91.48%
    Req/Sec    50.27     21.98   121.00     57.99%
  Latency Distribution (HdrHistogram - Recorded Latency)
 50.000%   12.34ms
 75.000%   15.10ms
 90.000%   19.09ms
 99.000%   52.35ms
 99.900%   61.57ms
 99.990%   75.65ms
 99.999%   92.48ms
100.000%   92.48ms

  Detailed Percentile spectrum:
       Value   Percentile   TotalCount 1/(1-Percentile)

       2.433     0.000000            1         1.00
       4.019     0.100000         3406         1.11
       5.175     0.200000         6800         1.25
       9.807     0.300000        10206         1.43
      11.415     0.400000        13615         1.67
      12.335     0.500000        17013         2.00
      12.751     0.550000        18717         2.22
      13.247     0.600000        20432         2.50
      13.791     0.650000        22114         2.86
      14.383     0.700000        23818         3.33
      15.095     0.750000        25501         4.00
      15.543     0.775000        26354         4.44
      16.055     0.800000        27211         5.00
      16.607     0.825000        28049         5.71
      17.247     0.850000        28912         6.67
      17.967     0.875000        29763         8.00
      18.447     0.887500        30174         8.89
      19.103     0.900000        30606        10.00
      20.175     0.912500        31026        11.43
      21.903     0.925000        31449        13.33
      44.575     0.937500        31876        16.00
      45.983     0.943750        32094        17.78
      46.399     0.950000        32313        20.00
      46.655     0.956250        32545        22.86
      46.911     0.962500        32732        26.67
      47.263     0.968750        32937        32.00
      47.487     0.971875        33053        35.56
      47.775     0.975000        33156        40.00
      48.031     0.978125        33255        45.71
      48.383     0.981250        33361        53.33
      48.863     0.984375        33468        64.00
      49.375     0.985938        33521        71.11
      50.335     0.987500        33575        80.00
      51.871     0.989062        33628        91.43
      52.575     0.990625        33681       106.67
      53.119     0.992188        33734       128.00
      53.439     0.992969        33760       142.22
      53.695     0.993750        33786       160.00
      53.951     0.994531        33815       182.86
      54.239     0.995313        33842       213.33
      54.591     0.996094        33867       256.00
      54.879     0.996484        33879       284.44
      55.423     0.996875        33892       320.00
      56.671     0.997266        33906       365.71
      58.175     0.997656        33919       426.67
      58.687     0.998047        33932       512.00
      59.199     0.998242        33939       568.89
      59.679     0.998437        33945       640.00
      60.127     0.998633        33952       731.43
      60.991     0.998828        33959       853.33
      61.631     0.999023        33965      1024.00
      62.047     0.999121        33969      1137.78
      62.367     0.999219        33972      1280.00
      62.527     0.999316        33975      1462.86
      63.199     0.999414        33979      1706.67
      63.679     0.999512        33982      2048.00
      64.223     0.999561        33984      2275.56
      64.607     0.999609        33985      2560.00
      66.303     0.999658        33987      2925.71
      67.967     0.999707        33989      3413.33
      68.735     0.999756        33990      4096.00
      69.823     0.999780        33991      4551.11
      70.463     0.999805        33992      5120.00
      70.591     0.999829        33993      5851.43
      73.279     0.999854        33994      6826.67
      73.279     0.999878        33994      8192.00
      75.647     0.999890        33995      9102.22
      75.647     0.999902        33995     10240.00
      80.639     0.999915        33996     11702.86
      80.639     0.999927        33996     13653.33
      80.639     0.999939        33996     16384.00
      83.903     0.999945        33997     18204.44
      83.903     0.999951        33997     20480.00
      83.903     0.999957        33997     23405.71
      83.903     0.999963        33997     27306.67
      83.903     0.999969        33997     32768.00
      92.479     0.999973        33998     36408.89
      92.479     1.000000        33998          inf
#[Mean    =       13.599, StdDeviation   =       10.324]
#[Max     =       92.416, Total count    =        33998]
#[Buckets =           27, SubBuckets     =         2048]
----------------------------------------------------------
  36004 requests in 3.00m, 8.50MB read
Requests/sec:    200.01
Transfer/sec:     48.34KB
