Running 3m test @ http://10.105.92.109:11003/d?value=1
  4 threads and 10 connections
  Thread calibration: mean lat.: 23.769ms, rate sampling interval: 94ms
  Thread calibration: mean lat.: 34.055ms, rate sampling interval: 102ms
  Thread calibration: mean lat.: 24.424ms, rate sampling interval: 94ms
  Thread calibration: mean lat.: 26.520ms, rate sampling interval: 95ms
  Thread Stats   Avg      Stdev     Max   +/- Stdev
    Latency    24.40ms   15.53ms  92.80ms   60.09%
    Req/Sec    37.25      8.40    64.00     80.80%
  Latency Distribution (HdrHistogram - Recorded Latency)
 50.000%   19.42ms
 75.000%   36.29ms
 90.000%   48.48ms
 99.000%   51.90ms
 99.900%   54.78ms
 99.990%   60.80ms
 99.999%   92.86ms
100.000%   92.86ms

  Detailed Percentile spectrum:
       Value   Percentile   TotalCount 1/(1-Percentile)

       2.803     0.000000            1         1.00
       4.299     0.100000         2554         1.11
      10.943     0.200000         5100         1.25
      15.295     0.300000         7654         1.43
      17.023     0.400000        10218         1.67
      19.423     0.500000        12752         2.00
      22.335     0.550000        14029         2.22
      24.239     0.600000        15302         2.50
      31.119     0.650000        16579         2.86
      34.015     0.700000        17853         3.33
      36.287     0.750000        19137         4.00
      37.727     0.775000        19763         4.44
      45.471     0.800000        20403         5.00
      46.687     0.825000        21052         5.71
      47.327     0.850000        21700         6.67
      47.935     0.875000        22313         8.00
      48.223     0.887500        22642         8.89
      48.479     0.900000        22965        10.00
      48.799     0.912500        23269        11.43
      49.247     0.925000        23612        13.33
      49.759     0.937500        23929        16.00
      49.951     0.943750        24072        17.78
      50.143     0.950000        24242        20.00
      50.335     0.956250        24419        22.86
      50.495     0.962500        24557        26.67
      50.687     0.968750        24705        32.00
      50.815     0.971875        24786        35.56
      50.943     0.975000        24875        40.00
      51.103     0.978125        24950        45.71
      51.295     0.981250        25029        53.33
      51.487     0.984375        25103        64.00
      51.647     0.985938        25148        71.11
      51.743     0.987500        25188        80.00
      51.871     0.989062        25234        91.43
      51.935     0.990625        25261       106.67
      52.095     0.992188        25309       128.00
      52.159     0.992969        25323       142.22
      52.223     0.993750        25346       160.00
      52.287     0.994531        25361       182.86
      52.383     0.995313        25380       213.33
      52.511     0.996094        25402       256.00
      52.575     0.996484        25414       284.44
      52.671     0.996875        25420       320.00
      52.767     0.997266        25430       365.71
      52.959     0.997656        25441       426.67
      53.151     0.998047        25451       512.00
      53.279     0.998242        25455       568.89
      53.439     0.998437        25460       640.00
      53.727     0.998633        25465       731.43
      54.143     0.998828        25470       853.33
      54.783     0.999023        25475      1024.00
      55.103     0.999121        25477      1137.78
      55.231     0.999219        25480      1280.00
      55.327     0.999316        25482      1462.86
      56.063     0.999414        25485      1706.67
      56.095     0.999512        25487      2048.00
      56.287     0.999561        25488      2275.56
      57.215     0.999609        25490      2560.00
      57.631     0.999658        25491      2925.71
      59.455     0.999707        25492      3413.33
      59.583     0.999756        25493      4096.00
      59.775     0.999780        25494      4551.11
      59.839     0.999805        25495      5120.00
      59.839     0.999829        25495      5851.43
      60.799     0.999854        25496      6826.67
      60.799     0.999878        25496      8192.00
      61.855     0.999890        25497      9102.22
      61.855     0.999902        25497     10240.00
      61.855     0.999915        25497     11702.86
      62.079     0.999927        25498     13653.33
      62.079     0.999939        25498     16384.00
      62.079     0.999945        25498     18204.44
      62.079     0.999951        25498     20480.00
      62.079     0.999957        25498     23405.71
      92.863     0.999963        25499     27306.67
      92.863     1.000000        25499          inf
#[Mean    =       24.400, StdDeviation   =       15.526]
#[Max     =       92.800, Total count    =        25499]
#[Buckets =           27, SubBuckets     =         2048]
----------------------------------------------------------
  27003 requests in 3.00m, 6.38MB read
Requests/sec:    150.00
Transfer/sec:     36.30KB
