Running 2m test @ http://10.102.123.170:11000/a?value=1
  2 threads and 10 connections
  Thread calibration: mean lat.: 37.778ms, rate sampling interval: 102ms
  Thread calibration: mean lat.: 36.650ms, rate sampling interval: 103ms
  Thread Stats   Avg      Stdev     Max   +/- Stdev
    Latency    35.74ms    9.10ms  57.22ms   69.64%
    Req/Sec     4.98     14.12    49.00     89.73%
  Latency Distribution (HdrHistogram - Recorded Latency)
 50.000%   37.85ms
 75.000%   42.24ms
 90.000%   45.73ms
 99.000%   50.24ms
 99.900%   54.88ms
 99.990%   57.25ms
 99.999%   57.25ms
100.000%   57.25ms

  Detailed Percentile spectrum:
       Value   Percentile   TotalCount 1/(1-Percentile)

      10.719     0.000000            1         1.00
      21.343     0.100000          111         1.11
      28.271     0.200000          221         1.25
      32.767     0.300000          330         1.43
      35.775     0.400000          441         1.67
      37.855     0.500000          551         2.00
      38.623     0.550000          607         2.22
      39.359     0.600000          660         2.50
      40.127     0.650000          717         2.86
      41.247     0.700000          772         3.33
      42.239     0.750000          826         4.00
      42.655     0.775000          853         4.44
      43.071     0.800000          882         5.00
      43.711     0.825000          909         5.71
      44.383     0.850000          935         6.67
      45.023     0.875000          964         8.00
      45.375     0.887500          978         8.89
      45.727     0.900000          990        10.00
      46.207     0.912500         1004        11.43
      46.719     0.925000         1020        13.33
      47.231     0.937500         1033        16.00
      47.519     0.943750         1039        17.78
      47.775     0.950000         1045        20.00
      48.191     0.956250         1052        22.86
      48.671     0.962500         1059        26.67
      49.055     0.968750         1066        32.00
      49.311     0.971875         1071        35.56
      49.375     0.975000         1073        40.00
      49.727     0.978125         1076        45.71
      49.855     0.981250         1081        53.33
      50.111     0.984375         1084        64.00
      50.175     0.985938         1085        71.11
      50.207     0.987500         1087        80.00
      50.239     0.989062         1089        91.43
      50.655     0.990625         1090       106.67
      51.167     0.992188         1092       128.00
      51.583     0.992969         1093       142.22
      51.711     0.993750         1095       160.00
      51.711     0.994531         1095       182.86
      51.711     0.995313         1095       213.33
      52.159     0.996094         1096       256.00
      53.727     0.996484         1097       284.44
      53.727     0.996875         1097       320.00
      53.727     0.997266         1097       365.71
      54.239     0.997656         1098       426.67
      54.239     0.998047         1098       512.00
      54.879     0.998242         1099       568.89
      54.879     0.998437         1099       640.00
      54.879     0.998633         1099       731.43
      54.879     0.998828         1099       853.33
      54.879     0.999023         1099      1024.00
      57.247     0.999121         1100      1137.78
      57.247     1.000000         1100          inf
#[Mean    =       35.744, StdDeviation   =        9.100]
#[Max     =       57.216, Total count    =         1100]
#[Buckets =           27, SubBuckets     =         2048]
----------------------------------------------------------
  1200 requests in 2.00m, 290.62KB read
Requests/sec:     10.00
Transfer/sec:      2.42KB
