Running 3m test @ http://10.99.205.204:11000/a?value=1
  4 threads and 10 connections
  Thread calibration: mean lat.: 905.500ms, rate sampling interval: 4923ms
  Thread calibration: mean lat.: 821.540ms, rate sampling interval: 4874ms
  Thread calibration: mean lat.: 1955.641ms, rate sampling interval: 6569ms
  Thread calibration: mean lat.: 272.513ms, rate sampling interval: 1527ms
  Thread Stats   Avg      Stdev     Max   +/- Stdev
    Latency    11.61s    16.78s    1.24m    81.01%
    Req/Sec    33.90      4.72    46.00     77.94%
  Latency Distribution (HdrHistogram - Recorded Latency)
 50.000%  744.45ms
 75.000%   21.50s 
 90.000%   38.70s 
 99.000%    1.11m 
 99.900%    1.23m 
 99.990%    1.24m 
 99.999%    1.24m 
100.000%    1.24m 

  Detailed Percentile spectrum:
       Value   Percentile   TotalCount 1/(1-Percentile)

       8.751     0.000000            1         1.00
      12.959     0.100000         2176         1.11
      99.839     0.200000         4352         1.25
     243.199     0.300000         6529         1.43
     416.255     0.400000         8703         1.67
     744.447     0.500000        10879         2.00
    1090.559     0.550000        11967         2.22
    4767.743     0.600000        13055         2.50
   10215.423     0.650000        14143         2.86
   15876.095     0.700000        15230         3.33
   21495.807     0.750000        16318         4.00
   24461.311     0.775000        16863         4.44
   27230.207     0.800000        17407         5.00
   30130.175     0.825000        17954         5.71
   32948.223     0.850000        18495         6.67
   35880.959     0.875000        19043         8.00
   37257.215     0.887500        19311         8.89
   38699.007     0.900000        19585        10.00
   39944.191     0.912500        19856        11.43
   41353.215     0.925000        20128        13.33
   42860.543     0.937500        20398        16.00
   43646.975     0.943750        20535        17.78
   44367.871     0.950000        20673        20.00
   45088.767     0.956250        20811        22.86
   46039.039     0.962500        20942        26.67
   49283.071     0.968750        21079        32.00
   51707.903     0.971875        21146        35.56
   54231.039     0.975000        21214        40.00
   56852.479     0.978125        21282        45.71
   59637.759     0.981250        21351        53.33
   62357.503     0.984375        21419        64.00
   63569.919     0.985938        21452        71.11
   64913.407     0.987500        21486        80.00
   66027.519     0.989062        21520        91.43
   67174.399     0.990625        21556       106.67
   68222.975     0.992188        21589       128.00
   68878.335     0.992969        21605       142.22
   69533.695     0.993750        21623       160.00
   70254.591     0.994531        21641       182.86
   70713.343     0.995313        21656       213.33
   71237.631     0.996094        21675       256.00
   71565.311     0.996484        21681       284.44
   71892.991     0.996875        21690       320.00
   72089.599     0.997266        21698       365.71
   72482.815     0.997656        21707       426.67
   72876.031     0.998047        21715       512.00
   73072.639     0.998242        21721       568.89
   73203.711     0.998437        21725       640.00
   73400.319     0.998633        21729       731.43
   73531.391     0.998828        21733       853.33
   73662.463     0.999023        21739      1024.00
   73662.463     0.999121        21739      1137.78
   73793.535     0.999219        21741      1280.00
   73924.607     0.999316        21743      1462.86
   73990.143     0.999414        21745      1706.67
   74121.215     0.999512        21748      2048.00
   74121.215     0.999561        21748      2275.56
   74186.751     0.999609        21751      2560.00
   74186.751     0.999658        21751      2925.71
   74186.751     0.999707        21751      3413.33
   74252.287     0.999756        21753      4096.00
   74252.287     0.999780        21753      4551.11
   74252.287     0.999805        21753      5120.00
   74317.823     0.999829        21756      5851.43
   74317.823     0.999854        21756      6826.67
   74317.823     0.999878        21756      8192.00
   74317.823     0.999890        21756      9102.22
   74317.823     0.999902        21756     10240.00
   74317.823     0.999915        21756     11702.86
   74317.823     0.999927        21756     13653.33
   74317.823     0.999939        21756     16384.00
   74317.823     0.999945        21756     18204.44
   74317.823     0.999951        21756     20480.00
   74448.895     0.999957        21757     23405.71
   74448.895     1.000000        21757          inf
#[Mean    =    11608.563, StdDeviation   =    16778.048]
#[Max     =    74383.360, Total count    =        21757]
#[Buckets =           27, SubBuckets     =         2048]
----------------------------------------------------------
  23002 requests in 3.00m, 5.44MB read
Requests/sec:    127.78
Transfer/sec:     30.93KB
