Running 3m test @ http://10.99.205.204:11000/a?value=1
  4 threads and 10 connections
  Thread calibration: mean lat.: 2414.910ms, rate sampling interval: 8462ms
  Thread calibration: mean lat.: 924.080ms, rate sampling interval: 3719ms
  Thread calibration: mean lat.: 1777.457ms, rate sampling interval: 7557ms
  Thread calibration: mean lat.: 553.203ms, rate sampling interval: 3663ms
  Thread Stats   Avg      Stdev     Max   +/- Stdev
    Latency    22.35s    19.58s    1.33m    68.01%
    Req/Sec    38.37      6.32    51.00     72.93%
  Latency Distribution (HdrHistogram - Recorded Latency)
 50.000%   19.30s 
 75.000%   31.26s 
 90.000%    0.88m 
 99.000%    1.27m 
 99.900%    1.32m 
 99.990%    1.33m 
 99.999%    1.33m 
100.000%    1.33m 

  Detailed Percentile spectrum:
       Value   Percentile   TotalCount 1/(1-Percentile)

       8.823     0.000000            1         1.00
      34.463     0.100000         2502         1.11
    4095.999     0.200000         5001         1.25
    9060.351     0.300000         7503         1.43
   14327.807     0.400000        10005         1.67
   19300.351     0.500000        12504         2.00
   22003.711     0.550000        13756         2.22
   24559.615     0.600000        15012         2.50
   26820.607     0.650000        16259         2.86
   29229.055     0.700000        17506         3.33
   31260.671     0.750000        18758         4.00
   32620.543     0.775000        19389         4.44
   34734.079     0.800000        20013         5.00
   36831.231     0.825000        20635         5.71
   39845.887     0.850000        21257         6.67
   46432.255     0.875000        21881         8.00
   49676.287     0.887500        22192         8.89
   53018.623     0.900000        22507        10.00
   56229.887     0.912500        22819        11.43
   59506.687     0.925000        23133        13.33
   62750.719     0.937500        23444        16.00
   64356.351     0.943750        23601        17.78
   66027.519     0.950000        23756        20.00
   67567.615     0.956250        23914        22.86
   69206.015     0.962500        24068        26.67
   70909.951     0.968750        24226        32.00
   71630.847     0.971875        24303        35.56
   72417.279     0.975000        24380        40.00
   73334.783     0.978125        24461        45.71
   74121.215     0.981250        24537        53.33
   74907.647     0.984375        24618        64.00
   75300.863     0.985938        24658        71.11
   75694.079     0.987500        24697        80.00
   76087.295     0.989062        24738        91.43
   76414.975     0.990625        24771       106.67
   76939.263     0.992188        24812       128.00
   77135.871     0.992969        24833       142.22
   77332.479     0.993750        24852       160.00
   77529.087     0.994531        24871       182.86
   77725.695     0.995313        24889       213.33
   77922.303     0.996094        24908       256.00
   78053.375     0.996484        24920       284.44
   78184.447     0.996875        24931       320.00
   78249.983     0.997266        24938       365.71
   78381.055     0.997656        24948       426.67
   78577.663     0.998047        24959       512.00
   78643.199     0.998242        24964       568.89
   78708.735     0.998437        24967       640.00
   78774.271     0.998633        24973       731.43
   78839.807     0.998828        24976       853.33
   78970.879     0.999023        24982      1024.00
   79036.415     0.999121        24984      1137.78
   79101.951     0.999219        24986      1280.00
   79167.487     0.999316        24988      1462.86
   79298.559     0.999414        24992      1706.67
   79364.095     0.999512        24994      2048.00
   79429.631     0.999561        24997      2275.56
   79429.631     0.999609        24997      2560.00
   79429.631     0.999658        24997      2925.71
   79495.167     0.999707        24999      3413.33
   79495.167     0.999756        24999      4096.00
   79560.703     0.999780        25000      4551.11
   79626.239     0.999805        25002      5120.00
   79626.239     0.999829        25002      5851.43
   79626.239     0.999854        25002      6826.67
   79626.239     0.999878        25002      8192.00
   79691.775     0.999890        25004      9102.22
   79691.775     0.999902        25004     10240.00
   79691.775     0.999915        25004     11702.86
   79691.775     0.999927        25004     13653.33
   79691.775     0.999939        25004     16384.00
   79691.775     0.999945        25004     18204.44
   79691.775     0.999951        25004     20480.00
   79691.775     0.999957        25004     23405.71
   79757.311     0.999963        25005     27306.67
   79757.311     1.000000        25005          inf
#[Mean    =    22349.685, StdDeviation   =    19582.999]
#[Max     =    79691.776, Total count    =        25005]
#[Buckets =           27, SubBuckets     =         2048]
----------------------------------------------------------
  26440 requests in 3.00m, 6.25MB read
Requests/sec:    146.87
Transfer/sec:     35.54KB
