Running 3m test @ http://10.99.205.204:11000/a?value=1
  4 threads and 10 connections
  Thread calibration: mean lat.: 3718.711ms, rate sampling interval: 11845ms
  Thread calibration: mean lat.: 3605.572ms, rate sampling interval: 11460ms
  Thread calibration: mean lat.: 3406.810ms, rate sampling interval: 11272ms
  Thread calibration: mean lat.: 3668.648ms, rate sampling interval: 11517ms
  Thread Stats   Avg      Stdev     Max   +/- Stdev
    Latency     0.93m    28.69s    1.88m    58.17%
    Req/Sec    15.09      0.80    17.00     96.49%
  Latency Distribution (HdrHistogram - Recorded Latency)
 50.000%    0.93m 
 75.000%    1.35m 
 90.000%    1.58m 
 99.000%    1.80m 
 99.900%    1.87m 
 99.990%    1.88m 
 99.999%    1.88m 
100.000%    1.88m 

  Detailed Percentile spectrum:
       Value   Percentile   TotalCount 1/(1-Percentile)

    5996.543     0.000000            1         1.00
   16277.503     0.100000         1063         1.11
   26214.399     0.200000         2127         1.25
   35979.263     0.300000         3191         1.43
   45907.967     0.400000         4251         1.67
   56000.511     0.500000         5312         2.00
   60882.943     0.550000         5844         2.22
   65994.751     0.600000         6377         2.50
   71041.023     0.650000         6910         2.86
   75956.223     0.700000         7436         3.33
   80805.887     0.750000         7975         4.00
   83099.647     0.775000         8235         4.44
   85327.871     0.800000         8502         5.00
   87883.775     0.825000         8768         5.71
   90177.535     0.850000         9037         6.67
   92471.295     0.875000         9299         8.00
   93585.407     0.887500         9429         8.89
   94896.127     0.900000         9562        10.00
   96206.847     0.912500         9693        11.43
   97583.103     0.925000         9828        13.33
   98697.215     0.937500         9962        16.00
   99418.111     0.943750        10027        17.78
  100073.471     0.950000        10091        20.00
  100728.831     0.956250        10165        22.86
  101384.191     0.962500        10226        26.67
  102105.087     0.968750        10294        32.00
  102694.911     0.971875        10325        35.56
  103415.807     0.975000        10358        40.00
  104333.311     0.978125        10392        45.71
  105250.815     0.981250        10424        53.33
  106168.319     0.984375        10457        64.00
  106627.071     0.985938        10474        71.11
  107216.895     0.987500        10491        80.00
  107610.111     0.989062        10506        91.43
  108331.007     0.990625        10524       106.67
  109117.439     0.992188        10540       128.00
  109576.191     0.992969        10548       142.22
  109838.335     0.993750        10559       160.00
  110100.479     0.994531        10565       182.86
  110559.231     0.995313        10574       213.33
  110952.447     0.996094        10581       256.00
  111149.055     0.996484        10587       284.44
  111214.591     0.996875        10589       320.00
  111411.199     0.997266        10594       365.71
  111607.807     0.997656        10599       426.67
  111804.415     0.998047        10604       512.00
  111804.415     0.998242        10604       568.89
  111935.487     0.998437        10609       640.00
  111935.487     0.998633        10609       731.43
  112001.023     0.998828        10610       853.33
  112066.559     0.999023        10613      1024.00
  112066.559     0.999121        10613      1137.78
  112132.095     0.999219        10615      1280.00
  112132.095     0.999316        10615      1462.86
  112197.631     0.999414        10616      1706.67
  112328.703     0.999512        10618      2048.00
  112328.703     0.999561        10618      2275.56
  112328.703     0.999609        10618      2560.00
  112459.775     0.999658        10620      2925.71
  112459.775     0.999707        10620      3413.33
  112459.775     0.999756        10620      4096.00
  112459.775     0.999780        10620      4551.11
  112459.775     0.999805        10620      5120.00
  112590.847     0.999829        10621      5851.43
  112590.847     0.999854        10621      6826.67
  112590.847     0.999878        10621      8192.00
  112590.847     0.999890        10621      9102.22
  112590.847     0.999902        10621     10240.00
  112656.383     0.999915        10622     11702.86
  112656.383     1.000000        10622          inf
#[Mean    =    55904.249, StdDeviation   =    28686.711]
#[Max     =   112590.848, Total count    =        10622]
#[Buckets =           27, SubBuckets     =         2048]
----------------------------------------------------------
  11186 requests in 3.00m, 2.65MB read
Requests/sec:     62.14
Transfer/sec:     15.09KB
