Running 2m test @ http://10.102.123.170:11000/a?value=1
  2 threads and 10 connections
  Thread calibration: mean lat.: 73.084ms, rate sampling interval: 515ms
  Thread calibration: mean lat.: 74.207ms, rate sampling interval: 590ms
  Thread Stats   Avg      Stdev     Max   +/- Stdev
    Latency    29.71ms    8.26ms  58.53ms   68.31%
    Req/Sec     4.66      4.17     9.00    100.00%
  Latency Distribution (HdrHistogram - Recorded Latency)
 50.000%   29.31ms
 75.000%   35.17ms
 90.000%   40.38ms
 99.000%   49.31ms
 99.900%   58.17ms
 99.990%   58.56ms
 99.999%   58.56ms
100.000%   58.56ms

  Detailed Percentile spectrum:
       Value   Percentile   TotalCount 1/(1-Percentile)

      11.071     0.000000            1         1.00
      19.167     0.100000          110         1.11
      22.591     0.200000          222         1.25
      25.199     0.300000          330         1.43
      27.359     0.400000          441         1.67
      29.311     0.500000          549         2.00
      30.511     0.550000          604         2.22
      31.679     0.600000          659         2.50
      32.895     0.650000          714         2.86
      33.983     0.700000          771         3.33
      35.167     0.750000          824         4.00
      35.807     0.775000          854         4.44
      36.447     0.800000          880         5.00
      37.343     0.825000          907         5.71
      38.079     0.850000          934         6.67
      39.263     0.875000          961         8.00
      39.743     0.887500          975         8.89
      40.383     0.900000          989        10.00
      40.831     0.912500         1002        11.43
      41.791     0.925000         1016        13.33
      42.783     0.937500         1031        16.00
      43.679     0.943750         1037        17.78
      44.735     0.950000         1045        20.00
      45.023     0.956250         1050        22.86
      45.343     0.962500         1058        26.67
      45.791     0.968750         1064        32.00
      46.303     0.971875         1069        35.56
      46.655     0.975000         1071        40.00
      46.879     0.978125         1074        45.71
      47.423     0.981250         1078        53.33
      47.615     0.984375         1081        64.00
      48.479     0.985938         1083        71.11
      49.151     0.987500         1085        80.00
      49.215     0.989062         1086        91.43
      49.407     0.990625         1088       106.67
      49.663     0.992188         1090       128.00
      51.775     0.992969         1091       142.22
      53.471     0.993750         1092       160.00
      53.471     0.994531         1092       182.86
      54.111     0.995313         1093       213.33
      55.423     0.996094         1094       256.00
      55.743     0.996484         1095       284.44
      55.743     0.996875         1095       320.00
      55.743     0.997266         1095       365.71
      56.799     0.997656         1096       426.67
      56.799     0.998047         1096       512.00
      58.175     0.998242         1097       568.89
      58.175     0.998437         1097       640.00
      58.175     0.998633         1097       731.43
      58.175     0.998828         1097       853.33
      58.175     0.999023         1097      1024.00
      58.559     0.999121         1098      1137.78
      58.559     1.000000         1098          inf
#[Mean    =       29.714, StdDeviation   =        8.258]
#[Max     =       58.528, Total count    =         1098]
#[Buckets =           27, SubBuckets     =         2048]
----------------------------------------------------------
  1203 requests in 2.00m, 291.37KB read
Requests/sec:     10.02
Transfer/sec:      2.43KB
