Running 3m test @ http://10.105.92.109:11003/d?value=1
  4 threads and 10 connections
  Thread calibration: mean lat.: 9.910ms, rate sampling interval: 52ms
  Thread calibration: mean lat.: 15.278ms, rate sampling interval: 36ms
  Thread calibration: mean lat.: 10.103ms, rate sampling interval: 53ms
  Thread calibration: mean lat.: 15.252ms, rate sampling interval: 36ms
  Thread Stats   Avg      Stdev     Max   +/- Stdev
    Latency    12.40ms    6.99ms  49.63ms   59.08%
    Req/Sec    50.13     13.88    94.00     80.71%
  Latency Distribution (HdrHistogram - Recorded Latency)
 50.000%   13.42ms
 75.000%   16.75ms
 90.000%   19.50ms
 99.000%   28.45ms
 99.900%   34.24ms
 99.990%   43.33ms
 99.999%   49.66ms
100.000%   49.66ms

  Detailed Percentile spectrum:
       Value   Percentile   TotalCount 1/(1-Percentile)

       2.467     0.000000            2         1.00
       3.859     0.100000         3406         1.11
       4.411     0.200000         6804         1.25
       5.299     0.300000        10201         1.43
      11.479     0.400000        13610         1.67
      13.423     0.500000        17013         2.00
      14.215     0.550000        18711         2.22
      14.935     0.600000        20427         2.50
      15.559     0.650000        22111         2.86
      16.151     0.700000        23817         3.33
      16.751     0.750000        25529         4.00
      17.039     0.775000        26384         4.44
      17.311     0.800000        27226         5.00
      17.615     0.825000        28060         5.71
      17.999     0.850000        28916         6.67
      18.559     0.875000        29756         8.00
      18.959     0.887500        30177         8.89
      19.503     0.900000        30605        10.00
      21.359     0.912500        31025        11.43
      25.727     0.925000        31450        13.33
      26.127     0.937500        31881        16.00
      26.303     0.943750        32104        17.78
      26.479     0.950000        32320        20.00
      26.671     0.956250        32515        22.86
      26.911     0.962500        32736        26.67
      27.119     0.968750        32940        32.00
      27.279     0.971875        33055        35.56
      27.455     0.975000        33153        40.00
      27.583     0.978125        33256        45.71
      27.775     0.981250        33369        53.33
      27.967     0.984375        33473        64.00
      28.079     0.985938        33524        71.11
      28.223     0.987500        33575        80.00
      28.351     0.989062        33631        91.43
      28.527     0.990625        33682       106.67
      28.719     0.992188        33734       128.00
      28.863     0.992969        33760       142.22
      28.975     0.993750        33787       160.00
      29.135     0.994531        33815       182.86
      29.279     0.995313        33842       213.33
      29.439     0.996094        33868       256.00
      29.599     0.996484        33881       284.44
      29.759     0.996875        33894       320.00
      29.887     0.997266        33908       365.71
      30.111     0.997656        33921       426.67
      30.399     0.998047        33933       512.00
      30.543     0.998242        33940       568.89
      30.783     0.998437        33947       640.00
      31.327     0.998633        33953       731.43
      32.479     0.998828        33960       853.33
      34.335     0.999023        33966      1024.00
      34.655     0.999121        33970      1137.78
      35.263     0.999219        33973      1280.00
      36.415     0.999316        33976      1462.86
      36.927     0.999414        33980      1706.67
      37.727     0.999512        33983      2048.00
      38.143     0.999561        33985      2275.56
      39.583     0.999609        33986      2560.00
      40.287     0.999658        33988      2925.71
      41.759     0.999707        33990      3413.33
      41.823     0.999756        33991      4096.00
      42.111     0.999780        33992      4551.11
      42.143     0.999805        33993      5120.00
      42.175     0.999829        33994      5851.43
      43.295     0.999854        33995      6826.67
      43.295     0.999878        33995      8192.00
      43.327     0.999890        33996      9102.22
      43.327     0.999902        33996     10240.00
      43.775     0.999915        33997     11702.86
      43.775     0.999927        33997     13653.33
      43.775     0.999939        33997     16384.00
      45.823     0.999945        33998     18204.44
      45.823     0.999951        33998     20480.00
      45.823     0.999957        33998     23405.71
      45.823     0.999963        33998     27306.67
      45.823     0.999969        33998     32768.00
      49.663     0.999973        33999     36408.89
      49.663     1.000000        33999          inf
#[Mean    =       12.402, StdDeviation   =        6.988]
#[Max     =       49.632, Total count    =        33999]
#[Buckets =           27, SubBuckets     =         2048]
----------------------------------------------------------
  36004 requests in 3.00m, 8.50MB read
Requests/sec:    200.01
Transfer/sec:     48.36KB
