Running 3m test @ http://10.105.92.109:11003/d?value=1
  4 threads and 10 connections
  Thread calibration: mean lat.: 19.788ms, rate sampling interval: 62ms
  Thread calibration: mean lat.: 14.208ms, rate sampling interval: 55ms
  Thread calibration: mean lat.: 19.225ms, rate sampling interval: 60ms
  Thread calibration: mean lat.: 15.938ms, rate sampling interval: 53ms
  Thread Stats   Avg      Stdev     Max   +/- Stdev
    Latency    16.59ms    8.88ms  45.82ms   56.45%
    Req/Sec    62.50     13.54   115.00     81.49%
  Latency Distribution (HdrHistogram - Recorded Latency)
 50.000%   14.41ms
 75.000%   25.31ms
 90.000%   28.67ms
 99.000%   32.80ms
 99.900%   37.47ms
 99.990%   44.13ms
 99.999%   45.85ms
100.000%   45.85ms

  Detailed Percentile spectrum:
       Value   Percentile   TotalCount 1/(1-Percentile)

       2.493     0.000000            1         1.00
       4.159     0.100000         4274         1.11
       9.279     0.200000         8500         1.25
      11.431     0.300000        12764         1.43
      12.551     0.400000        17003         1.67
      14.407     0.500000        21256         2.00
      15.943     0.550000        23375         2.22
      18.655     0.600000        25503         2.50
      21.807     0.650000        27640         2.86
      23.295     0.700000        29762         3.33
      25.311     0.750000        31883         4.00
      25.935     0.775000        32945         4.44
      26.335     0.800000        34037         5.00
      26.735     0.825000        35075         5.71
      27.231     0.850000        36137         6.67
      27.871     0.875000        37191         8.00
      28.255     0.887500        37726         8.89
      28.671     0.900000        38269        10.00
      29.151     0.912500        38787        11.43
      29.599     0.925000        39311        13.33
      30.175     0.937500        39850        16.00
      30.447     0.943750        40114        17.78
      30.719     0.950000        40388        20.00
      30.959     0.956250        40646        22.86
      31.215     0.962500        40908        26.67
      31.471     0.968750        41182        32.00
      31.615     0.971875        41308        35.56
      31.759     0.975000        41435        40.00
      31.903     0.978125        41581        45.71
      32.111     0.981250        41707        53.33
      32.319     0.984375        41835        64.00
      32.415     0.985938        41900        71.11
      32.591     0.987500        41973        80.00
      32.719     0.989062        42033        91.43
      32.895     0.990625        42109       106.67
      33.087     0.992188        42168       128.00
      33.247     0.992969        42203       142.22
      33.375     0.993750        42237       160.00
      33.503     0.994531        42265       182.86
      33.663     0.995313        42298       213.33
      33.951     0.996094        42332       256.00
      34.111     0.996484        42354       284.44
      34.207     0.996875        42365       320.00
      34.591     0.997266        42382       365.71
      34.847     0.997656        42398       426.67
      35.199     0.998047        42415       512.00
      35.391     0.998242        42424       568.89
      35.743     0.998437        42431       640.00
      36.095     0.998633        42439       731.43
      36.447     0.998828        42449       853.33
      37.567     0.999023        42456      1024.00
      38.175     0.999121        42460      1137.78
      38.719     0.999219        42464      1280.00
      39.135     0.999316        42468      1462.86
      39.583     0.999414        42473      1706.67
      39.935     0.999512        42477      2048.00
      40.415     0.999561        42480      2275.56
      40.735     0.999609        42481      2560.00
      40.991     0.999658        42483      2925.71
      41.087     0.999707        42485      3413.33
      41.471     0.999756        42487      4096.00
      41.695     0.999780        42488      4551.11
      42.783     0.999805        42489      5120.00
      43.551     0.999829        42490      5851.43
      43.871     0.999854        42491      6826.67
      44.063     0.999878        42492      8192.00
      44.127     0.999890        42493      9102.22
      44.127     0.999902        42493     10240.00
      44.735     0.999915        42494     11702.86
      44.735     0.999927        42494     13653.33
      44.927     0.999939        42495     16384.00
      44.927     0.999945        42495     18204.44
      44.927     0.999951        42495     20480.00
      45.215     0.999957        42496     23405.71
      45.215     0.999963        42496     27306.67
      45.215     0.999969        42496     32768.00
      45.215     0.999973        42496     36408.89
      45.215     0.999976        42496     40960.00
      45.855     0.999979        42497     46811.43
      45.855     1.000000        42497          inf
#[Mean    =       16.589, StdDeviation   =        8.876]
#[Max     =       45.824, Total count    =        42497]
#[Buckets =           27, SubBuckets     =         2048]
----------------------------------------------------------
  45002 requests in 3.00m, 10.63MB read
Requests/sec:    249.98
Transfer/sec:     60.46KB
