Running 3m test @ http://10.105.92.109:11003/d?value=1
  4 threads and 10 connections
  Thread calibration: mean lat.: 10.990ms, rate sampling interval: 31ms
  Thread calibration: mean lat.: 12.135ms, rate sampling interval: 55ms
  Thread calibration: mean lat.: 14.230ms, rate sampling interval: 37ms
  Thread calibration: mean lat.: 13.515ms, rate sampling interval: 40ms
  Thread Stats   Avg      Stdev     Max   +/- Stdev
    Latency    12.11ms    6.99ms  31.46ms   58.93%
    Req/Sec    12.58     20.93    66.00     80.52%
  Latency Distribution (HdrHistogram - Recorded Latency)
 50.000%   12.61ms
 75.000%   16.21ms
 90.000%   20.74ms
 99.000%   28.58ms
 99.900%   30.70ms
 99.990%   31.42ms
 99.999%   31.47ms
100.000%   31.47ms

  Detailed Percentile spectrum:
       Value   Percentile   TotalCount 1/(1-Percentile)

       2.427     0.000000            1         1.00
       3.931     0.100000          850         1.11
       4.539     0.200000         1700         1.25
       5.339     0.300000         2551         1.43
      11.335     0.400000         3400         1.67
      12.607     0.500000         4252         2.00
      13.127     0.550000         4674         2.22
      13.679     0.600000         5103         2.50
      14.271     0.650000         5523         2.86
      15.199     0.700000         5949         3.33
      16.207     0.750000         6373         4.00
      16.767     0.775000         6592         4.44
      17.391     0.800000         6797         5.00
      17.967     0.825000         7011         5.71
      18.607     0.850000         7225         6.67
      19.391     0.875000         7434         8.00
      19.935     0.887500         7543         8.89
      20.751     0.900000         7650        10.00
      22.751     0.912500         7753        11.43
      25.935     0.925000         7864        13.33
      26.319     0.937500         7967        16.00
      26.527     0.943750         8022        17.78
      26.703     0.950000         8075        20.00
      26.863     0.956250         8125        22.86
      27.071     0.962500         8182        26.67
      27.311     0.968750         8232        32.00
      27.455     0.971875         8260        35.56
      27.631     0.975000         8285        40.00
      27.823     0.978125         8311        45.71
      28.015     0.981250         8339        53.33
      28.175     0.984375         8367        64.00
      28.255     0.985938         8377        71.11
      28.351     0.987500         8390        80.00
      28.527     0.989062         8405        91.43
      28.687     0.990625         8417       106.67
      28.879     0.992188         8430       128.00
      28.927     0.992969         8437       142.22
      29.023     0.993750         8444       160.00
      29.103     0.994531         8451       182.86
      29.183     0.995313         8457       213.33
      29.359     0.996094         8463       256.00
      29.471     0.996484         8467       284.44
      29.551     0.996875         8470       320.00
      29.567     0.997266         8473       365.71
      29.743     0.997656         8478       426.67
      29.791     0.998047         8480       512.00
      29.919     0.998242         8482       568.89
      29.967     0.998437         8483       640.00
      30.223     0.998633         8485       731.43
      30.527     0.998828         8487       853.33
      30.703     0.999023         8488      1024.00
      30.767     0.999121         8489      1137.78
      31.183     0.999219         8490      1280.00
      31.231     0.999316         8492      1462.86
      31.231     0.999414         8492      1706.67
      31.231     0.999512         8492      2048.00
      31.343     0.999561         8493      2275.56
      31.343     0.999609         8493      2560.00
      31.359     0.999658         8494      2925.71
      31.359     0.999707         8494      3413.33
      31.359     0.999756         8494      4096.00
      31.423     0.999780         8495      4551.11
      31.423     0.999805         8495      5120.00
      31.423     0.999829         8495      5851.43
      31.423     0.999854         8495      6826.67
      31.423     0.999878         8495      8192.00
      31.471     0.999890         8496      9102.22
      31.471     1.000000         8496          inf
#[Mean    =       12.109, StdDeviation   =        6.991]
#[Max     =       31.456, Total count    =         8496]
#[Buckets =           27, SubBuckets     =         2048]
----------------------------------------------------------
  9003 requests in 3.00m, 2.13MB read
Requests/sec:     50.01
Transfer/sec:     12.09KB
