Running 2m test @ http://10.108.73.23:9080/productpage
  4 threads and 10 connections
  Thread calibration: mean lat.: 558.922ms, rate sampling interval: 3627ms
  Thread calibration: mean lat.: 51.183ms, rate sampling interval: 145ms
  Thread calibration: mean lat.: 671.431ms, rate sampling interval: 4456ms
  Thread calibration: mean lat.: 659.892ms, rate sampling interval: 4526ms
  Thread Stats   Avg      Stdev     Max   +/- Stdev
    Latency     5.49s     9.51s   33.51s    81.77%
    Req/Sec    24.09      5.30    41.00     84.57%
  Latency Distribution (HdrHistogram - Recorded Latency)
 50.000%   66.37ms
 75.000%    8.40s 
 90.000%   22.69s 
 99.000%   31.97s 
 99.900%   33.19s 
 99.990%   33.49s 
 99.999%   33.52s 
100.000%   33.52s 

  Detailed Percentile spectrum:
       Value   Percentile   TotalCount 1/(1-Percentile)

       8.591     0.000000            1         1.00
      21.199     0.100000          988         1.11
      27.215     0.200000         1977         1.25
      43.135     0.300000         2961         1.43
      61.599     0.400000         3949         1.67
      66.367     0.500000         4952         2.00
      68.671     0.550000         5435         2.22
      72.959     0.600000         5922         2.50
      94.399     0.650000         6419         2.86
    3166.207     0.700000         6909         3.33
    8396.799     0.750000         7404         4.00
   10993.663     0.775000         7651         4.44
   13385.727     0.800000         7898         5.00
   15745.023     0.825000         8143         5.71
   18268.159     0.850000         8390         6.67
   20529.151     0.875000         8637         8.00
   21774.335     0.887500         8762         8.89
   22691.839     0.900000         8883        10.00
   24100.863     0.912500         9007        11.43
   25460.735     0.925000         9131        13.33
   26525.695     0.937500         9254        16.00
   27230.207     0.943750         9316        17.78
   27901.951     0.950000         9377        20.00
   28475.391     0.956250         9440        22.86
   29212.671     0.962500         9500        26.67
   29917.183     0.968750         9563        32.00
   30343.167     0.971875         9595        35.56
   30556.159     0.975000         9625        40.00
   30867.455     0.978125         9655        45.71
   31080.447     0.981250         9687        53.33
   31309.823     0.984375         9717        64.00
   31490.047     0.985938         9732        71.11
   31637.503     0.987500         9747        80.00
   31916.031     0.989062         9766        91.43
   32047.103     0.990625         9778       106.67
   32227.327     0.992188         9794       128.00
   32292.863     0.992969         9801       142.22
   32374.783     0.993750         9810       160.00
   32440.319     0.994531         9817       182.86
   32538.623     0.995313         9824       213.33
   32669.695     0.996094         9833       256.00
   32702.463     0.996484         9840       284.44
   32702.463     0.996875         9840       320.00
   32751.615     0.997266         9845       365.71
   32817.151     0.997656         9847       426.67
   32899.071     0.998047         9851       512.00
   32980.991     0.998242         9853       568.89
   33062.911     0.998437         9855       640.00
   33112.063     0.998633         9857       731.43
   33161.215     0.998828         9859       853.33
   33226.751     0.999023         9861      1024.00
   33243.135     0.999121         9862      1137.78
   33292.287     0.999219         9863      1280.00
   33390.591     0.999316         9864      1462.86
   33406.975     0.999414         9866      1706.67
   33406.975     0.999512         9866      2048.00
   33406.975     0.999561         9866      2275.56
   33456.127     0.999609         9868      2560.00
   33456.127     0.999658         9868      2925.71
   33456.127     0.999707         9868      3413.33
   33456.127     0.999756         9868      4096.00
   33456.127     0.999780         9868      4551.11
   33488.895     0.999805         9869      5120.00
   33488.895     0.999829         9869      5851.43
   33488.895     0.999854         9869      6826.67
   33488.895     0.999878         9869      8192.00
   33488.895     0.999890         9869      9102.22
   33521.663     0.999902         9870     10240.00
   33521.663     1.000000         9870          inf
#[Mean    =     5490.706, StdDeviation   =     9506.837]
#[Max     =    33505.280, Total count    =         9870]
#[Buckets =           27, SubBuckets     =         2048]
----------------------------------------------------------
  10768 requests in 2.00m, 157.46MB read
Requests/sec:     89.72
Transfer/sec:      1.31MB
