Running 3m test @ http://10.105.92.109:11003/d?value=1
  4 threads and 10 connections
  Thread calibration: mean lat.: 10.554ms, rate sampling interval: 47ms
  Thread calibration: mean lat.: 4.498ms, rate sampling interval: 10ms
  Thread calibration: mean lat.: 12.740ms, rate sampling interval: 46ms
  Thread calibration: mean lat.: 8.186ms, rate sampling interval: 26ms
  Thread Stats   Avg      Stdev     Max   +/- Stdev
    Latency     8.96ms    5.89ms  35.49ms   88.14%
    Req/Sec    25.81     48.46   222.00     84.19%
  Latency Distribution (HdrHistogram - Recorded Latency)
 50.000%    5.28ms
 75.000%   12.66ms
 90.000%   15.20ms
 99.000%   25.17ms
 99.900%   27.68ms
 99.990%   31.36ms
 99.999%   35.52ms
100.000%   35.52ms

  Detailed Percentile spectrum:
       Value   Percentile   TotalCount 1/(1-Percentile)

       2.443     0.000000            1         1.00
       3.819     0.100000         1700         1.11
       4.179     0.200000         3403         1.25
       4.467     0.300000         5120         1.43
       4.779     0.400000         6800         1.67
       5.279     0.500000         8501         2.00
       6.387     0.550000         9348         2.22
      11.303     0.600000        10198         2.50
      11.759     0.650000        11056         2.86
      12.191     0.700000        11898         3.33
      12.663     0.750000        12757         4.00
      12.871     0.775000        13179         4.44
      13.111     0.800000        13604         5.00
      13.399     0.825000        14025         5.71
      13.831     0.850000        14452         6.67
      14.343     0.875000        14873         8.00
      14.679     0.887500        15088         8.89
      15.199     0.900000        15297        10.00
      16.511     0.912500        15508        11.43
      20.687     0.925000        15721        13.33
      22.383     0.937500        15933        16.00
      22.735     0.943750        16041        17.78
      23.007     0.950000        16146        20.00
      23.263     0.956250        16255        22.86
      23.519     0.962500        16366        26.67
      23.919     0.968750        16469        32.00
      24.063     0.971875        16524        35.56
      24.207     0.975000        16574        40.00
      24.399     0.978125        16626        45.71
      24.559     0.981250        16678        53.33
      24.719     0.984375        16731        64.00
      24.815     0.985938        16757        71.11
      24.911     0.987500        16783        80.00
      25.087     0.989062        16815        91.43
      25.247     0.990625        16837       106.67
      25.487     0.992188        16864       128.00
      25.567     0.992969        16876       142.22
      25.647     0.993750        16889       160.00
      25.807     0.994531        16903       182.86
      25.983     0.995313        16916       213.33
      26.111     0.996094        16929       256.00
      26.271     0.996484        16936       284.44
      26.319     0.996875        16943       320.00
      26.511     0.997266        16949       365.71
      26.687     0.997656        16956       426.67
      26.927     0.998047        16963       512.00
      27.087     0.998242        16966       568.89
      27.199     0.998437        16969       640.00
      27.311     0.998633        16972       731.43
      27.567     0.998828        16976       853.33
      27.679     0.999023        16979      1024.00
      27.727     0.999121        16981      1137.78
      27.919     0.999219        16982      1280.00
      27.983     0.999316        16984      1462.86
      28.047     0.999414        16986      1706.67
      28.319     0.999512        16987      2048.00
      28.783     0.999561        16988      2275.56
      28.799     0.999609        16989      2560.00
      28.895     0.999658        16990      2925.71
      29.631     0.999707        16991      3413.33
      29.631     0.999756        16991      4096.00
      30.079     0.999780        16992      4551.11
      30.079     0.999805        16992      5120.00
      31.359     0.999829        16993      5851.43
      31.359     0.999854        16993      6826.67
      31.359     0.999878        16993      8192.00
      34.367     0.999890        16994      9102.22
      34.367     0.999902        16994     10240.00
      34.367     0.999915        16994     11702.86
      34.367     0.999927        16994     13653.33
      34.367     0.999939        16994     16384.00
      35.519     0.999945        16995     18204.44
      35.519     1.000000        16995          inf
#[Mean    =        8.962, StdDeviation   =        5.886]
#[Max     =       35.488, Total count    =        16995]
#[Buckets =           27, SubBuckets     =         2048]
----------------------------------------------------------
  18004 requests in 3.00m, 4.25MB read
Requests/sec:    100.02
Transfer/sec:     24.16KB
