Running 3m test @ http://10.105.92.109:11003/d?value=1
  4 threads and 10 connections
  Thread calibration: mean lat.: 9.539ms, rate sampling interval: 32ms
  Thread calibration: mean lat.: 12.949ms, rate sampling interval: 46ms
  Thread calibration: mean lat.: 9.455ms, rate sampling interval: 32ms
  Thread calibration: mean lat.: 8.017ms, rate sampling interval: 27ms
  Thread Stats   Avg      Stdev     Max   +/- Stdev
    Latency    10.08ms    5.46ms  37.47ms   61.35%
    Req/Sec    50.43     21.24    96.00     73.81%
  Latency Distribution (HdrHistogram - Recorded Latency)
 50.000%   11.58ms
 75.000%   13.87ms
 90.000%   16.29ms
 99.000%   24.25ms
 99.900%   25.95ms
 99.990%   29.50ms
 99.999%   37.50ms
100.000%   37.50ms

  Detailed Percentile spectrum:
       Value   Percentile   TotalCount 1/(1-Percentile)

       2.431     0.000000            1         1.00
       3.759     0.100000         3404         1.11
       4.323     0.200000         6808         1.25
       4.887     0.300000        10208         1.43
       5.855     0.400000        13600         1.67
      11.583     0.500000        17011         2.00
      11.927     0.550000        18703         2.22
      12.367     0.600000        20422         2.50
      12.871     0.650000        22104         2.86
      13.375     0.700000        23802         3.33
      13.871     0.750000        25506         4.00
      14.175     0.775000        26363         4.44
      14.495     0.800000        27206         5.00
      14.863     0.825000        28062         5.71
      15.263     0.850000        28908         6.67
      15.711     0.875000        29761         8.00
      15.991     0.887500        30178         8.89
      16.287     0.900000        30602        10.00
      16.623     0.912500        31037        11.43
      16.911     0.925000        31452        13.33
      17.423     0.937500        31885        16.00
      17.727     0.943750        32091        17.78
      18.111     0.950000        32300        20.00
      18.975     0.956250        32512        22.86
      21.535     0.962500        32726        26.67
      22.575     0.968750        32937        32.00
      22.783     0.971875        33050        35.56
      22.991     0.975000        33154        40.00
      23.215     0.978125        33255        45.71
      23.519     0.981250        33368        53.33
      23.855     0.984375        33472        64.00
      23.967     0.985938        33527        71.11
      24.079     0.987500        33578        80.00
      24.191     0.989062        33628        91.43
      24.319     0.990625        33680       106.67
      24.479     0.992188        33733       128.00
      24.559     0.992969        33762       142.22
      24.671     0.993750        33789       160.00
      24.799     0.994531        33814       182.86
      24.991     0.995313        33840       213.33
      25.183     0.996094        33867       256.00
      25.279     0.996484        33881       284.44
      25.407     0.996875        33892       320.00
      25.551     0.997266        33908       365.71
      25.599     0.997656        33919       426.67
      25.679     0.998047        33934       512.00
      25.711     0.998242        33939       568.89
      25.759     0.998437        33947       640.00
      25.823     0.998633        33953       731.43
      25.903     0.998828        33960       853.33
      25.951     0.999023        33965      1024.00
      25.999     0.999121        33969      1137.78
      26.063     0.999219        33973      1280.00
      26.127     0.999316        33975      1462.86
      26.399     0.999414        33979      1706.67
      26.607     0.999512        33982      2048.00
      26.639     0.999561        33984      2275.56
      26.671     0.999609        33985      2560.00
      26.751     0.999658        33987      2925.71
      26.879     0.999707        33989      3413.33
      27.071     0.999756        33990      4096.00
      27.247     0.999780        33991      4551.11
      27.567     0.999805        33992      5120.00
      28.991     0.999829        33993      5851.43
      29.135     0.999854        33994      6826.67
      29.135     0.999878        33994      8192.00
      29.503     0.999890        33995      9102.22
      29.503     0.999902        33995     10240.00
      30.095     0.999915        33996     11702.86
      30.095     0.999927        33996     13653.33
      30.095     0.999939        33996     16384.00
      34.559     0.999945        33997     18204.44
      34.559     0.999951        33997     20480.00
      34.559     0.999957        33997     23405.71
      34.559     0.999963        33997     27306.67
      34.559     0.999969        33997     32768.00
      37.503     0.999973        33998     36408.89
      37.503     1.000000        33998          inf
#[Mean    =       10.075, StdDeviation   =        5.455]
#[Max     =       37.472, Total count    =        33998]
#[Buckets =           27, SubBuckets     =         2048]
----------------------------------------------------------
  36004 requests in 3.00m, 8.50MB read
Requests/sec:    200.01
Transfer/sec:     48.33KB
