Running 2m test @ http://10.108.73.23:9080/productpage
  4 threads and 10 connections
  Thread calibration: mean lat.: 1333.192ms, rate sampling interval: 4718ms
  Thread calibration: mean lat.: 1127.977ms, rate sampling interval: 3672ms
  Thread calibration: mean lat.: 1205.253ms, rate sampling interval: 4337ms
  Thread calibration: mean lat.: 1162.339ms, rate sampling interval: 4182ms
  Thread Stats   Avg      Stdev     Max   +/- Stdev
    Latency     8.44s     6.75s   29.16s    79.15%
    Req/Sec    17.33      1.44    23.00     91.26%
  Latency Distribution (HdrHistogram - Recorded Latency)
 50.000%    5.71s 
 75.000%    9.48s 
 90.000%   20.68s 
 99.000%   27.38s 
 99.900%   28.74s 
 99.990%   29.10s 
 99.999%   29.18s 
100.000%   29.18s 

  Detailed Percentile spectrum:
       Value   Percentile   TotalCount 1/(1-Percentile)

     311.039     0.000000            1         1.00
    2801.663     0.100000          785         1.11
    3358.719     0.200000         1570         1.25
    4513.791     0.300000         2353         1.43
    5132.287     0.400000         3137         1.67
    5709.823     0.500000         3922         2.00
    6385.663     0.550000         4315         2.22
    6918.143     0.600000         4708         2.50
    7512.063     0.650000         5100         2.86
    7987.199     0.700000         5490         3.33
    9478.143     0.750000         5882         4.00
   11509.759     0.775000         6078         4.44
   13606.911     0.800000         6274         5.00
   15745.023     0.825000         6470         5.71
   17416.191     0.850000         6666         6.67
   19038.207     0.875000         6863         8.00
   19922.943     0.887500         6961         8.89
   20676.607     0.900000         7059        10.00
   21430.271     0.912500         7157        11.43
   22183.935     0.925000         7254        13.33
   22921.215     0.937500         7354        16.00
   23101.439     0.943750         7401        17.78
   23724.031     0.950000         7453        20.00
   24231.935     0.956250         7501        22.86
   24723.455     0.962500         7549        26.67
   25165.823     0.968750         7598        32.00
   25493.503     0.971875         7622        35.56
   25722.879     0.975000         7646        40.00
   25935.871     0.978125         7671        45.71
   26312.703     0.981250         7698        53.33
   26836.991     0.984375         7721        64.00
   26886.143     0.985938         7734        71.11
   27017.215     0.987500         7744        80.00
   27295.743     0.989062         7758        91.43
   27443.199     0.990625         7769       106.67
   27525.119     0.992188         7781       128.00
   27574.271     0.992969         7787       142.22
   27688.959     0.993750         7793       160.00
   27754.495     0.994531         7800       182.86
   27803.647     0.995313         7806       213.33
   28016.639     0.996094         7812       256.00
   28196.863     0.996484         7815       284.44
   28409.855     0.996875         7818       320.00
   28475.391     0.997266         7823       365.71
   28508.159     0.997656         7824       426.67
   28622.847     0.998047         7827       512.00
   28688.383     0.998242         7830       568.89
   28688.383     0.998437         7830       640.00
   28704.767     0.998633         7833       731.43
   28704.767     0.998828         7833       853.33
   28770.303     0.999023         7835      1024.00
   28852.223     0.999121         7836      1137.78
   28852.223     0.999219         7836      1280.00
   28868.607     0.999316         7837      1462.86
   28950.527     0.999414         7839      1706.67
   28950.527     0.999512         7839      2048.00
   28950.527     0.999561         7839      2275.56
   28950.527     0.999609         7839      2560.00
   28999.679     0.999658         7840      2925.71
   28999.679     0.999707         7840      3413.33
   29097.983     0.999756         7841      4096.00
   29097.983     0.999780         7841      4551.11
   29097.983     0.999805         7841      5120.00
   29097.983     0.999829         7841      5851.43
   29097.983     0.999854         7841      6826.67
   29179.903     0.999878         7842      8192.00
   29179.903     1.000000         7842          inf
#[Mean    =     8444.739, StdDeviation   =     6747.640]
#[Max     =    29163.520, Total count    =         7842]
#[Buckets =           27, SubBuckets     =         2048]
----------------------------------------------------------
  8471 requests in 2.00m, 123.88MB read
Requests/sec:     70.58
Transfer/sec:      1.03MB
