Running 2m test @ http://10.108.73.23:9080/productpage
  4 threads and 10 connections
  Thread calibration: mean lat.: 2116.169ms, rate sampling interval: 6664ms
  Thread calibration: mean lat.: 1628.871ms, rate sampling interval: 5783ms
  Thread calibration: mean lat.: 1962.066ms, rate sampling interval: 6262ms
  Thread calibration: mean lat.: 1703.198ms, rate sampling interval: 5378ms
  Thread Stats   Avg      Stdev     Max   +/- Stdev
    Latency    16.16s     7.69s   43.12s    66.83%
    Req/Sec    18.75      1.42    22.00     94.44%
  Latency Distribution (HdrHistogram - Recorded Latency)
 50.000%   15.62s 
 75.000%   21.17s 
 90.000%   26.26s 
 99.000%   38.83s 
 99.900%   42.93s 
 99.990%   43.09s 
 99.999%   43.16s 
100.000%   43.16s 

  Detailed Percentile spectrum:
       Value   Percentile   TotalCount 1/(1-Percentile)

    2668.543     0.000000            1         1.00
    6606.847     0.100000          842         1.11
    8994.815     0.200000         1684         1.25
   11321.343     0.300000         2526         1.43
   13492.223     0.400000         3363         1.67
   15622.143     0.500000         4208         2.00
   16695.295     0.550000         4626         2.22
   17612.799     0.600000         5044         2.50
   18694.143     0.650000         5466         2.86
   19922.943     0.700000         5885         3.33
   21168.127     0.750000         6305         4.00
   21774.335     0.775000         6517         4.44
   22462.463     0.800000         6730         5.00
   23248.895     0.825000         6936         5.71
   23937.023     0.850000         7149         6.67
   25001.983     0.875000         7361         8.00
   25657.343     0.887500         7463         8.89
   26279.935     0.900000         7568        10.00
   26935.295     0.912500         7671        11.43
   27770.879     0.925000         7780        13.33
   28360.703     0.937500         7883        16.00
   28655.615     0.943750         7936        17.78
   29081.599     0.950000         7987        20.00
   29622.271     0.956250         8039        22.86
   30130.175     0.962500         8091        26.67
   31965.183     0.968750         8144        32.00
   32473.087     0.971875         8170        35.56
   33488.895     0.975000         8196        40.00
   34439.167     0.978125         8223        45.71
   35651.583     0.981250         8249        53.33
   36929.535     0.984375         8275        64.00
   37486.591     0.985938         8291        71.11
   38371.327     0.987500         8301        80.00
   38764.543     0.989062         8317        91.43
   38993.919     0.990625         8328       106.67
   39616.511     0.992188         8342       128.00
   39911.423     0.992969         8347       142.22
   40370.175     0.993750         8354       160.00
   40697.855     0.994531         8361       182.86
   41287.679     0.995313         8367       213.33
   41615.359     0.996094         8375       256.00
   41680.895     0.996484         8377       284.44
   41779.199     0.996875         8380       320.00
   41975.807     0.997266         8384       365.71
   42237.951     0.997656         8387       426.67
   42500.095     0.998047         8391       512.00
   42532.863     0.998242         8393       568.89
   42532.863     0.998437         8393       640.00
   42795.007     0.998633         8395       731.43
   42827.775     0.998828         8397       853.33
   42926.079     0.999023         8398      1024.00
   42958.847     0.999121         8402      1137.78
   42958.847     0.999219         8402      1280.00
   42958.847     0.999316         8402      1462.86
   42958.847     0.999414         8402      1706.67
   42958.847     0.999512         8402      2048.00
   42991.615     0.999561         8404      2275.56
   42991.615     0.999609         8404      2560.00
   42991.615     0.999658         8404      2925.71
   42991.615     0.999707         8404      3413.33
   42991.615     0.999756         8404      4096.00
   43089.919     0.999780         8405      4551.11
   43089.919     0.999805         8405      5120.00
   43089.919     0.999829         8405      5851.43
   43089.919     0.999854         8405      6826.67
   43089.919     0.999878         8405      8192.00
   43155.455     0.999890         8406      9102.22
   43155.455     1.000000         8406          inf
#[Mean    =    16156.169, StdDeviation   =     7686.637]
#[Max     =    43122.688, Total count    =         8406]
#[Buckets =           27, SubBuckets     =         2048]
----------------------------------------------------------
  9082 requests in 2.00m, 132.82MB read
Requests/sec:     75.67
Transfer/sec:      1.11MB
