Running 3m test @ http://10.99.205.204:11000/a?value=1
  4 threads and 10 connections
  Thread calibration: mean lat.: 53.021ms, rate sampling interval: 122ms
  Thread calibration: mean lat.: 53.561ms, rate sampling interval: 123ms
  Thread calibration: mean lat.: 50.300ms, rate sampling interval: 117ms
  Thread calibration: mean lat.: 53.885ms, rate sampling interval: 124ms
  Thread Stats   Avg      Stdev     Max   +/- Stdev
    Latency    51.78ms    8.47ms  79.10ms   72.95%
    Req/Sec    12.33      6.38    17.00     81.88%
  Latency Distribution (HdrHistogram - Recorded Latency)
 50.000%   52.42ms
 75.000%   57.22ms
 90.000%   61.63ms
 99.000%   69.69ms
 99.900%   75.97ms
 99.990%   78.21ms
 99.999%   79.17ms
100.000%   79.17ms

  Detailed Percentile spectrum:
       Value   Percentile   TotalCount 1/(1-Percentile)

      10.983     0.000000            1         1.00
      40.959     0.100000          853         1.11
      45.887     0.200000         1702         1.25
      48.575     0.300000         2555         1.43
      50.559     0.400000         3407         1.67
      52.415     0.500000         4252         2.00
      53.439     0.550000         4683         2.22
      54.335     0.600000         5104         2.50
      55.231     0.650000         5529         2.86
      56.159     0.700000         5960         3.33
      57.215     0.750000         6374         4.00
      57.791     0.775000         6589         4.44
      58.335     0.800000         6800         5.00
      58.943     0.825000         7010         5.71
      59.711     0.850000         7222         6.67
      60.575     0.875000         7439         8.00
      61.119     0.887500         7548         8.89
      61.631     0.900000         7650        10.00
      62.143     0.912500         7753        11.43
      62.751     0.925000         7860        13.33
      63.359     0.937500         7969        16.00
      63.711     0.943750         8024        17.78
      64.159     0.950000         8074        20.00
      64.607     0.956250         8127        22.86
      65.215     0.962500         8178        26.67
      65.855     0.968750         8233        32.00
      66.303     0.971875         8260        35.56
      66.751     0.975000         8285        40.00
      67.327     0.978125         8313        45.71
      67.903     0.981250         8340        53.33
      68.415     0.984375         8364        64.00
      68.671     0.985938         8377        71.11
      68.991     0.987500         8390        80.00
      69.503     0.989062         8405        91.43
      70.143     0.990625         8417       106.67
      70.719     0.992188         8435       128.00
      70.783     0.992969         8437       142.22
      71.359     0.993750         8443       160.00
      71.807     0.994531         8450       182.86
      72.447     0.995313         8457       213.33
      72.895     0.996094         8464       256.00
      73.087     0.996484         8467       284.44
      73.279     0.996875         8470       320.00
      73.791     0.997266         8473       365.71
      74.431     0.997656         8477       426.67
      74.879     0.998047         8480       512.00
      75.135     0.998242         8483       568.89
      75.135     0.998437         8483       640.00
      75.583     0.998633         8486       731.43
      75.839     0.998828         8487       853.33
      75.967     0.999023         8488      1024.00
      76.287     0.999121         8490      1137.78
      76.287     0.999219         8490      1280.00
      76.607     0.999316         8491      1462.86
      76.735     0.999414         8492      1706.67
      76.735     0.999512         8492      2048.00
      77.119     0.999561         8493      2275.56
      77.119     0.999609         8493      2560.00
      77.695     0.999658         8494      2925.71
      77.695     0.999707         8494      3413.33
      77.695     0.999756         8494      4096.00
      78.207     0.999780         8495      4551.11
      78.207     0.999805         8495      5120.00
      78.207     0.999829         8495      5851.43
      78.207     0.999854         8495      6826.67
      78.207     0.999878         8495      8192.00
      79.167     0.999890         8496      9102.22
      79.167     1.000000         8496          inf
#[Mean    =       51.777, StdDeviation   =        8.474]
#[Max     =       79.104, Total count    =         8496]
#[Buckets =           27, SubBuckets     =         2048]
----------------------------------------------------------
  9000 requests in 3.00m, 2.13MB read
Requests/sec:     49.99
Transfer/sec:     12.11KB
