Running 2m test @ http://10.102.123.170:11000/a?value=1
  2 threads and 4 connections
  Thread calibration: mean lat.: 1320.248ms, rate sampling interval: 3577ms
  Thread calibration: mean lat.: 1054.044ms, rate sampling interval: 2629ms
  Thread Stats   Avg      Stdev     Max   +/- Stdev
    Latency     1.75s     1.80s    7.24s    82.66%
    Req/Sec    24.32      0.90    27.00     98.59%
  Latency Distribution (HdrHistogram - Recorded Latency)
 50.000%    1.18s 
 75.000%    1.88s 
 90.000%    4.83s 
 99.000%    6.81s 
 99.900%    7.19s 
 99.990%    7.24s 
 99.999%    7.24s 
100.000%    7.24s 

  Detailed Percentile spectrum:
       Value   Percentile   TotalCount 1/(1-Percentile)

      12.791     0.000000            1         1.00
     238.463     0.100000          547         1.11
     391.423     0.200000         1092         1.25
     569.343     0.300000         1636         1.43
     923.647     0.400000         2181         1.67
    1178.623     0.500000         2728         2.00
    1268.735     0.550000         3004         2.22
    1323.007     0.600000         3274         2.50
    1406.975     0.650000         3545         2.86
    1538.047     0.700000         3816         3.33
    1884.159     0.750000         4090         4.00
    2316.287     0.775000         4228         4.44
    2832.383     0.800000         4361         5.00
    3526.655     0.825000         4498         5.71
    4222.975     0.850000         4634         6.67
    4460.543     0.875000         4770         8.00
    4689.919     0.887500         4838         8.89
    4825.087     0.900000         4906        10.00
    5079.039     0.912500         4975        11.43
    5378.047     0.925000         5044        13.33
    5619.711     0.937500         5111        16.00
    5828.607     0.943750         5145        17.78
    6012.927     0.950000         5179        20.00
    6381.567     0.956250         5214        22.86
    6598.655     0.962500         5249        26.67
    6692.863     0.968750         5287        32.00
    6709.247     0.971875         5298        35.56
    6721.535     0.975000         5317        40.00
    6733.823     0.978125         5334        45.71
    6746.111     0.981250         5350        53.33
    6770.687     0.984375         5367        64.00
    6778.879     0.985938         5378        71.11
    6787.071     0.987500         5384        80.00
    6807.551     0.989062         5392        91.43
    6828.031     0.990625         5401       106.67
    6840.319     0.992188         5410       128.00
    6848.511     0.992969         5415       142.22
    6852.607     0.993750         5418       160.00
    6885.375     0.994531         5422       182.86
    6930.431     0.995313         5426       213.33
    6950.911     0.996094         5430       256.00
    6975.487     0.996484         5433       284.44
    6979.583     0.996875         5434       320.00
    7020.543     0.997266         5437       365.71
    7065.599     0.997656         5439       426.67
    7086.079     0.998047         5442       512.00
    7086.079     0.998242         5442       568.89
    7094.271     0.998437         5443       640.00
    7147.519     0.998633         5444       731.43
    7151.615     0.998828         5445       853.33
    7188.479     0.999023         5446      1024.00
    7208.959     0.999121         5447      1137.78
    7208.959     0.999219         5447      1280.00
    7217.151     0.999316         5448      1462.86
    7217.151     0.999414         5448      1706.67
    7225.343     0.999512         5449      2048.00
    7225.343     0.999561         5449      2275.56
    7225.343     0.999609         5449      2560.00
    7237.631     0.999658         5450      2925.71
    7237.631     0.999707         5450      3413.33
    7237.631     0.999756         5450      4096.00
    7237.631     0.999780         5450      4551.11
    7237.631     0.999805         5450      5120.00
    7241.727     0.999829         5451      5851.43
    7241.727     1.000000         5451          inf
#[Mean    =     1750.494, StdDeviation   =     1804.468]
#[Max     =     7237.632, Total count    =         5451]
#[Buckets =           27, SubBuckets     =         2048]
----------------------------------------------------------
  5887 requests in 2.00m, 1.39MB read
Requests/sec:     49.05
Transfer/sec:     11.89KB
