Running 2m test @ http://10.102.123.170:11000/a?value=1
  2 threads and 4 connections
  Thread calibration: mean lat.: 3979.529ms, rate sampling interval: 12525ms
  Thread calibration: mean lat.: 4142.458ms, rate sampling interval: 13000ms
  Thread Stats   Avg      Stdev     Max   +/- Stdev
    Latency    43.35s    20.90s    1.35m    57.98%
    Req/Sec    25.00      0.61    26.00    100.00%
  Latency Distribution (HdrHistogram - Recorded Latency)
 50.000%   43.32s 
 75.000%    1.02m 
 90.000%    1.21m 
 99.000%    1.32m 
 99.900%    1.34m 
 99.990%    1.35m 
 99.999%    1.35m 
100.000%    1.35m 

  Detailed Percentile spectrum:
       Value   Percentile   TotalCount 1/(1-Percentile)

    6918.143     0.000000            1         1.00
   14532.607     0.100000          559         1.11
   21725.183     0.200000         1119         1.25
   28901.375     0.300000         1678         1.43
   36077.567     0.400000         2237         1.67
   43319.295     0.500000         2797         2.00
   47087.615     0.550000         3078         2.22
   50528.255     0.600000         3355         2.50
   54198.271     0.650000         3634         2.86
   57737.215     0.700000         3914         3.33
   61276.159     0.750000         4194         4.00
   63111.167     0.775000         4334         4.44
   64978.943     0.800000         4474         5.00
   66846.719     0.825000         4612         5.71
   68747.263     0.850000         4759         6.67
   70516.735     0.875000         4894         8.00
   71434.239     0.887500         4963         8.89
   72351.743     0.900000         5031        10.00
   73334.783     0.912500         5104        11.43
   74252.287     0.925000         5173        13.33
   75235.327     0.937500         5245        16.00
   75694.079     0.943750         5281        17.78
   76087.295     0.950000         5311        20.00
   76546.047     0.956250         5347        22.86
   77004.799     0.962500         5382        26.67
   77463.551     0.968750         5420        32.00
   77660.159     0.971875         5433        35.56
   77922.303     0.975000         5453        40.00
   78184.447     0.978125         5470        45.71
   78381.055     0.981250         5487        53.33
   78643.199     0.984375         5505        64.00
   78708.735     0.985938         5512        71.11
   78839.807     0.987500         5522        80.00
   78970.879     0.989062         5532        91.43
   79101.951     0.990625         5543       106.67
   79167.487     0.992188         5548       128.00
   79233.023     0.992969         5552       142.22
   79298.559     0.993750         5557       160.00
   79429.631     0.994531         5561       182.86
   79560.703     0.995313         5564       213.33
   79822.847     0.996094         5569       256.00
   79953.919     0.996484         5572       284.44
   80019.455     0.996875         5573       320.00
   80216.063     0.997266         5575       365.71
   80347.135     0.997656         5577       426.67
   80478.207     0.998047         5580       512.00
   80543.743     0.998242         5581       568.89
   80609.279     0.998437         5583       640.00
   80609.279     0.998633         5583       731.43
   80674.815     0.998828         5584       853.33
   80740.351     0.999023         5585      1024.00
   80805.887     0.999121         5587      1137.78
   80805.887     0.999219         5587      1280.00
   80805.887     0.999316         5587      1462.86
   80805.887     0.999414         5587      1706.67
   80871.423     0.999512         5588      2048.00
   80871.423     0.999561         5588      2275.56
   80871.423     0.999609         5588      2560.00
   80936.959     0.999658         5590      2925.71
   80936.959     1.000000         5590          inf
#[Mean    =    43351.514, StdDeviation   =    20901.406]
#[Max     =    80871.424, Total count    =         5590]
#[Buckets =           27, SubBuckets     =         2048]
----------------------------------------------------------
  6044 requests in 2.00m, 1.43MB read
Requests/sec:     50.36
Transfer/sec:     12.20KB
