Running 2m test @ http://10.102.123.170:11000/a?value=1
  2 threads and 4 connections
  Thread calibration: mean lat.: 2781.731ms, rate sampling interval: 8527ms
  Thread calibration: mean lat.: 2814.738ms, rate sampling interval: 8228ms
  Thread Stats   Avg      Stdev     Max   +/- Stdev
    Latency    25.31s    12.09s   49.22s    58.09%
    Req/Sec    24.40      0.63    26.00    100.00%
  Latency Distribution (HdrHistogram - Recorded Latency)
 50.000%   25.38s 
 75.000%   35.68s 
 90.000%   41.94s 
 99.000%   47.45s 
 99.900%   49.02s 
 99.990%   49.22s 
 99.999%   49.25s 
100.000%   49.25s 

  Detailed Percentile spectrum:
       Value   Percentile   TotalCount 1/(1-Percentile)

    4198.399     0.000000            1         1.00
    8626.175     0.100000          548         1.11
   12820.479     0.200000         1095         1.25
   16908.287     0.300000         1640         1.43
   21135.359     0.400000         2189         1.67
   25378.815     0.500000         2733         2.00
   27394.047     0.550000         3010         2.22
   29360.127     0.600000         3282         2.50
   31653.887     0.650000         3554         2.86
   33619.967     0.700000         3829         3.33
   35684.351     0.750000         4101         4.00
   36732.927     0.775000         4238         4.44
   37781.503     0.800000         4376         5.00
   38731.775     0.825000         4511         5.71
   39813.119     0.850000         4647         6.67
   40828.927     0.875000         4784         8.00
   41385.983     0.887500         4855         8.89
   41943.039     0.900000         4920        10.00
   42500.095     0.912500         4989        11.43
   43057.151     0.925000         5057        13.33
   43483.135     0.937500         5127        16.00
   43745.279     0.943750         5159        17.78
   44105.727     0.950000         5198        20.00
   44335.103     0.956250         5228        22.86
   44597.247     0.962500         5265        26.67
   44892.159     0.968750         5297        32.00
   45023.231     0.971875         5314        35.56
   45285.375     0.975000         5330        40.00
   45613.055     0.978125         5350        45.71
   45875.199     0.981250         5364        53.33
   46301.183     0.984375         5381        64.00
   46661.631     0.985938         5390        71.11
   46923.775     0.987500         5398        80.00
   47349.759     0.989062         5408        91.43
   47546.367     0.990625         5415       106.67
   47808.511     0.992188         5424       128.00
   48005.119     0.992969         5428       142.22
   48168.959     0.993750         5433       160.00
   48300.031     0.994531         5438       182.86
   48431.103     0.995313         5442       213.33
   48562.175     0.996094         5445       256.00
   48693.247     0.996484         5447       284.44
   48758.783     0.996875         5450       320.00
   48824.319     0.997266         5452       365.71
   48857.087     0.997656         5455       426.67
   48889.855     0.998047         5457       512.00
   48889.855     0.998242         5457       568.89
   48955.391     0.998437         5458       640.00
   48988.159     0.998633         5459       731.43
   49020.927     0.998828         5461       853.33
   49020.927     0.999023         5461      1024.00
   49053.695     0.999121         5462      1137.78
   49053.695     0.999219         5462      1280.00
   49119.231     0.999316         5463      1462.86
   49119.231     0.999414         5463      1706.67
   49184.767     0.999512         5464      2048.00
   49184.767     0.999561         5464      2275.56
   49184.767     0.999609         5464      2560.00
   49217.535     0.999658         5465      2925.71
   49217.535     0.999707         5465      3413.33
   49217.535     0.999756         5465      4096.00
   49217.535     0.999780         5465      4551.11
   49217.535     0.999805         5465      5120.00
   49250.303     0.999829         5466      5851.43
   49250.303     1.000000         5466          inf
#[Mean    =    25314.590, StdDeviation   =    12088.659]
#[Max     =    49217.536, Total count    =         5466]
#[Buckets =           27, SubBuckets     =         2048]
----------------------------------------------------------
  5906 requests in 2.00m, 1.40MB read
Requests/sec:     49.21
Transfer/sec:     11.93KB
