Running 2m test @ http://10.102.123.170:11000/a?value=1
  2 threads and 4 connections
  Thread calibration: mean lat.: 4792.924ms, rate sampling interval: 15687ms
  Thread calibration: mean lat.: 4649.621ms, rate sampling interval: 15253ms
  Thread Stats   Avg      Stdev     Max   +/- Stdev
    Latency     0.91m    26.56s    1.68m    57.67%
    Req/Sec    24.36      0.48    25.00    100.00%
  Latency Distribution (HdrHistogram - Recorded Latency)
 50.000%    0.91m 
 75.000%    1.29m 
 90.000%    1.52m 
 99.000%    1.66m 
 99.900%    1.68m 
 99.990%    1.68m 
 99.999%    1.68m 
100.000%    1.68m 

  Detailed Percentile spectrum:
       Value   Percentile   TotalCount 1/(1-Percentile)

    8511.487     0.000000            1         1.00
   17580.031     0.100000          546         1.11
   26902.527     0.200000         1091         1.25
   36143.103     0.300000         1639         1.43
   45285.375     0.400000         2182         1.67
   54657.023     0.500000         2727         2.00
   59211.775     0.550000         3000         2.22
   63766.527     0.600000         3272         2.50
   68419.583     0.650000         3548         2.86
   73138.175     0.700000         3821         3.33
   77529.087     0.750000         4090         4.00
   79953.919     0.775000         4230         4.44
   82247.679     0.800000         4366         5.00
   84475.903     0.825000         4499         5.71
   86704.127     0.850000         4639         6.67
   88997.887     0.875000         4773         8.00
   90177.535     0.887500         4843         8.89
   91291.647     0.900000         4911        10.00
   92405.759     0.912500         4979        11.43
   93585.407     0.925000         5049        13.33
   94699.519     0.937500         5114        16.00
   95289.343     0.943750         5150        17.78
   95813.631     0.950000         5181        20.00
   96403.455     0.956250         5217        22.86
   96927.743     0.962500         5250        26.67
   97517.567     0.968750         5284        32.00
   97779.711     0.971875         5302        35.56
   98041.855     0.975000         5318        40.00
   98369.535     0.978125         5336        45.71
   98631.679     0.981250         5351        53.33
   98893.823     0.984375         5369        64.00
   99090.431     0.985938         5382        71.11
   99221.503     0.987500         5387        80.00
   99352.575     0.989062         5396        91.43
   99483.647     0.990625         5403       106.67
   99614.719     0.992188         5411       128.00
   99680.255     0.992969         5415       142.22
   99745.791     0.993750         5420       160.00
   99811.327     0.994531         5424       182.86
   99942.399     0.995313         5429       213.33
  100007.935     0.996094         5433       256.00
  100073.471     0.996484         5437       284.44
  100073.471     0.996875         5437       320.00
  100139.007     0.997266         5440       365.71
  100204.543     0.997656         5442       426.67
  100270.079     0.998047         5443       512.00
  100335.615     0.998242         5444       568.89
  100401.151     0.998437         5445       640.00
  100466.687     0.998633         5446       731.43
  100597.759     0.998828         5447       853.33
  100663.295     0.999023         5448      1024.00
  100728.831     0.999121         5449      1137.78
  100728.831     0.999219         5449      1280.00
  100794.367     0.999316         5450      1462.86
  100794.367     0.999414         5450      1706.67
  100925.439     0.999512         5451      2048.00
  100925.439     0.999561         5451      2275.56
  100925.439     0.999609         5451      2560.00
  100990.975     0.999658         5452      2925.71
  100990.975     0.999707         5452      3413.33
  100990.975     0.999756         5452      4096.00
  100990.975     0.999780         5452      4551.11
  100990.975     0.999805         5452      5120.00
  101056.511     0.999829         5453      5851.43
  101056.511     1.000000         5453          inf
#[Mean    =    54519.683, StdDeviation   =    26560.058]
#[Max     =   100990.976, Total count    =         5453]
#[Buckets =           27, SubBuckets     =         2048]
----------------------------------------------------------
  5886 requests in 2.00m, 1.39MB read
Requests/sec:     49.04
Transfer/sec:     11.89KB
