Running 2m test @ http://10.102.123.170:11000/a?value=1
  2 threads and 4 connections
  Thread calibration: mean lat.: 405.114ms, rate sampling interval: 1284ms
  Thread calibration: mean lat.: 1233.807ms, rate sampling interval: 6094ms
  Thread Stats   Avg      Stdev     Max   +/- Stdev
    Latency     4.42s    10.29s   44.30s    87.21%
    Req/Sec    38.29      3.94    48.00     75.73%
  Latency Distribution (HdrHistogram - Recorded Latency)
 50.000%  274.94ms
 75.000%  544.26ms
 90.000%   21.20s 
 99.000%   41.94s 
 99.900%   44.14s 
 99.990%   44.30s 
 99.999%   44.34s 
100.000%   44.34s 

  Detailed Percentile spectrum:
       Value   Percentile   TotalCount 1/(1-Percentile)

       9.039     0.000000            1         1.00
      55.679     0.100000          801         1.11
     103.231     0.200000         1601         1.25
     149.503     0.300000         2403         1.43
     207.103     0.400000         3201         1.67
     274.943     0.500000         4005         2.00
     312.831     0.550000         4403         2.22
     351.743     0.600000         4801         2.50
     399.615     0.650000         5202         2.86
     462.335     0.700000         5602         3.33
     544.255     0.750000         6001         4.00
     600.575     0.775000         6203         4.44
     678.911     0.800000         6401         5.00
     877.055     0.825000         6601         5.71
    9658.367     0.850000         6801         6.67
   15384.575     0.875000         7001         8.00
   18268.159     0.887500         7101         8.89
   21200.895     0.900000         7201        10.00
   24117.247     0.912500         7301        11.43
   26869.759     0.925000         7401        13.33
   29835.263     0.937500         7501        16.00
   31195.135     0.943750         7551        17.78
   32653.311     0.950000         7601        20.00
   34078.719     0.956250         7651        22.86
   35586.047     0.962500         7701        26.67
   37093.375     0.968750         7751        32.00
   37945.343     0.971875         7776        35.56
   38699.007     0.975000         7801        40.00
   39387.135     0.978125         7826        45.71
   39911.423     0.981250         7851        53.33
   40697.855     0.984375         7876        64.00
   41123.839     0.985938         7890        71.11
   41451.519     0.987500         7901        80.00
   41779.199     0.989062         7915        91.43
   42139.647     0.990625         7927       106.67
   42500.095     0.992188         7939       128.00
   42663.935     0.992969         7945       142.22
   42860.543     0.993750         7951       160.00
   43122.687     0.994531         7958       182.86
   43286.527     0.995313         7964       213.33
   43450.367     0.996094         7970       256.00
   43581.439     0.996484         7974       284.44
   43679.743     0.996875         7977       320.00
   43778.047     0.997266         7980       365.71
   43876.351     0.997656         7983       426.67
   44007.423     0.998047         7987       512.00
   44007.423     0.998242         7987       568.89
   44040.191     0.998437         7989       640.00
   44105.727     0.998633         7992       731.43
   44105.727     0.998828         7992       853.33
   44138.495     0.999023         7994      1024.00
   44138.495     0.999121         7994      1137.78
   44204.031     0.999219         7997      1280.00
   44204.031     0.999316         7997      1462.86
   44204.031     0.999414         7997      1706.67
   44269.567     0.999512         7998      2048.00
   44269.567     0.999561         7998      2275.56
   44269.567     0.999609         7998      2560.00
   44302.335     0.999658         8000      2925.71
   44302.335     0.999707         8000      3413.33
   44302.335     0.999756         8000      4096.00
   44302.335     0.999780         8000      4551.11
   44302.335     0.999805         8000      5120.00
   44302.335     0.999829         8000      5851.43
   44302.335     0.999854         8000      6826.67
   44335.103     0.999878         8001      8192.00
   44335.103     1.000000         8001          inf
#[Mean    =     4416.797, StdDeviation   =    10287.296]
#[Max     =    44302.336, Total count    =         8001]
#[Buckets =           27, SubBuckets     =         2048]
----------------------------------------------------------
  8698 requests in 2.00m, 2.06MB read
Requests/sec:     72.47
Transfer/sec:     17.54KB
