Running 3m test @ http://10.105.92.109:11003/d?value=1
  4 threads and 10 connections
  Thread calibration: mean lat.: 12.671ms, rate sampling interval: 32ms
  Thread calibration: mean lat.: 7.403ms, rate sampling interval: 21ms
  Thread calibration: mean lat.: 8.196ms, rate sampling interval: 26ms
  Thread calibration: mean lat.: 12.634ms, rate sampling interval: 32ms
  Thread Stats   Avg      Stdev     Max   +/- Stdev
    Latency    10.11ms    3.99ms  46.34ms   61.64%
    Req/Sec    63.35     27.15   142.00     67.01%
  Latency Distribution (HdrHistogram - Recorded Latency)
 50.000%   10.50ms
 75.000%   13.12ms
 90.000%   15.26ms
 99.000%   17.95ms
 99.900%   23.34ms
 99.990%   36.51ms
 99.999%   46.37ms
100.000%   46.37ms

  Detailed Percentile spectrum:
       Value   Percentile   TotalCount 1/(1-Percentile)

       2.533     0.000000            1         1.00
       4.379     0.100000         4259         1.11
       5.875     0.200000         8502         1.25
       7.411     0.300000        12749         1.43
       9.343     0.400000        17009         1.67
      10.503     0.500000        21271         2.00
      11.007     0.550000        23377         2.22
      11.479     0.600000        25517         2.50
      12.039     0.650000        27641         2.86
      12.559     0.700000        29774         3.33
      13.119     0.750000        31897         4.00
      13.399     0.775000        32935         4.44
      13.735     0.800000        34016         5.00
      14.055     0.825000        35078         5.71
      14.407     0.850000        36124         6.67
      14.855     0.875000        37193         8.00
      15.063     0.887500        37724         8.89
      15.263     0.900000        38256        10.00
      15.471     0.912500        38792        11.43
      15.695     0.925000        39313        13.33
      15.975     0.937500        39844        16.00
      16.151     0.943750        40108        17.78
      16.335     0.950000        40385        20.00
      16.543     0.956250        40644        22.86
      16.703     0.962500        40905        26.67
      16.895     0.968750        41178        32.00
      17.007     0.971875        41317        35.56
      17.119     0.975000        41464        40.00
      17.183     0.978125        41581        45.71
      17.263     0.981250        41718        53.33
      17.407     0.984375        41837        64.00
      17.535     0.985938        41899        71.11
      17.663     0.987500        41965        80.00
      17.823     0.989062        42032        91.43
      18.031     0.990625        42102       106.67
      18.303     0.992188        42166       128.00
      18.431     0.992969        42200       142.22
      18.543     0.993750        42234       160.00
      18.687     0.994531        42267       182.86
      18.831     0.995313        42300       213.33
      19.007     0.996094        42333       256.00
      19.135     0.996484        42349       284.44
      19.327     0.996875        42365       320.00
      19.583     0.997266        42380       365.71
      20.063     0.997656        42397       426.67
      20.527     0.998047        42413       512.00
      20.991     0.998242        42422       568.89
      21.487     0.998437        42430       640.00
      22.095     0.998633        42438       731.43
      22.847     0.998828        42447       853.33
      23.455     0.999023        42455      1024.00
      23.775     0.999121        42459      1137.78
      24.255     0.999219        42463      1280.00
      25.039     0.999316        42467      1462.86
      26.207     0.999414        42472      1706.67
      26.879     0.999512        42476      2048.00
      27.087     0.999561        42478      2275.56
      27.231     0.999609        42480      2560.00
      27.951     0.999658        42482      2925.71
      28.223     0.999707        42484      3413.33
      29.583     0.999756        42486      4096.00
      29.711     0.999780        42487      4551.11
      29.871     0.999805        42488      5120.00
      31.103     0.999829        42489      5851.43
      32.335     0.999854        42490      6826.67
      33.663     0.999878        42491      8192.00
      36.511     0.999890        42493      9102.22
      36.511     0.999902        42493     10240.00
      36.511     0.999915        42493     11702.86
      36.511     0.999927        42493     13653.33
      38.239     0.999939        42494     16384.00
      38.239     0.999945        42494     18204.44
      38.239     0.999951        42494     20480.00
      45.055     0.999957        42495     23405.71
      45.055     0.999963        42495     27306.67
      45.055     0.999969        42495     32768.00
      45.055     0.999973        42495     36408.89
      45.055     0.999976        42495     40960.00
      46.367     0.999979        42496     46811.43
      46.367     1.000000        42496          inf
#[Mean    =       10.109, StdDeviation   =        3.993]
#[Max     =       46.336, Total count    =        42496]
#[Buckets =           27, SubBuckets     =         2048]
----------------------------------------------------------
  45004 requests in 3.00m, 10.62MB read
Requests/sec:    250.00
Transfer/sec:     60.39KB
