Running 3m test @ http://10.105.92.109:11003/d?value=1
  4 threads and 10 connections
  Thread calibration: mean lat.: 8.419ms, rate sampling interval: 25ms
  Thread calibration: mean lat.: 8.894ms, rate sampling interval: 27ms
  Thread calibration: mean lat.: 5.597ms, rate sampling interval: 15ms
  Thread calibration: mean lat.: 5.133ms, rate sampling interval: 14ms
  Thread Stats   Avg      Stdev     Max   +/- Stdev
    Latency     7.07ms    3.31ms  19.44ms   71.28%
    Req/Sec    12.81     33.28   153.00     87.74%
  Latency Distribution (HdrHistogram - Recorded Latency)
 50.000%    5.62ms
 75.000%    9.24ms
 90.000%   12.45ms
 99.000%   14.93ms
 99.900%   16.77ms
 99.990%   19.28ms
 99.999%   19.45ms
100.000%   19.45ms

  Detailed Percentile spectrum:
       Value   Percentile   TotalCount 1/(1-Percentile)

       2.563     0.000000            1         1.00
       3.941     0.100000          851         1.11
       4.311     0.200000         1710         1.25
       4.647     0.300000         2550         1.43
       5.031     0.400000         3400         1.67
       5.619     0.500000         4248         2.00
       6.147     0.550000         4674         2.22
       6.683     0.600000         5101         2.50
       7.255     0.650000         5524         2.86
       8.007     0.700000         5949         3.33
       9.239     0.750000         6372         4.00
      10.359     0.775000         6586         4.44
      10.991     0.800000         6797         5.00
      11.519     0.825000         7012         5.71
      11.783     0.850000         7222         6.67
      12.103     0.875000         7439         8.00
      12.239     0.887500         7544         8.89
      12.447     0.900000         7649        10.00
      12.679     0.912500         7754        11.43
      12.967     0.925000         7861        13.33
      13.199     0.937500         7968        16.00
      13.311     0.943750         8019        17.78
      13.431     0.950000         8076        20.00
      13.559     0.956250         8125        22.86
      13.711     0.962500         8178        26.67
      13.879     0.968750         8233        32.00
      13.999     0.971875         8258        35.56
      14.119     0.975000         8284        40.00
      14.263     0.978125         8311        45.71
      14.423     0.981250         8337        53.33
      14.543     0.984375         8364        64.00
      14.615     0.985938         8377        71.11
      14.743     0.987500         8390        80.00
      14.887     0.989062         8404        91.43
      14.967     0.990625         8417       106.67
      15.143     0.992188         8431       128.00
      15.223     0.992969         8437       142.22
      15.287     0.993750         8443       160.00
      15.391     0.994531         8451       182.86
      15.535     0.995313         8458       213.33
      15.607     0.996094         8463       256.00
      15.711     0.996484         8467       284.44
      15.799     0.996875         8470       320.00
      15.927     0.997266         8473       365.71
      16.031     0.997656         8477       426.67
      16.207     0.998047         8480       512.00
      16.287     0.998242         8482       568.89
      16.399     0.998437         8484       640.00
      16.415     0.998633         8485       731.43
      16.495     0.998828         8487       853.33
      16.767     0.999023         8488      1024.00
      17.135     0.999121         8489      1137.78
      17.183     0.999219         8490      1280.00
      17.423     0.999316         8491      1462.86
      17.695     0.999414         8492      1706.67
      17.695     0.999512         8492      2048.00
      17.727     0.999561         8493      2275.56
      17.727     0.999609         8493      2560.00
      18.287     0.999658         8494      2925.71
      18.287     0.999707         8494      3413.33
      18.287     0.999756         8494      4096.00
      19.279     0.999780         8495      4551.11
      19.279     0.999805         8495      5120.00
      19.279     0.999829         8495      5851.43
      19.279     0.999854         8495      6826.67
      19.279     0.999878         8495      8192.00
      19.455     0.999890         8496      9102.22
      19.455     1.000000         8496          inf
#[Mean    =        7.066, StdDeviation   =        3.309]
#[Max     =       19.440, Total count    =         8496]
#[Buckets =           27, SubBuckets     =         2048]
----------------------------------------------------------
  9004 requests in 3.00m, 2.12MB read
Requests/sec:     50.02
Transfer/sec:     12.07KB
