Running 2m test @ http://10.108.73.23:9080/productpage
  4 threads and 10 connections
  Thread calibration: mean lat.: 885.305ms, rate sampling interval: 6336ms
  Thread calibration: mean lat.: 59.101ms, rate sampling interval: 206ms
  Thread calibration: mean lat.: 1390.504ms, rate sampling interval: 6537ms
  Thread calibration: mean lat.: 885.426ms, rate sampling interval: 6143ms
  Thread Stats   Avg      Stdev     Max   +/- Stdev
    Latency     7.56s    12.96s   50.43s    84.72%
    Req/Sec    36.31      5.74    53.00     77.70%
  Latency Distribution (HdrHistogram - Recorded Latency)
 50.000%  105.73ms
 75.000%    9.47s 
 90.000%   30.92s 
 99.000%   45.91s 
 99.900%   50.17s 
 99.990%   50.46s 
 99.999%   50.46s 
100.000%   50.46s 

  Detailed Percentile spectrum:
       Value   Percentile   TotalCount 1/(1-Percentile)

       8.311     0.000000            1         1.00
      25.391     0.100000         1366         1.11
      45.695     0.200000         2732         1.25
      60.223     0.300000         4099         1.43
      77.823     0.400000         5462         1.67
     105.727     0.500000         6828         2.00
     136.959     0.550000         7510         2.22
     362.239     0.600000         8193         2.50
    4509.695     0.650000         8878         2.86
    6688.767     0.700000         9558         3.33
    9469.951     0.750000        10241         4.00
   11010.047     0.775000        10585         4.44
   12566.527     0.800000        10924         5.00
   15826.943     0.825000        11265         5.71
   21250.047     0.850000        11606         6.67
   26083.327     0.875000        11948         8.00
   28409.855     0.887500        12118         8.89
   30916.607     0.900000        12289        10.00
   33325.055     0.912500        12460        11.43
   35815.423     0.925000        12633        13.33
   38207.487     0.937500        12802        16.00
   39485.439     0.943750        12886        17.78
   40894.463     0.950000        12973        20.00
   42237.951     0.956250        13057        22.86
   43515.903     0.962500        13143        26.67
   44564.479     0.968750        13232        32.00
   44662.783     0.971875        13280        35.56
   44728.319     0.975000        13332        40.00
   44826.623     0.978125        13357        45.71
   45023.231     0.981250        13400        53.33
   45285.375     0.984375        13442        64.00
   45481.983     0.985938        13462        71.11
   45645.823     0.987500        13486        80.00
   45776.895     0.989062        13505        91.43
   45973.503     0.990625        13528       106.67
   46432.255     0.992188        13548       128.00
   49250.303     0.992969        13559       142.22
   49610.751     0.993750        13573       160.00
   49709.055     0.994531        13581       182.86
   49774.591     0.995313        13593       213.33
   49905.663     0.996094        13604       256.00
   49938.431     0.996484        13610       284.44
   49971.199     0.996875        13615       320.00
   50003.967     0.997266        13622       365.71
   50003.967     0.997656        13622       426.67
   50102.271     0.998047        13630       512.00
   50102.271     0.998242        13630       568.89
   50135.039     0.998437        13634       640.00
   50167.807     0.998633        13641       731.43
   50167.807     0.998828        13641       853.33
   50167.807     0.999023        13641      1024.00
   50200.575     0.999121        13644      1137.78
   50200.575     0.999219        13644      1280.00
   50266.111     0.999316        13645      1462.86
   50298.879     0.999414        13649      1706.67
   50298.879     0.999512        13649      2048.00
   50298.879     0.999561        13649      2275.56
   50298.879     0.999609        13649      2560.00
   50331.647     0.999658        13650      2925.71
   50331.647     0.999707        13650      3413.33
   50397.183     0.999756        13651      4096.00
   50397.183     0.999780        13651      4551.11
   50462.719     0.999805        13654      5120.00
   50462.719     1.000000        13654          inf
#[Mean    =     7564.448, StdDeviation   =    12960.531]
#[Max     =    50429.952, Total count    =        13654]
#[Buckets =           27, SubBuckets     =         2048]
----------------------------------------------------------
  14917 requests in 2.00m, 218.16MB read
Requests/sec:    124.28
Transfer/sec:      1.82MB
