Running 2m test @ http://10.108.73.23:9080/productpage
  4 threads and 10 connections
  Thread calibration: mean lat.: 2224.582ms, rate sampling interval: 7888ms
  Thread calibration: mean lat.: 2539.574ms, rate sampling interval: 8650ms
  Thread calibration: mean lat.: 2246.792ms, rate sampling interval: 7905ms
  Thread calibration: mean lat.: 2267.764ms, rate sampling interval: 7213ms
  Thread Stats   Avg      Stdev     Max   +/- Stdev
    Latency    24.40s    11.91s    0.87m    66.07%
    Req/Sec    23.74      2.34    29.00     86.79%
  Latency Distribution (HdrHistogram - Recorded Latency)
 50.000%   23.81s 
 75.000%   32.80s 
 90.000%   40.96s 
 99.000%   50.33s 
 99.900%    0.86m 
 99.990%    0.87m 
 99.999%    0.87m 
100.000%    0.87m 

  Detailed Percentile spectrum:
       Value   Percentile   TotalCount 1/(1-Percentile)

    3483.647     0.000000            1         1.00
    8953.855     0.100000         1070         1.11
   12779.519     0.200000         2137         1.25
   16293.887     0.300000         3211         1.43
   19906.559     0.400000         4274         1.67
   23805.951     0.500000         5344         2.00
   25870.335     0.550000         5876         2.22
   27918.335     0.600000         6411         2.50
   29851.647     0.650000         6948         2.86
   31326.207     0.700000         7479         3.33
   32800.767     0.750000         8023         4.00
   33259.519     0.775000         8286         4.44
   33947.647     0.800000         8546         5.00
   34832.383     0.825000         8816         5.71
   36306.943     0.850000         9081         6.67
   38830.079     0.875000         9349         8.00
   39944.191     0.887500         9483         8.89
   40959.999     0.900000         9615        10.00
   43089.919     0.912500         9749        11.43
   44793.855     0.925000         9885        13.33
   45645.823     0.937500        10021        16.00
   46366.719     0.943750        10085        17.78
   47251.455     0.950000        10148        20.00
   47874.047     0.956250        10218        22.86
   48365.567     0.962500        10286        26.67
   48824.319     0.968750        10352        32.00
   48988.159     0.971875        10386        35.56
   49184.767     0.975000        10417        40.00
   49479.679     0.978125        10453        45.71
   49741.823     0.981250        10484        53.33
   49938.431     0.984375        10517        64.00
   50069.503     0.985938        10537        71.11
   50167.807     0.987500        10551        80.00
   50298.879     0.989062        10571        91.43
   50397.183     0.990625        10582       106.67
   50659.327     0.992188        10601       128.00
   50757.631     0.992969        10612       142.22
   50823.167     0.993750        10616       160.00
   50921.471     0.994531        10624       182.86
   51085.311     0.995313        10634       213.33
   51150.847     0.996094        10641       256.00
   51216.383     0.996484        10646       284.44
   51314.687     0.996875        10650       320.00
   51380.223     0.997266        10654       365.71
   51445.759     0.997656        10659       426.67
   51511.295     0.998047        10662       512.00
   51544.063     0.998242        10664       568.89
   51642.367     0.998437        10667       640.00
   51707.903     0.998633        10671       731.43
   51707.903     0.998828        10671       853.33
   51740.671     0.999023        10672      1024.00
   51773.439     0.999121        10674      1137.78
   51773.439     0.999219        10674      1280.00
   51806.207     0.999316        10676      1462.86
   51806.207     0.999414        10676      1706.67
   51871.743     0.999512        10677      2048.00
   51904.511     0.999561        10678      2275.56
   51904.511     0.999609        10678      2560.00
   51937.279     0.999658        10679      2925.71
   51937.279     0.999707        10679      3413.33
   52002.815     0.999756        10680      4096.00
   52002.815     0.999780        10680      4551.11
   52002.815     0.999805        10680      5120.00
   52035.583     0.999829        10681      5851.43
   52035.583     0.999854        10681      6826.67
   52035.583     0.999878        10681      8192.00
   52035.583     0.999890        10681      9102.22
   52035.583     0.999902        10681     10240.00
   52101.119     0.999915        10682     11702.86
   52101.119     1.000000        10682          inf
#[Mean    =    24403.495, StdDeviation   =    11910.537]
#[Max     =    52068.352, Total count    =        10682]
#[Buckets =           27, SubBuckets     =         2048]
----------------------------------------------------------
  11544 requests in 2.00m, 168.83MB read
  Socket errors: connect 0, read 0, write 0, timeout 2
Requests/sec:     96.18
Transfer/sec:      1.41MB
