Running 2m test @ http://10.108.73.23:9080/productpage
  4 threads and 10 connections
  Thread calibration: mean lat.: 982.237ms, rate sampling interval: 3784ms
  Thread calibration: mean lat.: 539.195ms, rate sampling interval: 1718ms
  Thread calibration: mean lat.: 1077.342ms, rate sampling interval: 3784ms
  Thread calibration: mean lat.: 978.450ms, rate sampling interval: 3155ms
  Thread Stats   Avg      Stdev     Max   +/- Stdev
    Latency     3.14s     4.22s   18.87s    83.34%
    Req/Sec    24.21      2.12    32.00     85.26%
  Latency Distribution (HdrHistogram - Recorded Latency)
 50.000%    1.54s 
 75.000%    2.95s 
 90.000%    9.81s 
 99.000%   18.25s 
 99.900%   18.84s 
 99.990%   18.87s 
 99.999%   18.89s 
100.000%   18.89s 

  Detailed Percentile spectrum:
       Value   Percentile   TotalCount 1/(1-Percentile)

      11.255     0.000000            1         1.00
     113.279     0.100000         1079         1.11
     304.127     0.200000         2155         1.25
     681.471     0.300000         3232         1.43
    1163.263     0.400000         4312         1.67
    1535.999     0.500000         5388         2.00
    1679.359     0.550000         5926         2.22
    1851.391     0.600000         6466         2.50
    2082.815     0.650000         7006         2.86
    2355.199     0.700000         7544         3.33
    2953.215     0.750000         8079         4.00
    3577.855     0.775000         8349         4.44
    5275.647     0.800000         8618         5.00
    7098.367     0.825000         8888         5.71
    8380.415     0.850000         9157         6.67
    8740.863     0.875000         9427         8.00
    9322.495     0.887500         9563         8.89
    9805.823     0.900000         9696        10.00
   10338.303     0.912500         9830        11.43
   10838.015     0.925000         9965        13.33
   11214.847     0.937500        10099        16.00
   11591.679     0.943750        10168        17.78
   12263.423     0.950000        10234        20.00
   12935.167     0.956250        10301        22.86
   13762.559     0.962500        10371        26.67
   15499.263     0.968750        10436        32.00
   16130.047     0.971875        10470        35.56
   16605.183     0.975000        10503        40.00
   17268.735     0.978125        10537        45.71
   17956.863     0.981250        10576        53.33
   18137.087     0.984375        10614        64.00
   18169.855     0.985938        10626        71.11
   18202.623     0.987500        10643        80.00
   18235.391     0.989062        10660        91.43
   18268.159     0.990625        10680       106.67
   18300.927     0.992188        10688       128.00
   18350.079     0.992969        10698       142.22
   18382.847     0.993750        10710       160.00
   18399.231     0.994531        10715       182.86
   18448.383     0.995313        10725       213.33
   18497.535     0.996094        10731       256.00
   18530.303     0.996484        10735       284.44
   18595.839     0.996875        10739       320.00
   18677.759     0.997266        10743       365.71
   18710.527     0.997656        10747       426.67
   18792.447     0.998047        10752       512.00
   18808.831     0.998242        10757       568.89
   18808.831     0.998437        10757       640.00
   18825.215     0.998633        10759       731.43
   18841.599     0.998828        10765       853.33
   18841.599     0.999023        10765      1024.00
   18841.599     0.999121        10765      1137.78
   18841.599     0.999219        10765      1280.00
   18841.599     0.999316        10765      1462.86
   18857.983     0.999414        10768      1706.67
   18857.983     0.999512        10768      2048.00
   18857.983     0.999561        10768      2275.56
   18857.983     0.999609        10768      2560.00
   18874.367     0.999658        10771      2925.71
   18874.367     0.999707        10771      3413.33
   18874.367     0.999756        10771      4096.00
   18874.367     0.999780        10771      4551.11
   18874.367     0.999805        10771      5120.00
   18874.367     0.999829        10771      5851.43
   18874.367     0.999854        10771      6826.67
   18874.367     0.999878        10771      8192.00
   18874.367     0.999890        10771      9102.22
   18874.367     0.999902        10771     10240.00
   18890.751     0.999915        10772     11702.86
   18890.751     1.000000        10772          inf
#[Mean    =     3139.142, StdDeviation   =     4222.430]
#[Max     =    18874.368, Total count    =        10772]
#[Buckets =           27, SubBuckets     =         2048]
----------------------------------------------------------
  11645 requests in 2.00m, 170.31MB read
Requests/sec:     97.02
Transfer/sec:      1.42MB
