Running 3m test @ http://10.108.73.23:9080/productpage
  4 threads and 10 connections
  Thread calibration: mean lat.: 4237.968ms, rate sampling interval: 13492ms
  Thread calibration: mean lat.: 3716.187ms, rate sampling interval: 11673ms
  Thread calibration: mean lat.: 3340.243ms, rate sampling interval: 10788ms
  Thread calibration: mean lat.: 3616.865ms, rate sampling interval: 11714ms
  Thread Stats   Avg      Stdev     Max   +/- Stdev
    Latency     0.99m    30.44s    2.09m    58.72%
    Req/Sec    18.65      2.06    21.00     78.18%
  Latency Distribution (HdrHistogram - Recorded Latency)
 50.000%    0.99m 
 75.000%    1.42m 
 90.000%    1.68m 
 99.000%    1.98m 
 99.900%    2.07m 
 99.990%    2.08m 
 99.999%    2.09m 
100.000%    2.09m 

  Detailed Percentile spectrum:
       Value   Percentile   TotalCount 1/(1-Percentile)

    5693.439     0.000000            1         1.00
   17350.655     0.100000         1289         1.11
   27705.343     0.200000         2578         1.25
   38174.719     0.300000         3864         1.43
   49086.463     0.400000         5153         1.67
   59310.079     0.500000         6443         2.00
   64421.887     0.550000         7084         2.22
   69664.767     0.600000         7730         2.50
   75038.719     0.650000         8380         2.86
   79953.919     0.700000         9018         3.33
   85065.727     0.750000         9662         4.00
   87556.095     0.775000         9990         4.44
   90046.463     0.800000        10310         5.00
   92602.367     0.825000        10633         5.71
   95158.271     0.850000        10952         6.67
   97976.319     0.875000        11278         8.00
   99287.039     0.887500        11431         8.89
  100597.759     0.900000        11596        10.00
  101777.407     0.912500        11761        11.43
  103153.663     0.925000        11920        13.33
  104398.847     0.937500        12080        16.00
  105054.207     0.943750        12161        17.78
  105775.103     0.950000        12239        20.00
  106495.999     0.956250        12320        22.86
  107151.359     0.962500        12404        26.67
  108068.863     0.968750        12477        32.00
  109117.439     0.971875        12519        35.56
  110624.767     0.975000        12560        40.00
  112263.167     0.978125        12598        45.71
  113967.103     0.981250        12640        53.33
  115671.039     0.984375        12678        64.00
  116654.079     0.985938        12698        71.11
  117637.119     0.987500        12719        80.00
  118554.623     0.989062        12739        91.43
  119668.735     0.990625        12760       106.67
  120520.703     0.992188        12781       128.00
  120913.919     0.992969        12791       142.22
  121307.135     0.993750        12799       160.00
  121765.887     0.994531        12811       182.86
  122159.103     0.995313        12820       213.33
  122617.855     0.996094        12829       256.00
  122814.463     0.996484        12835       284.44
  123011.071     0.996875        12840       320.00
  123207.679     0.997266        12844       365.71
  123404.287     0.997656        12849       426.67
  123600.895     0.998047        12854       512.00
  123797.503     0.998242        12858       568.89
  123928.575     0.998437        12859       640.00
  124059.647     0.998633        12862       731.43
  124190.719     0.998828        12864       853.33
  124256.255     0.999023        12867      1024.00
  124387.327     0.999121        12869      1137.78
  124387.327     0.999219        12869      1280.00
  124518.399     0.999316        12872      1462.86
  124518.399     0.999414        12872      1706.67
  124583.935     0.999512        12873      2048.00
  124649.471     0.999561        12874      2275.56
  124649.471     0.999609        12874      2560.00
  124715.007     0.999658        12875      2925.71
  124846.079     0.999707        12876      3413.33
  124846.079     0.999756        12876      4096.00
  124977.151     0.999780        12877      4551.11
  124977.151     0.999805        12877      5120.00
  124977.151     0.999829        12877      5851.43
  125042.687     0.999854        12878      6826.67
  125042.687     0.999878        12878      8192.00
  125042.687     0.999890        12878      9102.22
  125042.687     0.999902        12878     10240.00
  125042.687     0.999915        12878     11702.86
  125173.759     0.999927        12879     13653.33
  125173.759     1.000000        12879          inf
#[Mean    =    59249.843, StdDeviation   =    30436.273]
#[Max     =   125108.224, Total count    =        12879]
#[Buckets =           27, SubBuckets     =         2048]
----------------------------------------------------------
  13575 requests in 3.00m, 198.54MB read
Requests/sec:     75.41
Transfer/sec:      1.10MB
