Running 3m test @ http://10.108.73.23:9080/productpage
  4 threads and 10 connections
  Thread calibration: mean lat.: 129.806ms, rate sampling interval: 616ms
  Thread calibration: mean lat.: 261.338ms, rate sampling interval: 1213ms
  Thread calibration: mean lat.: 52.418ms, rate sampling interval: 187ms
  Thread calibration: mean lat.: 416.317ms, rate sampling interval: 1814ms
  Thread Stats   Avg      Stdev     Max   +/- Stdev
    Latency   135.08ms  158.91ms   1.05s    87.09%
    Req/Sec    24.54      3.78    37.00     84.39%
  Latency Distribution (HdrHistogram - Recorded Latency)
 50.000%   74.62ms
 75.000%  127.23ms
 90.000%  380.42ms
 99.000%  703.49ms
 99.900%  964.61ms
 99.990%    1.03s 
 99.999%    1.06s 
100.000%    1.06s 

  Detailed Percentile spectrum:
       Value   Percentile   TotalCount 1/(1-Percentile)

       8.591     0.000000            1         1.00
      23.535     0.100000         1702         1.11
      50.527     0.200000         3402         1.25
      55.007     0.300000         5112         1.43
      64.511     0.400000         6800         1.67
      74.623     0.500000         8504         2.00
      80.639     0.550000         9352         2.22
      93.567     0.600000        10205         2.50
      98.815     0.650000        11063         2.86
     111.039     0.700000        11904         3.33
     127.295     0.750000        12750         4.00
     143.615     0.775000        13176         4.44
     167.551     0.800000        13600         5.00
     196.351     0.825000        14025         5.71
     241.791     0.850000        14450         6.67
     307.711     0.875000        14876         8.00
     340.479     0.887500        15087         8.89
     380.415     0.900000        15300        10.00
     419.839     0.912500        15512        11.43
     456.191     0.925000        15727        13.33
     492.799     0.937500        15938        16.00
     512.767     0.943750        16044        17.78
     531.967     0.950000        16150        20.00
     552.959     0.956250        16258        22.86
     578.047     0.962500        16362        26.67
     601.599     0.968750        16468        32.00
     612.351     0.971875        16522        35.56
     623.615     0.975000        16578        40.00
     636.927     0.978125        16628        45.71
     652.287     0.981250        16681        53.33
     670.207     0.984375        16735        64.00
     679.423     0.985938        16760        71.11
     686.591     0.987500        16790        80.00
     697.343     0.989062        16814        91.43
     708.095     0.990625        16840       106.67
     721.919     0.992188        16868       128.00
     730.623     0.992969        16880       142.22
     741.375     0.993750        16894       160.00
     754.175     0.994531        16907       182.86
     773.631     0.995313        16920       213.33
     800.255     0.996094        16933       256.00
     807.935     0.996484        16940       284.44
     825.855     0.996875        16947       320.00
     867.327     0.997266        16953       365.71
     911.359     0.997656        16960       426.67
     935.935     0.998047        16966       512.00
     948.223     0.998242        16970       568.89
     955.391     0.998437        16973       640.00
     959.487     0.998633        16976       731.43
     963.071     0.998828        16980       853.33
     964.607     0.999023        16983      1024.00
     968.703     0.999121        16985      1137.78
     971.775     0.999219        16986      1280.00
     976.383     0.999316        16989      1462.86
     981.503     0.999414        16990      1706.67
     984.063     0.999512        16991      2048.00
     992.255     0.999561        16992      2275.56
     996.863     0.999609        16993      2560.00
    1006.079     0.999658        16994      2925.71
    1015.807     0.999707        16995      3413.33
    1015.807     0.999756        16995      4096.00
    1023.487     0.999780        16996      4551.11
    1023.487     0.999805        16996      5120.00
    1026.047     0.999829        16997      5851.43
    1026.047     0.999854        16997      6826.67
    1026.047     0.999878        16997      8192.00
    1044.479     0.999890        16998      9102.22
    1044.479     0.999902        16998     10240.00
    1044.479     0.999915        16998     11702.86
    1044.479     0.999927        16998     13653.33
    1044.479     0.999939        16998     16384.00
    1055.743     0.999945        16999     18204.44
    1055.743     1.000000        16999          inf
#[Mean    =      135.075, StdDeviation   =      158.911]
#[Max     =     1054.720, Total count    =        16999]
#[Buckets =           27, SubBuckets     =         2048]
----------------------------------------------------------
  17989 requests in 3.00m, 263.08MB read
Requests/sec:     99.93
Transfer/sec:      1.46MB
