Running 3m test @ http://10.108.73.23:9080/productpage
  4 threads and 10 connections
  Thread calibration: mean lat.: 1497.801ms, rate sampling interval: 5070ms
  Thread calibration: mean lat.: 1212.403ms, rate sampling interval: 4116ms
  Thread calibration: mean lat.: 1634.158ms, rate sampling interval: 6438ms
  Thread calibration: mean lat.: 1824.752ms, rate sampling interval: 6348ms
  Thread Stats   Avg      Stdev     Max   +/- Stdev
    Latency    24.13s    14.42s    1.10m    64.97%
    Req/Sec    27.62      1.68    31.00     94.44%
  Latency Distribution (HdrHistogram - Recorded Latency)
 50.000%   22.02s 
 75.000%   32.57s 
 90.000%   44.92s 
 99.000%    1.04m 
 99.900%    1.09m 
 99.990%    1.10m 
 99.999%    1.10m 
100.000%    1.10m 

  Detailed Percentile spectrum:
       Value   Percentile   TotalCount 1/(1-Percentile)

    1965.055     0.000000            2         1.00
    6840.319     0.100000         1901         1.11
   10805.247     0.200000         3801         1.25
   14401.535     0.300000         5703         1.43
   18317.311     0.400000         7601         1.67
   22020.095     0.500000         9500         2.00
   24133.631     0.550000        10461         2.22
   26198.015     0.600000        11401         2.50
   28082.175     0.650000        12350         2.86
   30425.087     0.700000        13303         3.33
   32571.391     0.750000        14250         4.00
   34406.399     0.775000        14725         4.44
   36569.087     0.800000        15199         5.00
   38895.615     0.825000        15676         5.71
   40697.855     0.850000        16155         6.67
   42631.167     0.875000        16629         8.00
   43712.511     0.887500        16860         8.89
   44924.927     0.900000        17102        10.00
   45842.431     0.912500        17335        11.43
   46858.239     0.925000        17574        13.33
   48365.567     0.937500        17810        16.00
   49512.447     0.943750        17930        17.78
   51380.223     0.950000        18049        20.00
   53247.999     0.956250        18167        22.86
   54919.167     0.962500        18286        26.67
   56623.103     0.968750        18404        32.00
   57507.839     0.971875        18466        35.56
   58490.879     0.975000        18524        40.00
   59506.687     0.978125        18586        45.71
   60456.959     0.981250        18641        53.33
   61341.695     0.984375        18702        64.00
   61636.607     0.985938        18730        71.11
   61997.055     0.987500        18760        80.00
   62488.575     0.989062        18791        91.43
   62783.487     0.990625        18820       106.67
   63209.471     0.992188        18849       128.00
   63504.383     0.992969        18865       142.22
   63766.527     0.993750        18879       160.00
   63995.903     0.994531        18894       182.86
   64258.047     0.995313        18909       213.33
   64520.191     0.996094        18923       256.00
   64618.495     0.996484        18932       284.44
   64684.031     0.996875        18939       320.00
   64749.567     0.997266        18949       365.71
   64913.407     0.997656        18954       426.67
   65175.551     0.998047        18960       512.00
   65339.391     0.998242        18965       568.89
   65404.927     0.998437        18969       640.00
   65470.463     0.998633        18972       731.43
   65535.999     0.998828        18976       853.33
   65699.839     0.999023        18979      1024.00
   65732.607     0.999121        18985      1137.78
   65732.607     0.999219        18985      1280.00
   65732.607     0.999316        18985      1462.86
   65765.375     0.999414        18986      1706.67
   65863.679     0.999512        18988      2048.00
   65929.215     0.999561        18990      2275.56
   65929.215     0.999609        18990      2560.00
   65994.751     0.999658        18991      2925.71
   66027.519     0.999707        18992      3413.33
   66060.287     0.999756        18993      4096.00
   66060.287     0.999780        18993      4551.11
   66125.823     0.999805        18995      5120.00
   66125.823     0.999829        18995      5851.43
   66125.823     0.999854        18995      6826.67
   66125.823     0.999878        18995      8192.00
   66125.823     0.999890        18995      9102.22
   66158.591     0.999902        18996     10240.00
   66158.591     0.999915        18996     11702.86
   66158.591     0.999927        18996     13653.33
   66158.591     0.999939        18996     16384.00
   66158.591     0.999945        18996     18204.44
   66224.127     0.999951        18997     20480.00
   66224.127     1.000000        18997          inf
#[Mean    =    24132.288, StdDeviation   =    14418.346]
#[Max     =    66191.360, Total count    =        18997]
#[Buckets =           27, SubBuckets     =         2048]
----------------------------------------------------------
  20076 requests in 3.00m, 293.61MB read
Requests/sec:    111.52
Transfer/sec:      1.63MB
