Running 3m test @ http://10.108.73.23:9080/productpage
  4 threads and 10 connections
  Thread calibration: mean lat.: 2217.695ms, rate sampling interval: 7782ms
  Thread calibration: mean lat.: 2273.381ms, rate sampling interval: 8159ms
  Thread calibration: mean lat.: 1826.583ms, rate sampling interval: 6660ms
  Thread calibration: mean lat.: 1923.666ms, rate sampling interval: 6893ms
  Thread Stats   Avg      Stdev     Max   +/- Stdev
    Latency    39.98s    21.65s    1.61m    61.35%
    Req/Sec    28.13      2.27    33.00     88.89%
  Latency Distribution (HdrHistogram - Recorded Latency)
 50.000%   39.52s 
 75.000%    0.95m 
 90.000%    1.13m 
 99.000%    1.54m 
 99.900%    1.60m 
 99.990%    1.61m 
 99.999%    1.61m 
100.000%    1.61m 

  Detailed Percentile spectrum:
       Value   Percentile   TotalCount 1/(1-Percentile)

    3502.079     0.000000            1         1.00
   11034.623     0.100000         1941         1.11
   18038.783     0.200000         3883         1.25
   25313.279     0.300000         5822         1.43
   32522.239     0.400000         7763         1.67
   39518.207     0.500000         9706         2.00
   42860.543     0.550000        10676         2.22
   46399.487     0.600000        11650         2.50
   49741.823     0.650000        12617         2.86
   53215.231     0.700000        13587         3.33
   56721.407     0.750000        14556         4.00
   58556.415     0.775000        15040         4.44
   60391.423     0.800000        15536         5.00
   62128.127     0.825000        16017         5.71
   63963.135     0.850000        16497         6.67
   65732.607     0.875000        16994         8.00
   66846.719     0.887500        17230         8.89
   67960.831     0.900000        17481        10.00
   69140.479     0.912500        17715        11.43
   70254.591     0.925000        17962        13.33
   71827.455     0.937500        18203        16.00
   72417.279     0.943750        18318        17.78
   73924.607     0.950000        18439        20.00
   76808.191     0.956250        18558        22.86
   79822.847     0.962500        18679        26.67
   82575.359     0.968750        18801        32.00
   84017.151     0.971875        18863        35.56
   85393.407     0.975000        18921        40.00
   86835.199     0.978125        18982        45.71
   88211.455     0.981250        19044        53.33
   89718.783     0.984375        19104        64.00
   90505.215     0.985938        19135        71.11
   91160.575     0.987500        19164        80.00
   91881.471     0.989062        19195        91.43
   92536.831     0.990625        19226       106.67
   93192.191     0.992188        19256       128.00
   93519.871     0.992969        19270       142.22
   93847.551     0.993750        19287       160.00
   94109.695     0.994531        19300       182.86
   94437.375     0.995313        19316       213.33
   94896.127     0.996094        19333       256.00
   95027.199     0.996484        19338       284.44
   95223.807     0.996875        19348       320.00
   95354.879     0.997266        19353       365.71
   95551.487     0.997656        19364       426.67
   95748.095     0.998047        19372       512.00
   95748.095     0.998242        19372       568.89
   95813.631     0.998437        19376       640.00
   95944.703     0.998633        19382       731.43
   96010.239     0.998828        19384       853.33
   96141.311     0.999023        19390      1024.00
   96141.311     0.999121        19390      1137.78
   96206.847     0.999219        19393      1280.00
   96206.847     0.999316        19393      1462.86
   96272.383     0.999414        19395      1706.67
   96403.455     0.999512        19398      2048.00
   96403.455     0.999561        19398      2275.56
   96468.991     0.999609        19399      2560.00
   96534.527     0.999658        19401      2925.71
   96534.527     0.999707        19401      3413.33
   96600.063     0.999756        19404      4096.00
   96600.063     0.999780        19404      4551.11
   96600.063     0.999805        19404      5120.00
   96600.063     0.999829        19404      5851.43
   96600.063     0.999854        19404      6826.67
   96600.063     0.999878        19404      8192.00
   96600.063     0.999890        19404      9102.22
   96665.599     0.999902        19406     10240.00
   96665.599     1.000000        19406          inf
#[Mean    =    39976.403, StdDeviation   =    21651.313]
#[Max     =    96600.064, Total count    =        19406]
#[Buckets =           27, SubBuckets     =         2048]
----------------------------------------------------------
  20569 requests in 3.00m, 300.78MB read
Requests/sec:    114.26
Transfer/sec:      1.67MB
