Running 2m test @ http://10.105.92.109:11003/d?value=1
  4 threads and 10 connections
  Thread calibration: mean lat.: 11.338ms, rate sampling interval: 26ms
  Thread calibration: mean lat.: 11.517ms, rate sampling interval: 27ms
  Thread calibration: mean lat.: 11.550ms, rate sampling interval: 27ms
  Thread calibration: mean lat.: 11.137ms, rate sampling interval: 26ms
  Thread Stats   Avg      Stdev     Max   +/- Stdev
    Latency    11.01ms    2.76ms  50.21ms   85.28%
    Req/Sec    50.67     30.23   160.00     79.77%
  Latency Distribution (HdrHistogram - Recorded Latency)
 50.000%   10.68ms
 75.000%   11.80ms
 90.000%   13.29ms
 99.000%   22.42ms
 99.900%   34.65ms
 99.990%   50.11ms
 99.999%   50.24ms
100.000%   50.24ms

  Detailed Percentile spectrum:
       Value   Percentile   TotalCount 1/(1-Percentile)

       5.311     0.000000            1         1.00
       8.663     0.100000         2213         1.11
       9.487     0.200000         4423         1.25
       9.943     0.300000         6600         1.43
      10.319     0.400000         8835         1.67
      10.679     0.500000        11044         2.00
      10.855     0.550000        12111         2.22
      11.039     0.600000        13207         2.50
      11.263     0.650000        14332         2.86
      11.495     0.700000        15423         3.33
      11.799     0.750000        16518         4.00
      11.967     0.775000        17052         4.44
      12.159     0.800000        17615         5.00
      12.367     0.825000        18162         5.71
      12.615     0.850000        18708         6.67
      12.911     0.875000        19263         8.00
      13.103     0.887500        19533         8.89
      13.287     0.900000        19809        10.00
      13.495     0.912500        20075        11.43
      13.759     0.925000        20352        13.33
      14.127     0.937500        20625        16.00
      14.343     0.943750        20767        17.78
      14.575     0.950000        20902        20.00
      14.919     0.956250        21042        22.86
      15.271     0.962500        21175        26.67
      15.759     0.968750        21314        32.00
      16.079     0.971875        21383        35.56
      16.511     0.975000        21451        40.00
      16.847     0.978125        21520        45.71
      17.535     0.981250        21589        53.33
      18.271     0.984375        21657        64.00
      19.007     0.985938        21692        71.11
      19.903     0.987500        21726        80.00
      21.279     0.989062        21760        91.43
      22.815     0.990625        21794       106.67
      25.343     0.992188        21829       128.00
      26.527     0.992969        21846       142.22
      28.319     0.993750        21863       160.00
      29.615     0.994531        21880       182.86
      30.463     0.995313        21897       213.33
      31.423     0.996094        21915       256.00
      31.775     0.996484        21923       284.44
      32.399     0.996875        21932       320.00
      32.639     0.997266        21940       365.71
      33.087     0.997656        21949       426.67
      33.599     0.998047        21958       512.00
      33.759     0.998242        21962       568.89
      34.175     0.998437        21967       640.00
      34.431     0.998633        21972       731.43
      34.559     0.998828        21976       853.33
      34.719     0.999023        21979      1024.00
      34.815     0.999121        21981      1137.78
      34.975     0.999219        21983      1280.00
      35.103     0.999316        21985      1462.86
      35.263     0.999414        21988      1706.67
      35.423     0.999512        21990      2048.00
      35.807     0.999561        21991      2275.56
      35.839     0.999609        21992      2560.00
      36.031     0.999658        21994      2925.71
      36.031     0.999707        21994      3413.33
      36.287     0.999756        21995      4096.00
      36.319     0.999780        21996      4551.11
      36.319     0.999805        21996      5120.00
      46.431     0.999829        21997      5851.43
      46.431     0.999854        21997      6826.67
      50.111     0.999878        21998      8192.00
      50.111     0.999890        21998      9102.22
      50.111     0.999902        21998     10240.00
      50.143     0.999915        21999     11702.86
      50.143     0.999927        21999     13653.33
      50.143     0.999939        21999     16384.00
      50.143     0.999945        21999     18204.44
      50.143     0.999951        21999     20480.00
      50.239     0.999957        22000     23405.71
      50.239     1.000000        22000          inf
#[Mean    =       11.014, StdDeviation   =        2.761]
#[Max     =       50.208, Total count    =        22000]
#[Buckets =           27, SubBuckets     =         2048]
----------------------------------------------------------
  24004 requests in 2.00m, 5.66MB read
Requests/sec:    200.02
Transfer/sec:     48.29KB
