Running 2m test @ http://10.105.92.109:11003/d?value=1
  4 threads and 10 connections
  Thread calibration: mean lat.: 21.964ms, rate sampling interval: 61ms
  Thread calibration: mean lat.: 22.618ms, rate sampling interval: 63ms
  Thread calibration: mean lat.: 22.503ms, rate sampling interval: 62ms
  Thread calibration: mean lat.: 22.878ms, rate sampling interval: 62ms
  Thread Stats   Avg      Stdev     Max   +/- Stdev
    Latency    22.04ms    7.87ms  96.64ms   68.10%
    Req/Sec    24.79     11.97    64.00     84.68%
  Latency Distribution (HdrHistogram - Recorded Latency)
 50.000%   22.29ms
 75.000%   27.52ms
 90.000%   31.22ms
 99.000%   38.43ms
 99.900%   71.68ms
 99.990%   92.48ms
 99.999%   96.70ms
100.000%   96.70ms

  Detailed Percentile spectrum:
       Value   Percentile   TotalCount 1/(1-Percentile)

       5.615     0.000000            1         1.00
      11.439     0.100000         1102         1.11
      14.911     0.200000         2203         1.25
      17.423     0.300000         3302         1.43
      19.919     0.400000         4400         1.67
      22.287     0.500000         5500         2.00
      23.407     0.550000         6054         2.22
      24.479     0.600000         6601         2.50
      25.519     0.650000         7156         2.86
      26.479     0.700000         7702         3.33
      27.519     0.750000         8250         4.00
      28.031     0.775000         8527         4.44
      28.575     0.800000         8808         5.00
      29.151     0.825000         9076         5.71
      29.727     0.850000         9352         6.67
      30.399     0.875000         9630         8.00
      30.767     0.887500         9765         8.89
      31.215     0.900000         9900        10.00
      31.663     0.912500        10039        11.43
      32.207     0.925000        10176        13.33
      32.895     0.937500        10315        16.00
      33.215     0.943750        10382        17.78
      33.631     0.950000        10452        20.00
      34.047     0.956250        10521        22.86
      34.623     0.962500        10588        26.67
      35.167     0.968750        10657        32.00
      35.487     0.971875        10691        35.56
      35.871     0.975000        10727        40.00
      36.351     0.978125        10761        45.71
      36.767     0.981250        10793        53.33
      37.279     0.984375        10830        64.00
      37.471     0.985938        10846        71.11
      37.727     0.987500        10862        80.00
      38.079     0.989062        10879        91.43
      38.591     0.990625        10896       106.67
      39.263     0.992188        10914       128.00
      39.551     0.992969        10922       142.22
      40.639     0.993750        10931       160.00
      41.471     0.994531        10939       182.86
      43.295     0.995313        10948       213.33
      43.839     0.996094        10957       256.00
      50.719     0.996484        10961       284.44
      54.303     0.996875        10965       320.00
      61.343     0.997266        10969       365.71
      63.871     0.997656        10974       426.67
      66.367     0.998047        10979       512.00
      66.431     0.998242        10981       568.89
      66.687     0.998437        10982       640.00
      67.455     0.998633        10984       731.43
      69.951     0.998828        10987       853.33
      76.159     0.999023        10989      1024.00
      77.375     0.999121        10990      1137.78
      79.487     0.999219        10991      1280.00
      80.319     0.999316        10992      1462.86
      82.367     0.999414        10993      1706.67
      82.623     0.999512        10994      2048.00
      85.119     0.999561        10995      2275.56
      85.119     0.999609        10995      2560.00
      85.183     0.999658        10996      2925.71
      85.183     0.999707        10996      3413.33
      90.367     0.999756        10997      4096.00
      90.367     0.999780        10997      4551.11
      90.367     0.999805        10997      5120.00
      92.479     0.999829        10998      5851.43
      92.479     0.999854        10998      6826.67
      92.479     0.999878        10998      8192.00
      92.479     0.999890        10998      9102.22
      92.479     0.999902        10998     10240.00
      96.703     0.999915        10999     11702.86
      96.703     1.000000        10999          inf
#[Mean    =       22.038, StdDeviation   =        7.869]
#[Max     =       96.640, Total count    =        10999]
#[Buckets =           27, SubBuckets     =         2048]
----------------------------------------------------------
  12004 requests in 2.00m, 2.84MB read
Requests/sec:    100.02
Transfer/sec:     24.21KB
