Running 2m test @ http://10.105.92.109:11003/d?value=1
  4 threads and 10 connections
  Thread calibration: mean lat.: 26.975ms, rate sampling interval: 66ms
  Thread calibration: mean lat.: 27.694ms, rate sampling interval: 67ms
  Thread calibration: mean lat.: 27.555ms, rate sampling interval: 67ms
  Thread calibration: mean lat.: 27.756ms, rate sampling interval: 70ms
  Thread Stats   Avg      Stdev     Max   +/- Stdev
    Latency    27.34ms    7.45ms  83.26ms   78.00%
    Req/Sec    12.31     13.81    30.00     61.81%
  Latency Distribution (HdrHistogram - Recorded Latency)
 50.000%   28.43ms
 75.000%   31.45ms
 90.000%   34.59ms
 99.000%   40.86ms
 99.900%   77.50ms
 99.990%   83.26ms
 99.999%   83.33ms
100.000%   83.33ms

  Detailed Percentile spectrum:
       Value   Percentile   TotalCount 1/(1-Percentile)

       5.635     0.000000            1         1.00
      16.039     0.100000          550         1.11
      23.311     0.200000         1100         1.25
      25.471     0.300000         1649         1.43
      27.055     0.400000         2202         1.67
      28.431     0.500000         2752         2.00
      29.071     0.550000         3026         2.22
      29.695     0.600000         3299         2.50
      30.271     0.650000         3579         2.86
      30.783     0.700000         3851         3.33
      31.455     0.750000         4127         4.00
      31.823     0.775000         4264         4.44
      32.271     0.800000         4398         5.00
      32.751     0.825000         4541         5.71
      33.311     0.850000         4678         6.67
      33.823     0.875000         4810         8.00
      34.207     0.887500         4880         8.89
      34.591     0.900000         4949        10.00
      35.039     0.912500         5018        11.43
      35.679     0.925000         5089        13.33
      36.223     0.937500         5159        16.00
      36.511     0.943750         5187        17.78
      36.927     0.950000         5222        20.00
      37.375     0.956250         5256        22.86
      37.759     0.962500         5291        26.67
      38.143     0.968750         5326        32.00
      38.527     0.971875         5342        35.56
      38.687     0.975000         5359        40.00
      38.911     0.978125         5376        45.71
      39.391     0.981250         5395        53.33
      39.775     0.984375         5412        64.00
      39.903     0.985938         5421        71.11
      40.063     0.987500         5428        80.00
      40.639     0.989062         5436        91.43
      40.959     0.990625         5445       106.67
      41.855     0.992188         5454       128.00
      42.207     0.992969         5458       142.22
      42.847     0.993750         5462       160.00
      43.327     0.994531         5466       182.86
      47.903     0.995313         5471       213.33
      60.447     0.996094         5475       256.00
      61.727     0.996484         5477       284.44
      62.687     0.996875         5479       320.00
      63.519     0.997266         5481       365.71
      64.639     0.997656         5484       426.67
      66.047     0.998047         5486       512.00
      66.559     0.998242         5487       568.89
      67.071     0.998437         5488       640.00
      70.847     0.998633         5489       731.43
      76.223     0.998828         5490       853.33
      77.503     0.999023         5491      1024.00
      77.567     0.999121         5492      1137.78
      77.567     0.999219         5492      1280.00
      77.631     0.999316         5493      1462.86
      77.631     0.999414         5493      1706.67
      79.615     0.999512         5494      2048.00
      79.615     0.999561         5494      2275.56
      79.615     0.999609         5494      2560.00
      83.263     0.999658         5495      2925.71
      83.263     0.999707         5495      3413.33
      83.263     0.999756         5495      4096.00
      83.263     0.999780         5495      4551.11
      83.263     0.999805         5495      5120.00
      83.327     0.999829         5496      5851.43
      83.327     1.000000         5496          inf
#[Mean    =       27.342, StdDeviation   =        7.449]
#[Max     =       83.264, Total count    =         5496]
#[Buckets =           27, SubBuckets     =         2048]
----------------------------------------------------------
  6000 requests in 2.00m, 1.42MB read
Requests/sec:     49.99
Transfer/sec:     12.10KB
