Running 2m test @ http://10.105.92.109:11003/d?value=1
  4 threads and 10 connections
  Thread calibration: mean lat.: 10.212ms, rate sampling interval: 22ms
  Thread calibration: mean lat.: 10.359ms, rate sampling interval: 22ms
  Thread calibration: mean lat.: 10.423ms, rate sampling interval: 22ms
  Thread calibration: mean lat.: 10.490ms, rate sampling interval: 22ms
  Thread Stats   Avg      Stdev     Max   +/- Stdev
    Latency   380.03ms  745.17ms   3.04s    84.12%
    Req/Sec    63.03     46.76   285.00     71.40%
  Latency Distribution (HdrHistogram - Recorded Latency)
 50.000%   10.01ms
 75.000%  172.16ms
 90.000%    1.77s 
 99.000%    2.71s 
 99.900%    2.94s 
 99.990%    3.00s 
 99.999%    3.04s 
100.000%    3.04s 

  Detailed Percentile spectrum:
       Value   Percentile   TotalCount 1/(1-Percentile)

       5.051     0.000000            1         1.00
       7.379     0.100000         2739         1.11
       8.139     0.200000         5463         1.25
       8.911     0.300000         8191         1.43
       9.519     0.400000        10947         1.67
      10.007     0.500000        13648         2.00
      10.279     0.550000        15031         2.22
      10.567     0.600000        16387         2.50
      10.943     0.650000        17744         2.86
      11.927     0.700000        19106         3.33
     172.159     0.750000        20469         4.00
     415.487     0.775000        21155         4.44
     670.719     0.800000        21834         5.00
     931.839     0.825000        22516         5.71
    1222.655     0.850000        23199         6.67
    1500.159     0.875000        23883         8.00
    1636.351     0.887500        24223         8.89
    1774.591     0.900000        24564        10.00
    1903.615     0.912500        24904        11.43
    2044.927     0.925000        25248        13.33
    2150.399     0.937500        25589        16.00
    2197.503     0.943750        25761        17.78
    2248.703     0.950000        25931        20.00
    2314.239     0.956250        26099        22.86
    2379.775     0.962500        26269        26.67
    2443.263     0.968750        26442        32.00
    2478.079     0.971875        26525        35.56
    2514.943     0.975000        26612        40.00
    2555.903     0.978125        26695        45.71
    2594.815     0.981250        26783        53.33
    2629.631     0.984375        26866        64.00
    2652.159     0.985938        26916        71.11
    2672.639     0.987500        26952        80.00
    2695.167     0.989062        26994        91.43
    2721.791     0.990625        27038       106.67
    2750.463     0.992188        27079       128.00
    2770.943     0.992969        27101       142.22
    2791.423     0.993750        27123       160.00
    2809.855     0.994531        27143       182.86
    2834.431     0.995313        27167       213.33
    2850.815     0.996094        27187       256.00
    2859.007     0.996484        27197       284.44
    2871.295     0.996875        27207       320.00
    2883.583     0.997266        27219       365.71
    2891.775     0.997656        27229       426.67
    2904.063     0.998047        27239       512.00
    2912.255     0.998242        27245       568.89
    2914.303     0.998437        27250       640.00
    2926.591     0.998633        27255       731.43
    2934.783     0.998828        27261       853.33
    2938.879     0.999023        27266      1024.00
    2945.023     0.999121        27269      1137.78
    2949.119     0.999219        27271      1280.00
    2957.311     0.999316        27274      1462.86
    2961.407     0.999414        27277      1706.67
    2969.599     0.999512        27280      2048.00
    2973.695     0.999561        27281      2275.56
    2977.791     0.999609        27283      2560.00
    2977.791     0.999658        27283      2925.71
    2990.079     0.999707        27285      3413.33
    2994.175     0.999756        27287      4096.00
    2994.175     0.999780        27287      4551.11
    2994.175     0.999805        27287      5120.00
    2998.271     0.999829        27288      5851.43
    3000.319     0.999854        27289      6826.67
    3000.319     0.999878        27289      8192.00
    3006.463     0.999890        27290      9102.22
    3006.463     0.999902        27290     10240.00
    3006.463     0.999915        27290     11702.86
    3018.751     0.999927        27291     13653.33
    3018.751     0.999939        27291     16384.00
    3018.751     0.999945        27291     18204.44
    3018.751     0.999951        27291     20480.00
    3018.751     0.999957        27291     23405.71
    3037.183     0.999963        27292     27306.67
    3037.183     1.000000        27292          inf
#[Mean    =      380.031, StdDeviation   =      745.170]
#[Max     =     3035.136, Total count    =        27292]
#[Buckets =           27, SubBuckets     =         2048]
----------------------------------------------------------
  29798 requests in 2.00m, 7.03MB read
Requests/sec:    248.29
Transfer/sec:     59.94KB
