Running 3m test @ http://10.108.73.23:9080/productpage
  4 threads and 10 connections
  Thread calibration: mean lat.: 3286.340ms, rate sampling interval: 10035ms
  Thread calibration: mean lat.: 2917.347ms, rate sampling interval: 9125ms
  Thread calibration: mean lat.: 3157.553ms, rate sampling interval: 9912ms
  Thread calibration: mean lat.: 3183.006ms, rate sampling interval: 10567ms
  Thread Stats   Avg      Stdev     Max   +/- Stdev
    Latency    47.30s    24.55s    1.79m    58.35%
    Req/Sec    18.54      1.10    20.00     95.52%
  Latency Distribution (HdrHistogram - Recorded Latency)
 50.000%   47.28s 
 75.000%    1.14m 
 90.000%    1.34m 
 99.000%    1.64m 
 99.900%    1.78m 
 99.990%    1.79m 
 99.999%    1.79m 
100.000%    1.79m 

  Detailed Percentile spectrum:
       Value   Percentile   TotalCount 1/(1-Percentile)

    4886.527     0.000000            1         1.00
   13770.751     0.100000         1291         1.11
   21954.559     0.200000         2583         1.25
   30064.639     0.300000         3873         1.43
   38469.631     0.400000         5164         1.67
   47284.223     0.500000         6457         2.00
   51445.759     0.550000         7102         2.22
   55705.599     0.600000         7745         2.50
   60030.975     0.650000         8393         2.86
   64192.511     0.700000         9040         3.33
   68157.439     0.750000         9685         4.00
   70189.055     0.775000        10007         4.44
   72417.279     0.800000        10330         5.00
   74317.823     0.825000        10654         5.71
   76218.367     0.850000        10976         6.67
   78381.055     0.875000        11299         8.00
   79364.095     0.887500        11457         8.89
   80412.671     0.900000        11625        10.00
   81526.783     0.912500        11791        11.43
   82444.287     0.925000        11952        13.33
   83558.399     0.937500        12104        16.00
   84082.687     0.943750        12187        17.78
   84606.975     0.950000        12268        20.00
   85000.191     0.956250        12348        22.86
   85524.479     0.962500        12438        26.67
   86179.839     0.968750        12508        32.00
   86573.055     0.971875        12545        35.56
   87097.343     0.975000        12586        40.00
   87883.775     0.978125        12628        45.71
   89194.495     0.981250        12667        53.33
   92405.759     0.984375        12707        64.00
   93913.087     0.985938        12727        71.11
   95551.487     0.987500        12747        80.00
   97320.959     0.989062        12767        91.43
   98631.679     0.990625        12787       106.67
  100139.007     0.992188        12808       128.00
  100925.439     0.992969        12818       142.22
  101515.263     0.993750        12828       160.00
  102301.695     0.994531        12838       182.86
  103022.591     0.995313        12849       213.33
  103809.023     0.996094        12858       256.00
  104267.775     0.996484        12864       284.44
  104529.919     0.996875        12868       320.00
  104988.671     0.997266        12873       365.71
  105709.567     0.997656        12878       426.67
  106168.319     0.998047        12883       512.00
  106364.927     0.998242        12886       568.89
  106561.535     0.998437        12888       640.00
  106823.679     0.998633        12891       731.43
  106954.751     0.998828        12893       853.33
  107085.823     0.999023        12896      1024.00
  107151.359     0.999121        12897      1137.78
  107216.895     0.999219        12898      1280.00
  107282.431     0.999316        12901      1462.86
  107282.431     0.999414        12901      1706.67
  107413.503     0.999512        12905      2048.00
  107413.503     0.999561        12905      2275.56
  107413.503     0.999609        12905      2560.00
  107413.503     0.999658        12905      2925.71
  107413.503     0.999707        12905      3413.33
  107413.503     0.999756        12905      4096.00
  107479.039     0.999780        12906      4551.11
  107479.039     0.999805        12906      5120.00
  107479.039     0.999829        12906      5851.43
  107544.575     0.999854        12908      6826.67
  107544.575     1.000000        12908          inf
#[Mean    =    47295.348, StdDeviation   =    24551.608]
#[Max     =   107479.040, Total count    =        12908]
#[Buckets =           27, SubBuckets     =         2048]
----------------------------------------------------------
  13591 requests in 3.00m, 198.77MB read
Requests/sec:     75.50
Transfer/sec:      1.10MB
