Running 3m test @ http://10.108.73.23:9080/productpage
  4 threads and 10 connections
  Thread calibration: mean lat.: 630.878ms, rate sampling interval: 4513ms
  Thread calibration: mean lat.: 1546.154ms, rate sampling interval: 5070ms
  Thread calibration: mean lat.: 52.666ms, rate sampling interval: 193ms
  Thread calibration: mean lat.: 69.495ms, rate sampling interval: 227ms
  Thread Stats   Avg      Stdev     Max   +/- Stdev
    Latency     7.96s    14.09s   49.81s    82.25%
    Req/Sec    24.37      4.16    36.00     75.09%
  Latency Distribution (HdrHistogram - Recorded Latency)
 50.000%   73.54ms
 75.000%   10.95s 
 90.000%   34.18s 
 99.000%   47.94s 
 99.900%   49.64s 
 99.990%   49.77s 
 99.999%   49.84s 
100.000%   49.84s 

  Detailed Percentile spectrum:
       Value   Percentile   TotalCount 1/(1-Percentile)

       8.431     0.000000            1         1.00
      22.559     0.100000         1525         1.11
      44.031     0.200000         3050         1.25
      53.951     0.300000         4587         1.43
      57.855     0.400000         6103         1.67
      73.535     0.500000         7629         2.00
      80.895     0.550000         8388         2.22
      94.783     0.600000         9161         2.50
     103.551     0.650000         9913         2.86
    3360.767     0.700000        10675         3.33
   10952.703     0.750000        11440         4.00
   14688.255     0.775000        11818         4.44
   18694.143     0.800000        12200         5.00
   22331.391     0.825000        12582         5.71
   26296.319     0.850000        12962         6.67
   30015.487     0.875000        13344         8.00
   32063.487     0.887500        13536         8.89
   34209.791     0.900000        13730        10.00
   36077.567     0.912500        13917        11.43
   37912.575     0.925000        14107        13.33
   39911.423     0.937500        14296        16.00
   40959.999     0.943750        14393        17.78
   41811.967     0.950000        14487        20.00
   42893.311     0.956250        14583        22.86
   43843.583     0.962500        14680        26.67
   44728.319     0.968750        14777        32.00
   45252.607     0.971875        14821        35.56
   45776.895     0.975000        14869        40.00
   46268.415     0.978125        14920        45.71
   46661.631     0.981250        14970        53.33
   47087.615     0.984375        15014        64.00
   47316.991     0.985938        15037        71.11
   47513.599     0.987500        15059        80.00
   47841.279     0.989062        15086        91.43
   48005.119     0.990625        15108       106.67
   48267.263     0.992188        15130       128.00
   48431.103     0.992969        15142       142.22
   48562.175     0.993750        15155       160.00
   48660.479     0.994531        15166       182.86
   48758.783     0.995313        15178       213.33
   48922.623     0.996094        15191       256.00
   48988.159     0.996484        15196       284.44
   49086.463     0.996875        15202       320.00
   49250.303     0.997266        15208       365.71
   49446.911     0.997656        15215       426.67
   49479.679     0.998047        15221       512.00
   49512.447     0.998242        15224       568.89
   49545.215     0.998437        15227       640.00
   49577.983     0.998633        15230       731.43
   49610.751     0.998828        15232       853.33
   49643.519     0.999023        15236      1024.00
   49643.519     0.999121        15236      1137.78
   49676.287     0.999219        15241      1280.00
   49676.287     0.999316        15241      1462.86
   49676.287     0.999414        15241      1706.67
   49709.055     0.999512        15243      2048.00
   49709.055     0.999561        15243      2275.56
   49741.823     0.999609        15246      2560.00
   49741.823     0.999658        15246      2925.71
   49741.823     0.999707        15246      3413.33
   49741.823     0.999756        15246      4096.00
   49741.823     0.999780        15246      4551.11
   49774.591     0.999805        15247      5120.00
   49774.591     0.999829        15247      5851.43
   49774.591     0.999854        15247      6826.67
   49840.127     0.999878        15249      8192.00
   49840.127     1.000000        15249          inf
#[Mean    =     7956.521, StdDeviation   =    14094.881]
#[Max     =    49807.360, Total count    =        15249]
#[Buckets =           27, SubBuckets     =         2048]
----------------------------------------------------------
  16145 requests in 3.00m, 236.12MB read
Requests/sec:     89.68
Transfer/sec:      1.31MB
