Running 3m test @ http://10.105.92.109:11003/d?value=1
  4 threads and 10 connections
  Thread calibration: mean lat.: 9.158ms, rate sampling interval: 40ms
  Thread calibration: mean lat.: 8.650ms, rate sampling interval: 35ms
  Thread calibration: mean lat.: 8.425ms, rate sampling interval: 38ms
  Thread calibration: mean lat.: 17.352ms, rate sampling interval: 66ms
  Thread Stats   Avg      Stdev     Max   +/- Stdev
    Latency    11.36ms    8.31ms  38.98ms   83.31%
    Req/Sec    12.54     19.68    58.00     85.39%
  Latency Distribution (HdrHistogram - Recorded Latency)
 50.000%    5.63ms
 75.000%   18.06ms
 90.000%   20.91ms
 99.000%   34.94ms
 99.900%   37.31ms
 99.990%   38.91ms
 99.999%   39.01ms
100.000%   39.01ms

  Detailed Percentile spectrum:
       Value   Percentile   TotalCount 1/(1-Percentile)

       2.627     0.000000            1         1.00
       3.801     0.100000          850         1.11
       4.227     0.200000         1703         1.25
       4.543     0.300000         2549         1.43
       4.907     0.400000         3408         1.67
       5.627     0.500000         4251         2.00
      11.943     0.550000         4675         2.22
      14.415     0.600000         5099         2.50
      16.271     0.650000         5523         2.86
      17.311     0.700000         5958         3.33
      18.063     0.750000         6375         4.00
      18.591     0.775000         6590         4.44
      19.055     0.800000         6804         5.00
      19.439     0.825000         7017         5.71
      19.839     0.850000         7224         6.67
      20.287     0.875000         7439         8.00
      20.543     0.887500         7541         8.89
      20.911     0.900000         7649        10.00
      21.279     0.912500         7755        11.43
      21.647     0.925000         7859        13.33
      22.239     0.937500         7965        16.00
      22.671     0.943750         8019        17.78
      23.391     0.950000         8072        20.00
      28.831     0.956250         8125        22.86
      32.415     0.962500         8178        26.67
      33.247     0.968750         8234        32.00
      33.439     0.971875         8262        35.56
      33.663     0.975000         8284        40.00
      33.887     0.978125         8313        45.71
      34.271     0.981250         8340        53.33
      34.527     0.984375         8364        64.00
      34.687     0.985938         8379        71.11
      34.783     0.987500         8394        80.00
      34.879     0.989062         8405        91.43
      34.975     0.990625         8417       106.67
      35.167     0.992188         8431       128.00
      35.231     0.992969         8437       142.22
      35.359     0.993750         8445       160.00
      35.391     0.994531         8450       182.86
      35.615     0.995313         8458       213.33
      35.743     0.996094         8466       256.00
      35.775     0.996484         8468       284.44
      35.839     0.996875         8470       320.00
      35.967     0.997266         8473       365.71
      36.063     0.997656         8477       426.67
      36.191     0.998047         8480       512.00
      36.287     0.998242         8482       568.89
      36.479     0.998437         8483       640.00
      36.767     0.998633         8485       731.43
      37.279     0.998828         8487       853.33
      37.311     0.999023         8488      1024.00
      37.343     0.999121         8489      1137.78
      38.175     0.999219         8491      1280.00
      38.175     0.999316         8491      1462.86
      38.207     0.999414         8492      1706.67
      38.207     0.999512         8492      2048.00
      38.655     0.999561         8493      2275.56
      38.655     0.999609         8493      2560.00
      38.751     0.999658         8494      2925.71
      38.751     0.999707         8494      3413.33
      38.751     0.999756         8494      4096.00
      38.911     0.999780         8495      4551.11
      38.911     0.999805         8495      5120.00
      38.911     0.999829         8495      5851.43
      38.911     0.999854         8495      6826.67
      38.911     0.999878         8495      8192.00
      39.007     0.999890         8496      9102.22
      39.007     1.000000         8496          inf
#[Mean    =       11.358, StdDeviation   =        8.309]
#[Max     =       38.976, Total count    =         8496]
#[Buckets =           27, SubBuckets     =         2048]
----------------------------------------------------------
  9004 requests in 3.00m, 2.12MB read
Requests/sec:     50.02
Transfer/sec:     12.09KB
