Running 3m test @ http://10.105.92.109:11003/d?value=1
  4 threads and 10 connections
  Thread calibration: mean lat.: 8.992ms, rate sampling interval: 29ms
  Thread calibration: mean lat.: 9.893ms, rate sampling interval: 37ms
  Thread calibration: mean lat.: 8.799ms, rate sampling interval: 35ms
  Thread calibration: mean lat.: 9.845ms, rate sampling interval: 37ms
  Thread Stats   Avg      Stdev     Max   +/- Stdev
    Latency     9.66ms    6.06ms  33.92ms   67.54%
    Req/Sec    37.71     21.42    71.00     74.64%
  Latency Distribution (HdrHistogram - Recorded Latency)
 50.000%    5.57ms
 75.000%   15.66ms
 90.000%   17.97ms
 99.000%   21.97ms
 99.900%   25.15ms
 99.990%   28.83ms
 99.999%   33.95ms
100.000%   33.95ms

  Detailed Percentile spectrum:
       Value   Percentile   TotalCount 1/(1-Percentile)

       2.299     0.000000            1         1.00
       3.707     0.100000         2559         1.11
       4.119     0.200000         5107         1.25
       4.503     0.300000         7678         1.43
       4.915     0.400000        10215         1.67
       5.575     0.500000        12752         2.00
       8.783     0.550000        14024         2.22
      12.487     0.600000        15303         2.50
      13.647     0.650000        16579         2.86
      14.631     0.700000        17851         3.33
      15.663     0.750000        19127         4.00
      16.151     0.775000        19760         4.44
      16.527     0.800000        20419         5.00
      16.863     0.825000        21047         5.71
      17.183     0.850000        21683         6.67
      17.535     0.875000        22318         8.00
      17.743     0.887500        22644         8.89
      17.967     0.900000        22948        10.00
      18.271     0.912500        23277        11.43
      18.607     0.925000        23584        13.33
      18.959     0.937500        23907        16.00
      19.135     0.943750        24064        17.78
      19.327     0.950000        24230        20.00
      19.535     0.956250        24388        22.86
      19.791     0.962500        24549        26.67
      20.143     0.968750        24705        32.00
      20.351     0.971875        24784        35.56
      20.495     0.975000        24864        40.00
      20.687     0.978125        24943        45.71
      20.895     0.981250        25019        53.33
      21.167     0.984375        25098        64.00
      21.359     0.985938        25138        71.11
      21.631     0.987500        25181        80.00
      21.855     0.989062        25218        91.43
      22.079     0.990625        25258       106.67
      22.335     0.992188        25297       128.00
      22.559     0.992969        25318       142.22
      22.767     0.993750        25337       160.00
      23.023     0.994531        25357       182.86
      23.279     0.995313        25379       213.33
      23.455     0.996094        25397       256.00
      23.551     0.996484        25407       284.44
      23.631     0.996875        25417       320.00
      23.807     0.997266        25428       365.71
      23.951     0.997656        25437       426.67
      24.079     0.998047        25447       512.00
      24.207     0.998242        25453       568.89
      24.287     0.998437        25457       640.00
      24.447     0.998633        25462       731.43
      24.703     0.998828        25467       853.33
      25.167     0.999023        25472      1024.00
      25.263     0.999121        25474      1137.78
      25.455     0.999219        25477      1280.00
      25.711     0.999316        25479      1462.86
      26.015     0.999414        25483      1706.67
      26.111     0.999512        25484      2048.00
      26.559     0.999561        25485      2275.56
      27.119     0.999609        25487      2560.00
      27.135     0.999658        25488      2925.71
      27.295     0.999707        25489      3413.33
      27.775     0.999756        25490      4096.00
      28.255     0.999780        25491      4551.11
      28.303     0.999805        25492      5120.00
      28.303     0.999829        25492      5851.43
      28.831     0.999854        25493      6826.67
      28.831     0.999878        25493      8192.00
      29.263     0.999890        25494      9102.22
      29.263     0.999902        25494     10240.00
      29.263     0.999915        25494     11702.86
      30.895     0.999927        25495     13653.33
      30.895     0.999939        25495     16384.00
      30.895     0.999945        25495     18204.44
      30.895     0.999951        25495     20480.00
      30.895     0.999957        25495     23405.71
      33.951     0.999963        25496     27306.67
      33.951     1.000000        25496          inf
#[Mean    =        9.659, StdDeviation   =        6.063]
#[Max     =       33.920, Total count    =        25496]
#[Buckets =           27, SubBuckets     =         2048]
----------------------------------------------------------
  27004 requests in 3.00m, 6.37MB read
Requests/sec:    150.01
Transfer/sec:     36.25KB
