Running 3m test @ http://10.105.92.109:11003/d?value=1
  4 threads and 10 connections
  Thread calibration: mean lat.: 4.490ms, rate sampling interval: 10ms
  Thread calibration: mean lat.: 10.039ms, rate sampling interval: 36ms
  Thread calibration: mean lat.: 9.954ms, rate sampling interval: 37ms
  Thread calibration: mean lat.: 12.497ms, rate sampling interval: 30ms
  Thread Stats   Avg      Stdev     Max   +/- Stdev
    Latency     9.43ms    5.52ms  25.15ms   68.02%
    Req/Sec    25.78     47.91   222.00     90.60%
  Latency Distribution (HdrHistogram - Recorded Latency)
 50.000%    5.86ms
 75.000%   14.38ms
 90.000%   16.96ms
 99.000%   20.98ms
 99.900%   23.10ms
 99.990%   23.92ms
 99.999%   25.17ms
100.000%   25.17ms

  Detailed Percentile spectrum:
       Value   Percentile   TotalCount 1/(1-Percentile)

       2.497     0.000000            2         1.00
       3.877     0.100000         1704         1.11
       4.267     0.200000         3414         1.25
       4.579     0.300000         5099         1.43
       4.951     0.400000         6799         1.67
       5.859     0.500000         8500         2.00
      11.239     0.550000         9350         2.22
      12.191     0.600000        10198         2.50
      13.031     0.650000        11054         2.86
      13.679     0.700000        11901         3.33
      14.375     0.750000        12752         4.00
      14.783     0.775000        13179         4.44
      15.135     0.800000        13600         5.00
      15.495     0.825000        14027         5.71
      15.911     0.850000        14449         6.67
      16.431     0.875000        14888         8.00
      16.671     0.887500        15087         8.89
      16.959     0.900000        15303        10.00
      17.247     0.912500        15509        11.43
      17.599     0.925000        15729        13.33
      17.999     0.937500        15936        16.00
      18.239     0.943750        16041        17.78
      18.495     0.950000        16147        20.00
      18.751     0.956250        16260        22.86
      19.039     0.962500        16361        26.67
      19.391     0.968750        16468        32.00
      19.583     0.971875        16520        35.56
      19.775     0.975000        16577        40.00
      19.951     0.978125        16627        45.71
      20.191     0.981250        16678        53.33
      20.431     0.984375        16731        64.00
      20.623     0.985938        16760        71.11
      20.703     0.987500        16784        80.00
      20.895     0.989062        16813        91.43
      21.087     0.990625        16838       106.67
      21.327     0.992188        16864       128.00
      21.423     0.992969        16878       142.22
      21.535     0.993750        16892       160.00
      21.695     0.994531        16904       182.86
      21.855     0.995313        16919       213.33
      21.999     0.996094        16930       256.00
      22.127     0.996484        16938       284.44
      22.223     0.996875        16943       320.00
      22.367     0.997266        16950       365.71
      22.495     0.997656        16957       426.67
      22.687     0.998047        16963       512.00
      22.799     0.998242        16967       568.89
      22.879     0.998437        16970       640.00
      22.943     0.998633        16974       731.43
      23.055     0.998828        16977       853.33
      23.135     0.999023        16981      1024.00
      23.151     0.999121        16982      1137.78
      23.167     0.999219        16983      1280.00
      23.327     0.999316        16986      1462.86
      23.343     0.999414        16988      1706.67
      23.343     0.999512        16988      2048.00
      23.359     0.999561        16989      2275.56
      23.391     0.999609        16990      2560.00
      23.423     0.999658        16991      2925.71
      23.439     0.999707        16992      3413.33
      23.439     0.999756        16992      4096.00
      23.759     0.999780        16993      4551.11
      23.759     0.999805        16993      5120.00
      23.919     0.999829        16994      5851.43
      23.919     0.999854        16994      6826.67
      23.919     0.999878        16994      8192.00
      24.559     0.999890        16995      9102.22
      24.559     0.999902        16995     10240.00
      24.559     0.999915        16995     11702.86
      24.559     0.999927        16995     13653.33
      24.559     0.999939        16995     16384.00
      25.167     0.999945        16996     18204.44
      25.167     1.000000        16996          inf
#[Mean    =        9.431, StdDeviation   =        5.518]
#[Max     =       25.152, Total count    =        16996]
#[Buckets =           27, SubBuckets     =         2048]
----------------------------------------------------------
  18004 requests in 3.00m, 4.25MB read
Requests/sec:    100.02
Transfer/sec:     24.16KB
