Running 3m test @ http://10.105.92.109:11003/d?value=1
  4 threads and 10 connections
  Thread calibration: mean lat.: 5.286ms, rate sampling interval: 14ms
  Thread calibration: mean lat.: 9.833ms, rate sampling interval: 28ms
  Thread calibration: mean lat.: 4.604ms, rate sampling interval: 10ms
  Thread calibration: mean lat.: 5.691ms, rate sampling interval: 18ms
  Thread Stats   Avg      Stdev     Max   +/- Stdev
    Latency     6.73ms    3.41ms  40.54ms   82.70%
    Req/Sec    51.80     60.70   222.00     86.20%
  Latency Distribution (HdrHistogram - Recorded Latency)
 50.000%    5.28ms
 75.000%    7.94ms
 90.000%   12.30ms
 99.000%   17.01ms
 99.900%   25.85ms
 99.990%   35.71ms
 99.999%   40.58ms
100.000%   40.58ms

  Detailed Percentile spectrum:
       Value   Percentile   TotalCount 1/(1-Percentile)

       2.589     0.000000            1         1.00
       3.979     0.100000         3411         1.11
       4.319     0.200000         6805         1.25
       4.607     0.300000        10235         1.43
       4.911     0.400000        13618         1.67
       5.283     0.500000        16999         2.00
       5.547     0.550000        18718         2.22
       5.927     0.600000        20399         2.50
       6.475     0.650000        22097         2.86
       7.119     0.700000        23803         3.33
       7.943     0.750000        25496         4.00
       8.431     0.775000        26349         4.44
       8.975     0.800000        27196         5.00
       9.647     0.825000        28050         5.71
      10.591     0.850000        28895         6.67
      11.623     0.875000        29745         8.00
      11.991     0.887500        30170         8.89
      12.303     0.900000        30595        10.00
      12.735     0.912500        31022        11.43
      13.135     0.925000        31451        13.33
      13.407     0.937500        31876        16.00
      13.559     0.943750        32087        17.78
      13.735     0.950000        32297        20.00
      13.951     0.956250        32507        22.86
      14.247     0.962500        32722        26.67
      14.575     0.968750        32936        32.00
      14.743     0.971875        33043        35.56
      14.919     0.975000        33146        40.00
      15.079     0.978125        33255        45.71
      15.343     0.981250        33358        53.33
      15.751     0.984375        33464        64.00
      16.055     0.985938        33517        71.11
      16.415     0.987500        33574        80.00
      16.687     0.989062        33624        91.43
      17.199     0.990625        33676       106.67
      17.999     0.992188        33730       128.00
      18.415     0.992969        33756       142.22
      18.879     0.993750        33782       160.00
      19.647     0.994531        33809       182.86
      20.319     0.995313        33836       213.33
      20.815     0.996094        33862       256.00
      21.151     0.996484        33875       284.44
      21.375     0.996875        33888       320.00
      21.807     0.997266        33902       365.71
      22.415     0.997656        33915       426.67
      23.007     0.998047        33928       512.00
      24.079     0.998242        33935       568.89
      24.847     0.998437        33941       640.00
      25.151     0.998633        33948       731.43
      25.583     0.998828        33955       853.33
      26.351     0.999023        33961      1024.00
      26.975     0.999121        33965      1137.78
      27.567     0.999219        33968      1280.00
      28.063     0.999316        33971      1462.86
      29.375     0.999414        33975      1706.67
      29.599     0.999512        33978      2048.00
      30.063     0.999561        33980      2275.56
      30.767     0.999609        33981      2560.00
      31.791     0.999658        33983      2925.71
      32.687     0.999707        33985      3413.33
      32.927     0.999756        33986      4096.00
      33.023     0.999780        33987      4551.11
      33.535     0.999805        33988      5120.00
      33.695     0.999829        33989      5851.43
      34.847     0.999854        33990      6826.67
      34.847     0.999878        33990      8192.00
      35.711     0.999890        33991      9102.22
      35.711     0.999902        33991     10240.00
      35.903     0.999915        33992     11702.86
      35.903     0.999927        33992     13653.33
      35.903     0.999939        33992     16384.00
      38.111     0.999945        33993     18204.44
      38.111     0.999951        33993     20480.00
      38.111     0.999957        33993     23405.71
      38.111     0.999963        33993     27306.67
      38.111     0.999969        33993     32768.00
      40.575     0.999973        33994     36408.89
      40.575     1.000000        33994          inf
#[Mean    =        6.732, StdDeviation   =        3.406]
#[Max     =       40.544, Total count    =        33994]
#[Buckets =           27, SubBuckets     =         2048]
----------------------------------------------------------
  36004 requests in 3.00m, 8.48MB read
Requests/sec:    200.01
Transfer/sec:     48.26KB
