Running 2m test @ http://10.97.31.177:9080/productpage
  2 threads and 10 connections
  Thread calibration: mean lat.: 985.227ms, rate sampling interval: 3479ms
  Thread calibration: mean lat.: 923.335ms, rate sampling interval: 4139ms
  Thread Stats   Avg      Stdev     Max   +/- Stdev
    Latency    14.76s    16.02s    0.96m    83.73%
    Req/Sec    49.93      4.11    59.00     85.96%
  Latency Distribution (HdrHistogram - Recorded Latency)
 50.000%    9.85s 
 75.000%   23.41s 
 90.000%   41.65s 
 99.000%    0.94m 
 99.900%    0.96m 
 99.990%    0.96m 
 99.999%    0.96m 
100.000%    0.96m 

  Detailed Percentile spectrum:
       Value   Percentile   TotalCount 1/(1-Percentile)

       8.575     0.000000            1         1.00
      24.911     0.100000         1122         1.11
      53.759     0.200000         2244         1.25
     599.039     0.300000         3365         1.43
    5107.711     0.400000         4487         1.67
    9846.783     0.500000         5608         2.00
   12853.247     0.550000         6170         2.22
   14917.631     0.600000         6732         2.50
   18071.551     0.650000         7294         2.86
   20594.687     0.700000         7853         3.33
   23412.735     0.750000         8419         4.00
   24887.295     0.775000         8694         4.44
   26443.775     0.800000         8980         5.00
   29540.351     0.825000         9254         5.71
   32735.231     0.850000         9539         6.67
   37453.823     0.875000         9815         8.00
   39944.191     0.887500         9955         8.89
   41648.127     0.900000        10096        10.00
   43712.511     0.912500        10237        11.43
   45645.823     0.925000        10375        13.33
   47841.279     0.937500        10518        16.00
   48857.087     0.943750        10588        17.78
   49676.287     0.950000        10656        20.00
   50659.327     0.956250        10726        22.86
   51904.511     0.962500        10796        26.67
   53215.231     0.968750        10866        32.00
   53805.055     0.971875        10904        35.56
   54362.111     0.975000        10937        40.00
   54853.631     0.978125        10973        45.71
   55083.007     0.981250        11007        53.33
   55869.439     0.984375        11044        64.00
   56000.511     0.985938        11061        71.11
   56098.815     0.987500        11079        80.00
   56229.887     0.989062        11098        91.43
   56295.423     0.990625        11112       106.67
   56393.727     0.992188        11129       128.00
   56524.799     0.992969        11139       142.22
   56819.711     0.993750        11146       160.00
   57081.855     0.994531        11157       182.86
   57114.623     0.995313        11164       213.33
   57147.391     0.996094        11175       256.00
   57180.159     0.996484        11182       284.44
   57180.159     0.996875        11182       320.00
   57212.927     0.997266        11186       365.71
   57278.463     0.997656        11190       426.67
   57475.071     0.998047        11195       512.00
   57507.839     0.998242        11204       568.89
   57507.839     0.998437        11204       640.00
   57507.839     0.998633        11204       731.43
   57507.839     0.998828        11204       853.33
   57540.607     0.999023        11213      1024.00
   57540.607     0.999121        11213      1137.78
   57540.607     0.999219        11213      1280.00
   57540.607     0.999316        11213      1462.86
   57540.607     0.999414        11213      1706.67
   57540.607     0.999512        11213      2048.00
   57540.607     0.999561        11213      2275.56
   57540.607     0.999609        11213      2560.00
   57540.607     0.999658        11213      2925.71
   57540.607     0.999707        11213      3413.33
   57573.375     0.999756        11216      4096.00
   57573.375     1.000000        11216          inf
#[Mean    =    14760.235, StdDeviation   =    16022.144]
#[Max     =    57540.608, Total count    =        11216]
#[Buckets =           27, SubBuckets     =         2048]
----------------------------------------------------------
  12599 requests in 2.00m, 184.26MB read
Requests/sec:    104.99
Transfer/sec:      1.54MB
