Running 2m test @ http://10.97.31.177:9080/productpage
  2 threads and 10 connections
  Thread calibration: mean lat.: 281.813ms, rate sampling interval: 2140ms
  Thread calibration: mean lat.: 653.905ms, rate sampling interval: 3786ms
  Thread Stats   Avg      Stdev     Max   +/- Stdev
    Latency     4.16s     5.88s   20.02s    79.62%
    Req/Sec    48.98      6.96    80.00     85.00%
  Latency Distribution (HdrHistogram - Recorded Latency)
 50.000%   96.51ms
 75.000%    8.20s 
 90.000%   14.34s 
 99.000%   18.92s 
 99.900%   19.89s 
 99.990%   20.02s 
 99.999%   20.04s 
100.000%   20.04s 

  Detailed Percentile spectrum:
       Value   Percentile   TotalCount 1/(1-Percentile)

      11.415     0.000000            1         1.00
      31.951     0.100000         1088         1.11
      55.263     0.200000         2174         1.25
      69.311     0.300000         3260         1.43
      80.127     0.400000         4348         1.67
      96.511     0.500000         5430         2.00
     121.663     0.550000         5974         2.22
     197.247     0.600000         6516         2.50
    4390.911     0.650000         7059         2.86
    6311.935     0.700000         7602         3.33
    8200.191     0.750000         8145         4.00
    9273.343     0.775000         8418         4.44
   10149.887     0.800000         8688         5.00
   11059.199     0.825000         8959         5.71
   12025.855     0.850000         9232         6.67
   13189.119     0.875000         9503         8.00
   13737.983     0.887500         9638         8.89
   14335.999     0.900000         9774        10.00
   14811.135     0.912500         9910        11.43
   15491.071     0.925000        10045        13.33
   16015.359     0.937500        10181        16.00
   16318.463     0.943750        10249        17.78
   16572.415     0.950000        10317        20.00
   16908.287     0.956250        10385        22.86
   17219.583     0.962500        10452        26.67
   17612.799     0.968750        10522        32.00
   17776.639     0.971875        10556        35.56
   17907.711     0.975000        10588        40.00
   18137.087     0.978125        10623        45.71
   18333.695     0.981250        10657        53.33
   18595.839     0.984375        10696        64.00
   18628.607     0.985938        10707        71.11
   18726.911     0.987500        10724        80.00
   18857.983     0.989062        10741        91.43
   19005.439     0.990625        10760       106.67
   19120.127     0.992188        10776       128.00
   19218.431     0.992969        10789       142.22
   19267.583     0.993750        10792       160.00
   19333.119     0.994531        10802       182.86
   19398.655     0.995313        10809       213.33
   19480.575     0.996094        10817       256.00
   19513.343     0.996484        10823       284.44
   19562.495     0.996875        10826       320.00
   19595.263     0.997266        10832       365.71
   19611.647     0.997656        10834       426.67
   19709.951     0.998047        10840       512.00
   19709.951     0.998242        10840       568.89
   19791.871     0.998437        10843       640.00
   19824.639     0.998633        10845       731.43
   19890.175     0.998828        10848       853.33
   19906.559     0.999023        10849      1024.00
   19955.711     0.999121        10850      1137.78
   19972.095     0.999219        10851      1280.00
   19988.479     0.999316        10854      1462.86
   19988.479     0.999414        10854      1706.67
   19988.479     0.999512        10854      2048.00
   20004.863     0.999561        10856      2275.56
   20004.863     0.999609        10856      2560.00
   20004.863     0.999658        10856      2925.71
   20004.863     0.999707        10856      3413.33
   20021.247     0.999756        10858      4096.00
   20021.247     0.999780        10858      4551.11
   20021.247     0.999805        10858      5120.00
   20021.247     0.999829        10858      5851.43
   20021.247     0.999854        10858      6826.67
   20021.247     0.999878        10858      8192.00
   20021.247     0.999890        10858      9102.22
   20021.247     0.999902        10858     10240.00
   20037.631     0.999915        10859     11702.86
   20037.631     1.000000        10859          inf
#[Mean    =     4164.593, StdDeviation   =     5883.434]
#[Max     =    20021.248, Total count    =        10859]
#[Buckets =           27, SubBuckets     =         2048]
----------------------------------------------------------
  11770 requests in 2.00m, 172.12MB read
Requests/sec:     98.06
Transfer/sec:      1.43MB
