Running 2m test @ http://10.97.31.177:9080/productpage
  2 threads and 10 connections
  Thread calibration: mean lat.: 716.140ms, rate sampling interval: 3000ms
  Thread calibration: mean lat.: 592.283ms, rate sampling interval: 2592ms
  Thread Stats   Avg      Stdev     Max   +/- Stdev
    Latency     8.10s     7.29s   31.97s    61.61%
    Req/Sec    64.51      1.88    70.00     92.31%
  Latency Distribution (HdrHistogram - Recorded Latency)
 50.000%    6.91s 
 75.000%   12.17s 
 90.000%   19.10s 
 99.000%   28.85s 
 99.900%   31.70s 
 99.990%   31.97s 
 99.999%   31.98s 
100.000%   31.98s 

  Detailed Percentile spectrum:
       Value   Percentile   TotalCount 1/(1-Percentile)

       8.679     0.000000            1         1.00
     108.927     0.100000         1431         1.11
     270.335     0.200000         2859         1.25
    2828.287     0.300000         4287         1.43
    4775.935     0.400000         5720         1.67
    6905.855     0.500000         7145         2.00
    7991.295     0.550000         7858         2.22
    9150.463     0.600000         8573         2.50
   10076.159     0.650000         9292         2.86
   10805.247     0.700000        10001         3.33
   12173.311     0.750000        10719         4.00
   12763.135     0.775000        11073         4.44
   13369.343     0.800000        11430         5.00
   14229.503     0.825000        11787         5.71
   15671.295     0.850000        12145         6.67
   17317.887     0.875000        12504         8.00
   18137.087     0.887500        12683         8.89
   19103.743     0.900000        12863        10.00
   19906.559     0.912500        13037        11.43
   20791.295     0.925000        13217        13.33
   21544.959     0.937500        13396        16.00
   22020.095     0.943750        13484        17.78
   22527.999     0.950000        13578        20.00
   23101.439     0.956250        13663        22.86
   24117.247     0.962500        13752        26.67
   25329.663     0.968750        13841        32.00
   25706.495     0.971875        13889        35.56
   26214.399     0.975000        13930        40.00
   26607.615     0.978125        13977        45.71
   27099.135     0.981250        14022        53.33
   27770.879     0.984375        14064        64.00
   27918.335     0.985938        14087        71.11
   28114.943     0.987500        14111        80.00
   28573.695     0.989062        14131        91.43
   28983.295     0.990625        14154       106.67
   29622.271     0.992188        14176       128.00
   29949.951     0.992969        14188       142.22
   30031.871     0.993750        14200       160.00
   30097.407     0.994531        14211       182.86
   30326.783     0.995313        14222       213.33
   30670.847     0.996094        14232       256.00
   30736.383     0.996484        14237       284.44
   30851.071     0.996875        14243       320.00
   31014.911     0.997266        14248       365.71
   31227.903     0.997656        14254       426.67
   31440.895     0.998047        14260       512.00
   31490.047     0.998242        14263       568.89
   31506.431     0.998437        14265       640.00
   31604.735     0.998633        14268       731.43
   31653.887     0.998828        14271       853.33
   31752.191     0.999023        14275      1024.00
   31752.191     0.999121        14275      1137.78
   31817.727     0.999219        14277      1280.00
   31850.495     0.999316        14279      1462.86
   31850.495     0.999414        14279      1706.67
   31883.263     0.999512        14281      2048.00
   31883.263     0.999561        14281      2275.56
   31899.647     0.999609        14284      2560.00
   31899.647     0.999658        14284      2925.71
   31899.647     0.999707        14284      3413.33
   31899.647     0.999756        14284      4096.00
   31899.647     0.999780        14284      4551.11
   31916.031     0.999805        14285      5120.00
   31916.031     0.999829        14285      5851.43
   31916.031     0.999854        14285      6826.67
   31965.183     0.999878        14286      8192.00
   31965.183     0.999890        14286      9102.22
   31965.183     0.999902        14286     10240.00
   31965.183     0.999915        14286     11702.86
   31965.183     0.999927        14286     13653.33
   31981.567     0.999939        14287     16384.00
   31981.567     1.000000        14287          inf
#[Mean    =     8096.321, StdDeviation   =     7286.293]
#[Max     =    31965.184, Total count    =        14287]
#[Buckets =           27, SubBuckets     =         2048]
----------------------------------------------------------
  15615 requests in 2.00m, 228.37MB read
Requests/sec:    130.11
Transfer/sec:      1.90MB
