Running 2m test @ http://10.97.31.177:9080/productpage
  2 threads and 10 connections
  Thread calibration: mean lat.: 2796.132ms, rate sampling interval: 9396ms
  Thread calibration: mean lat.: 2738.365ms, rate sampling interval: 9412ms
  Thread Stats   Avg      Stdev     Max   +/- Stdev
    Latency    31.44s    14.59s    1.05m    58.79%
    Req/Sec    39.59      1.61    42.00    100.00%
  Latency Distribution (HdrHistogram - Recorded Latency)
 50.000%   31.83s 
 75.000%   43.88s 
 90.000%    0.85m 
 99.000%    0.97m 
 99.900%    1.04m 
 99.990%    1.05m 
 99.999%    1.05m 
100.000%    1.05m 

  Detailed Percentile spectrum:
       Value   Percentile   TotalCount 1/(1-Percentile)

    4730.879     0.000000            1         1.00
   10747.903     0.100000          887         1.11
   16482.303     0.200000         1773         1.25
   21839.871     0.300000         2655         1.43
   26853.375     0.400000         3540         1.67
   31834.111     0.500000         4425         2.00
   34177.023     0.550000         4871         2.22
   36601.855     0.600000         5311         2.50
   38993.919     0.650000         5754         2.86
   41320.447     0.700000         6197         3.33
   43876.351     0.750000         6641         4.00
   45154.303     0.775000         6862         4.44
   46333.951     0.800000         7083         5.00
   47480.831     0.825000         7307         5.71
   48594.943     0.850000         7526         6.67
   49840.127     0.875000         7745         8.00
   50462.719     0.887500         7855         8.89
   51085.311     0.900000         7965        10.00
   51707.903     0.912500         8076        11.43
   52264.959     0.925000         8189        13.33
   52887.551     0.937500         8298        16.00
   53182.463     0.943750         8352        17.78
   53444.607     0.950000         8411        20.00
   53706.751     0.956250         8468        22.86
   54034.431     0.962500         8521        26.67
   54558.719     0.968750         8574        32.00
   54788.095     0.971875         8603        35.56
   55115.775     0.975000         8630        40.00
   55541.759     0.978125         8660        45.71
   55967.743     0.981250         8686        53.33
   56328.191     0.984375         8712        64.00
   56688.639     0.985938         8725        71.11
   57212.927     0.987500         8740        80.00
   57638.911     0.989062         8753        91.43
   58195.967     0.990625         8767       106.67
   58621.951     0.992188         8780       128.00
   58949.631     0.992969         8788       142.22
   59375.615     0.993750         8794       160.00
   59965.439     0.994531         8802       182.86
   60325.887     0.995313         8809       213.33
   60948.479     0.996094         8815       256.00
   61014.015     0.996484         8819       284.44
   61210.623     0.996875         8822       320.00
   61308.927     0.997266         8825       365.71
   61669.375     0.997656         8829       426.67
   61800.447     0.998047         8832       512.00
   61964.287     0.998242         8834       568.89
   62095.359     0.998437         8836       640.00
   62160.895     0.998633         8837       731.43
   62357.503     0.998828         8839       853.33
   62586.879     0.999023         8841      1024.00
   62652.415     0.999121         8843      1137.78
   62652.415     0.999219         8843      1280.00
   62652.415     0.999316         8843      1462.86
   62783.487     0.999414         8844      1706.67
   62816.255     0.999512         8845      2048.00
   62849.023     0.999561         8846      2275.56
   62849.023     0.999609         8846      2560.00
   62849.023     0.999658         8846      2925.71
   62947.327     0.999707         8847      3413.33
   62947.327     0.999756         8847      4096.00
   63012.863     0.999780         8849      4551.11
   63012.863     1.000000         8849          inf
#[Mean    =    31438.401, StdDeviation   =    14585.573]
#[Max     =    62980.096, Total count    =         8849]
#[Buckets =           27, SubBuckets     =         2048]
----------------------------------------------------------
  9582 requests in 2.00m, 140.14MB read
Requests/sec:     79.83
Transfer/sec:      1.17MB
