Running 2m test @ http://10.97.31.177:9080/productpage
  2 threads and 10 connections
  Thread calibration: mean lat.: 1437.051ms, rate sampling interval: 5181ms
  Thread calibration: mean lat.: 1423.819ms, rate sampling interval: 4796ms
  Thread Stats   Avg      Stdev     Max   +/- Stdev
    Latency    14.04s     6.73s   30.05s    64.39%
    Req/Sec    39.51      2.11    45.00     86.05%
  Latency Distribution (HdrHistogram - Recorded Latency)
 50.000%   13.43s 
 75.000%   18.24s 
 90.000%   24.72s 
 99.000%   28.25s 
 99.900%   29.66s 
 99.990%   29.98s 
 99.999%   30.06s 
100.000%   30.06s 

  Detailed Percentile spectrum:
       Value   Percentile   TotalCount 1/(1-Percentile)

    2238.463     0.000000            1         1.00
    5300.223     0.100000          886         1.11
    7864.319     0.200000         1764         1.25
    9994.239     0.300000         2651         1.43
   11698.175     0.400000         3531         1.67
   13426.687     0.500000         4412         2.00
   14376.959     0.550000         4853         2.22
   15269.887     0.600000         5295         2.50
   16162.815     0.650000         5732         2.86
   17137.663     0.700000         6179         3.33
   18235.391     0.750000         6616         4.00
   19103.743     0.775000         6835         4.44
   19857.407     0.800000         7055         5.00
   20840.447     0.825000         7281         5.71
   22003.711     0.850000         7497         6.67
   23445.503     0.875000         7717         8.00
   24084.479     0.887500         7827         8.89
   24723.455     0.900000         7937        10.00
   25296.895     0.912500         8047        11.43
   25821.183     0.925000         8158        13.33
   26247.167     0.937500         8273        16.00
   26378.239     0.943750         8326        17.78
   26542.079     0.950000         8383        20.00
   26722.303     0.956250         8433        22.86
   27033.599     0.962500         8490        26.67
   27443.199     0.968750         8543        32.00
   27508.735     0.971875         8570        35.56
   27557.887     0.975000         8600        40.00
   27623.423     0.978125         8628        45.71
   27754.495     0.981250         8654        53.33
   27869.183     0.984375         8683        64.00
   27918.335     0.985938         8699        71.11
   27983.871     0.987500         8710        80.00
   28147.711     0.989062         8722        91.43
   28344.319     0.990625         8737       106.67
   28622.847     0.992188         8750       128.00
   28721.151     0.992969         8759       142.22
   28753.919     0.993750         8763       160.00
   28819.455     0.994531         8770       182.86
   28868.607     0.995313         8777       213.33
   29016.063     0.996094         8784       256.00
   29065.215     0.996484         8787       284.44
   29212.671     0.996875         8793       320.00
   29245.439     0.997266         8794       365.71
   29327.359     0.997656         8798       426.67
   29392.895     0.998047         8802       512.00
   29523.967     0.998242         8803       568.89
   29556.735     0.998437         8805       640.00
   29573.119     0.998633         8806       731.43
   29622.271     0.998828         8808       853.33
   29786.111     0.999023         8810      1024.00
   29802.495     0.999121         8811      1137.78
   29818.879     0.999219         8812      1280.00
   29818.879     0.999316         8812      1462.86
   29851.647     0.999414         8813      1706.67
   29868.031     0.999512         8814      2048.00
   29900.799     0.999561         8815      2275.56
   29900.799     0.999609         8815      2560.00
   29900.799     0.999658         8815      2925.71
   29933.567     0.999707         8816      3413.33
   29933.567     0.999756         8816      4096.00
   29982.719     0.999780         8817      4551.11
   29982.719     0.999805         8817      5120.00
   29982.719     0.999829         8817      5851.43
   29982.719     0.999854         8817      6826.67
   29982.719     0.999878         8817      8192.00
   30064.639     0.999890         8818      9102.22
   30064.639     1.000000         8818          inf
#[Mean    =    14040.833, StdDeviation   =     6732.201]
#[Max     =    30048.256, Total count    =         8818]
#[Buckets =           27, SubBuckets     =         2048]
----------------------------------------------------------
  9552 requests in 2.00m, 139.70MB read
Requests/sec:     79.59
Transfer/sec:      1.16MB
