Running 2m test @ http://10.102.123.170:11000/a?value=1
  2 threads and 10 connections
  Thread calibration: mean lat.: 39.924ms, rate sampling interval: 91ms
  Thread calibration: mean lat.: 38.651ms, rate sampling interval: 94ms
  Thread Stats   Avg      Stdev     Max   +/- Stdev
    Latency    57.01ms  146.86ms   2.14s    97.75%
    Req/Sec    49.69     17.47   274.00     88.13%
  Latency Distribution (HdrHistogram - Recorded Latency)
 50.000%   38.08ms
 75.000%   42.53ms
 90.000%   47.23ms
 99.000%  897.53ms
 99.900%    1.75s 
 99.990%    2.07s 
 99.999%    2.14s 
100.000%    2.14s 

  Detailed Percentile spectrum:
       Value   Percentile   TotalCount 1/(1-Percentile)

      15.311     0.000000            1         1.00
      28.079     0.100000         1104         1.11
      31.711     0.200000         2201         1.25
      34.207     0.300000         3323         1.43
      36.255     0.400000         4403         1.67
      38.079     0.500000         5510         2.00
      38.975     0.550000         6059         2.22
      39.807     0.600000         6606         2.50
      40.607     0.650000         7152         2.86
      41.567     0.700000         7704         3.33
      42.527     0.750000         8251         4.00
      43.103     0.775000         8542         4.44
      43.743     0.800000         8809         5.00
      44.415     0.825000         9077         5.71
      45.215     0.850000         9351         6.67
      46.079     0.875000         9625         8.00
      46.623     0.887500         9766         8.89
      47.231     0.900000         9905        10.00
      47.903     0.912500        10041        11.43
      49.023     0.925000        10175        13.33
      50.239     0.937500        10313        16.00
      51.231     0.943750        10384        17.78
      52.287     0.950000        10450        20.00
      53.663     0.956250        10519        22.86
      55.967     0.962500        10588        26.67
      59.391     0.968750        10657        32.00
      70.079     0.971875        10691        35.56
     124.351     0.975000        10725        40.00
     216.063     0.978125        10760        45.71
     339.199     0.981250        10794        53.33
     492.543     0.984375        10829        64.00
     579.583     0.985938        10846        71.11
     690.175     0.987500        10863        80.00
     819.199     0.989062        10880        91.43
     962.559     0.990625        10897       106.67
    1103.871     0.992188        10915       128.00
    1171.455     0.992969        10923       142.22
    1230.847     0.993750        10932       160.00
    1299.455     0.994531        10940       182.86
    1371.135     0.995313        10949       213.33
    1454.079     0.996094        10958       256.00
    1490.943     0.996484        10962       284.44
    1521.663     0.996875        10966       320.00
    1549.311     0.997266        10970       365.71
    1620.991     0.997656        10975       426.67
    1683.455     0.998047        10980       512.00
    1686.527     0.998242        10981       568.89
    1697.791     0.998437        10983       640.00
    1732.607     0.998633        10985       731.43
    1739.775     0.998828        10988       853.33
    1748.991     0.999023        10990      1024.00
    1765.375     0.999121        10991      1137.78
    1825.791     0.999219        10992      1280.00
    1851.391     0.999316        10993      1462.86
    1908.735     0.999414        10994      1706.67
    1929.215     0.999512        10995      2048.00
    1989.631     0.999561        10996      2275.56
    1989.631     0.999609        10996      2560.00
    2004.991     0.999658        10997      2925.71
    2004.991     0.999707        10997      3413.33
    2066.431     0.999756        10998      4096.00
    2066.431     0.999780        10998      4551.11
    2066.431     0.999805        10998      5120.00
    2070.527     0.999829        10999      5851.43
    2070.527     0.999854        10999      6826.67
    2070.527     0.999878        10999      8192.00
    2070.527     0.999890        10999      9102.22
    2070.527     0.999902        10999     10240.00
    2140.159     0.999915        11000     11702.86
    2140.159     1.000000        11000          inf
#[Mean    =       57.012, StdDeviation   =      146.857]
#[Max     =     2138.112, Total count    =        11000]
#[Buckets =           27, SubBuckets     =         2048]
----------------------------------------------------------
  12000 requests in 2.00m, 2.84MB read
Requests/sec:     99.97
Transfer/sec:     24.21KB
