Running 2m test @ http://10.102.123.170:11000/a?value=1
  2 threads and 10 connections
  Thread calibration: mean lat.: 51.483ms, rate sampling interval: 159ms
  Thread calibration: mean lat.: 47.287ms, rate sampling interval: 147ms
  Thread Stats   Avg      Stdev     Max   +/- Stdev
    Latency    37.02ms    8.20ms  81.92ms   73.09%
    Req/Sec     4.96     11.31    34.00     84.69%
  Latency Distribution (HdrHistogram - Recorded Latency)
 50.000%   37.66ms
 75.000%   42.21ms
 90.000%   46.01ms
 99.000%   55.49ms
 99.900%   78.78ms
 99.990%   81.98ms
 99.999%   81.98ms
100.000%   81.98ms

  Detailed Percentile spectrum:
       Value   Percentile   TotalCount 1/(1-Percentile)

      10.935     0.000000            1         1.00
      26.671     0.100000          110         1.11
      30.767     0.200000          221         1.25
      33.375     0.300000          332         1.43
      35.775     0.400000          442         1.67
      37.663     0.500000          550         2.00
      38.527     0.550000          605         2.22
      39.487     0.600000          660         2.50
      40.255     0.650000          716         2.86
      41.247     0.700000          772         3.33
      42.207     0.750000          825         4.00
      42.879     0.775000          853         4.44
      43.455     0.800000          883         5.00
      43.967     0.825000          909         5.71
      44.447     0.850000          936         6.67
      45.215     0.875000          965         8.00
      45.535     0.887500          977         8.89
      46.015     0.900000          990        10.00
      46.591     0.912500         1004        11.43
      46.815     0.925000         1019        13.33
      47.711     0.937500         1032        16.00
      48.255     0.943750         1039        17.78
      48.831     0.950000         1045        20.00
      49.375     0.956250         1052        22.86
      50.015     0.962500         1059        26.67
      51.103     0.968750         1068        32.00
      51.231     0.971875         1070        35.56
      51.583     0.975000         1073        40.00
      51.967     0.978125         1076        45.71
      52.511     0.981250         1080        53.33
      52.703     0.984375         1083        64.00
      53.791     0.985938         1085        71.11
      54.111     0.987500         1087        80.00
      54.335     0.989062         1088        91.43
      55.807     0.990625         1090       106.67
      57.375     0.992188         1092       128.00
      57.535     0.992969         1093       142.22
      58.015     0.993750         1094       160.00
      58.015     0.994531         1094       182.86
      58.335     0.995313         1095       213.33
      58.559     0.996094         1096       256.00
      65.247     0.996484         1097       284.44
      65.247     0.996875         1097       320.00
      65.247     0.997266         1097       365.71
      77.439     0.997656         1098       426.67
      77.439     0.998047         1098       512.00
      78.783     0.998242         1099       568.89
      78.783     0.998437         1099       640.00
      78.783     0.998633         1099       731.43
      78.783     0.998828         1099       853.33
      78.783     0.999023         1099      1024.00
      81.983     0.999121         1100      1137.78
      81.983     1.000000         1100          inf
#[Mean    =       37.015, StdDeviation   =        8.204]
#[Max     =       81.920, Total count    =         1100]
#[Buckets =           27, SubBuckets     =         2048]
----------------------------------------------------------
  1200 requests in 2.00m, 290.63KB read
Requests/sec:     10.00
Transfer/sec:      2.42KB
