Running 2m test @ http://10.102.123.170:11000/a?value=1
  2 threads and 10 connections
  Thread calibration: mean lat.: 37.792ms, rate sampling interval: 93ms
  Thread calibration: mean lat.: 39.757ms, rate sampling interval: 96ms
  Thread Stats   Avg      Stdev     Max   +/- Stdev
    Latency    36.67ms    8.15ms  59.42ms   73.65%
    Req/Sec    24.86     23.64    54.00     23.91%
  Latency Distribution (HdrHistogram - Recorded Latency)
 50.000%   37.57ms
 75.000%   42.08ms
 90.000%   45.92ms
 99.000%   51.62ms
 99.900%   57.92ms
 99.990%   59.23ms
 99.999%   59.46ms
100.000%   59.46ms

  Detailed Percentile spectrum:
       Value   Percentile   TotalCount 1/(1-Percentile)

       9.399     0.000000            1         1.00
      26.079     0.100000          550         1.11
      31.727     0.200000         1100         1.25
      33.855     0.300000         1651         1.43
      35.775     0.400000         2205         1.67
      37.567     0.500000         2757         2.00
      38.495     0.550000         3029         2.22
      39.391     0.600000         3303         2.50
      40.255     0.650000         3578         2.86
      41.055     0.700000         3853         3.33
      42.079     0.750000         4130         4.00
      42.687     0.775000         4263         4.44
      43.263     0.800000         4406         5.00
      43.807     0.825000         4540         5.71
      44.415     0.850000         4681         6.67
      45.151     0.875000         4815         8.00
      45.535     0.887500         4885         8.89
      45.919     0.900000         4952        10.00
      46.271     0.912500         5020        11.43
      46.751     0.925000         5088        13.33
      47.263     0.937500         5157        16.00
      47.519     0.943750         5191        17.78
      47.775     0.950000         5225        20.00
      48.159     0.956250         5260        22.86
      48.575     0.962500         5294        26.67
      49.087     0.968750         5329        32.00
      49.343     0.971875         5347        35.56
      49.567     0.975000         5364        40.00
      49.791     0.978125         5380        45.71
      50.143     0.981250         5397        53.33
      50.623     0.984375         5415        64.00
      50.783     0.985938         5423        71.11
      51.103     0.987500         5432        80.00
      51.455     0.989062         5440        91.43
      51.743     0.990625         5450       106.67
      52.031     0.992188         5459       128.00
      52.319     0.992969         5462       142.22
      52.799     0.993750         5466       160.00
      53.471     0.994531         5470       182.86
      53.727     0.995313         5476       213.33
      54.175     0.996094         5479       256.00
      54.431     0.996484         5482       284.44
      54.463     0.996875         5483       320.00
      55.423     0.997266         5485       365.71
      56.063     0.997656         5488       426.67
      56.543     0.998047         5490       512.00
      56.959     0.998242         5491       568.89
      57.055     0.998437         5492       640.00
      57.407     0.998633         5493       731.43
      57.471     0.998828         5494       853.33
      57.919     0.999023         5495      1024.00
      58.175     0.999121         5496      1137.78
      58.175     0.999219         5496      1280.00
      58.463     0.999316         5497      1462.86
      58.463     0.999414         5497      1706.67
      58.815     0.999512         5498      2048.00
      58.815     0.999561         5498      2275.56
      58.815     0.999609         5498      2560.00
      59.231     0.999658         5499      2925.71
      59.231     0.999707         5499      3413.33
      59.231     0.999756         5499      4096.00
      59.231     0.999780         5499      4551.11
      59.231     0.999805         5499      5120.00
      59.455     0.999829         5500      5851.43
      59.455     1.000000         5500          inf
#[Mean    =       36.666, StdDeviation   =        8.145]
#[Max     =       59.424, Total count    =         5500]
#[Buckets =           27, SubBuckets     =         2048]
----------------------------------------------------------
  6000 requests in 2.00m, 1.42MB read
Requests/sec:     49.99
Transfer/sec:     12.11KB
