Running 2m test @ http://10.102.123.170:11000/a?value=1
  2 threads and 10 connections
  Thread calibration: mean lat.: 35.844ms, rate sampling interval: 93ms
  Thread calibration: mean lat.: 34.635ms, rate sampling interval: 94ms
  Thread Stats   Avg      Stdev     Max   +/- Stdev
    Latency    36.20ms    7.64ms  85.18ms   69.73%
    Req/Sec    39.73     18.43    54.00     82.81%
  Latency Distribution (HdrHistogram - Recorded Latency)
 50.000%   36.67ms
 75.000%   41.38ms
 90.000%   45.28ms
 99.000%   52.74ms
 99.900%   61.73ms
 99.990%   77.06ms
 99.999%   85.25ms
100.000%   85.25ms

  Detailed Percentile spectrum:
       Value   Percentile   TotalCount 1/(1-Percentile)

      10.519     0.000000            1         1.00
      26.255     0.100000          881         1.11
      29.983     0.200000         1768         1.25
      32.607     0.300000         2645         1.43
      34.783     0.400000         3525         1.67
      36.671     0.500000         4410         2.00
      37.599     0.550000         4853         2.22
      38.527     0.600000         5290         2.50
      39.423     0.650000         5721         2.86
      40.383     0.700000         6164         3.33
      41.375     0.750000         6608         4.00
      41.951     0.775000         6830         4.44
      42.495     0.800000         7052         5.00
      43.135     0.825000         7268         5.71
      43.807     0.850000         7484         6.67
      44.575     0.875000         7706         8.00
      44.959     0.887500         7810         8.89
      45.279     0.900000         7920        10.00
      45.823     0.912500         8034        11.43
      46.399     0.925000         8140        13.33
      47.039     0.937500         8254        16.00
      47.423     0.943750         8305        17.78
      47.967     0.950000         8360        20.00
      48.479     0.956250         8421        22.86
      48.991     0.962500         8473        26.67
      49.535     0.968750         8525        32.00
      49.823     0.971875         8554        35.56
      50.111     0.975000         8581        40.00
      50.527     0.978125         8608        45.71
      50.879     0.981250         8635        53.33
      51.391     0.984375         8663        64.00
      51.775     0.985938         8677        71.11
      52.223     0.987500         8691        80.00
      52.575     0.989062         8707        91.43
      52.991     0.990625         8718       106.67
      53.599     0.992188         8732       128.00
      53.983     0.992969         8739       142.22
      54.271     0.993750         8745       160.00
      54.591     0.994531         8752       182.86
      55.103     0.995313         8759       213.33
      55.871     0.996094         8767       256.00
      56.255     0.996484         8770       284.44
      56.543     0.996875         8774       320.00
      56.895     0.997266         8776       365.71
      57.183     0.997656         8780       426.67
      57.631     0.998047         8783       512.00
      57.951     0.998242         8785       568.89
      58.527     0.998437         8787       640.00
      59.359     0.998633         8788       731.43
      60.863     0.998828         8790       853.33
      62.623     0.999023         8792      1024.00
      63.103     0.999121         8793      1137.78
      64.927     0.999219         8794      1280.00
      64.927     0.999316         8794      1462.86
      68.671     0.999414         8795      1706.67
      69.887     0.999512         8796      2048.00
      75.071     0.999561         8797      2275.56
      75.071     0.999609         8797      2560.00
      75.071     0.999658         8797      2925.71
      75.135     0.999707         8798      3413.33
      75.135     0.999756         8798      4096.00
      77.055     0.999780         8799      4551.11
      77.055     0.999805         8799      5120.00
      77.055     0.999829         8799      5851.43
      77.055     0.999854         8799      6826.67
      77.055     0.999878         8799      8192.00
      85.247     0.999890         8800      9102.22
      85.247     1.000000         8800          inf
#[Mean    =       36.202, StdDeviation   =        7.642]
#[Max     =       85.184, Total count    =         8800]
#[Buckets =           27, SubBuckets     =         2048]
----------------------------------------------------------
  9600 requests in 2.00m, 2.27MB read
Requests/sec:     79.98
Transfer/sec:     19.37KB
