Running 2m test @ http://10.108.73.23:9080/productpage
  4 threads and 10 connections
  Thread calibration: mean lat.: 350.315ms, rate sampling interval: 1917ms
  Thread calibration: mean lat.: 59.969ms, rate sampling interval: 189ms
  Thread calibration: mean lat.: 42.133ms, rate sampling interval: 139ms
  Thread calibration: mean lat.: 542.119ms, rate sampling interval: 2039ms
  Thread Stats   Avg      Stdev     Max   +/- Stdev
    Latency     1.96s     3.01s   11.12s    80.69%
    Req/Sec    19.44      4.89    36.00     80.82%
  Latency Distribution (HdrHistogram - Recorded Latency)
 50.000%   77.38ms
 75.000%    3.60s 
 90.000%    7.00s 
 99.000%   10.75s 
 99.900%   11.00s 
 99.990%   11.06s 
 99.999%   11.12s 
100.000%   11.12s 

  Detailed Percentile spectrum:
       Value   Percentile   TotalCount 1/(1-Percentile)

      11.455     0.000000            1         1.00
      30.767     0.100000          855         1.11
      40.415     0.200000         1711         1.25
      49.855     0.300000         2560         1.43
      58.943     0.400000         3414         1.67
      77.375     0.500000         4267         2.00
      91.647     0.550000         4696         2.22
     103.423     0.600000         5120         2.50
     792.575     0.650000         5547         2.86
    2457.599     0.700000         5976         3.33
    3600.383     0.750000         6400         4.00
    4143.103     0.775000         6614         4.44
    4849.663     0.800000         6829         5.00
    5423.103     0.825000         7040         5.71
    6143.999     0.850000         7257         6.67
    6631.423     0.875000         7467         8.00
    6823.935     0.887500         7577         8.89
    7004.159     0.900000         7681        10.00
    7151.615     0.912500         7787        11.43
    7520.255     0.925000         7896        13.33
    7942.143     0.937500         8004        16.00
    8060.927     0.943750         8054        17.78
    8445.951     0.950000         8110        20.00
    8658.943     0.956250         8161        22.86
    8830.975     0.962500         8214        26.67
    9355.263     0.968750         8268        32.00
    9748.479     0.971875         8295        35.56
   10158.079     0.975000         8321        40.00
   10264.575     0.978125         8347        45.71
   10371.071     0.981250         8375        53.33
   10469.375     0.984375         8400        64.00
   10543.103     0.985938         8414        71.11
   10575.871     0.987500         8427        80.00
   10649.599     0.989062         8440        91.43
   10821.631     0.990625         8454       106.67
   10846.207     0.992188         8467       128.00
   10870.783     0.992969         8476       142.22
   10919.935     0.993750         8488       160.00
   10919.935     0.994531         8488       182.86
   10928.127     0.995313         8497       213.33
   10944.511     0.996094         8504       256.00
   10944.511     0.996484         8504       284.44
   10952.703     0.996875         8511       320.00
   10952.703     0.997266         8511       365.71
   10960.895     0.997656         8514       426.67
   10969.087     0.998047         8521       512.00
   10969.087     0.998242         8521       568.89
   10969.087     0.998437         8521       640.00
   10985.471     0.998633         8523       731.43
   11001.855     0.998828         8524       853.33
   11026.431     0.999023         8526      1024.00
   11026.431     0.999121         8526      1137.78
   11034.623     0.999219         8528      1280.00
   11034.623     0.999316         8528      1462.86
   11042.815     0.999414         8529      1706.67
   11042.815     0.999512         8529      2048.00
   11051.007     0.999561         8530      2275.56
   11051.007     0.999609         8530      2560.00
   11059.199     0.999658         8532      2925.71
   11059.199     0.999707         8532      3413.33
   11059.199     0.999756         8532      4096.00
   11059.199     0.999780         8532      4551.11
   11059.199     0.999805         8532      5120.00
   11059.199     0.999829         8532      5851.43
   11059.199     0.999854         8532      6826.67
   11059.199     0.999878         8532      8192.00
   11124.735     0.999890         8533      9102.22
   11124.735     1.000000         8533          inf
#[Mean    =     1957.263, StdDeviation   =     3010.955]
#[Max     =    11116.544, Total count    =         8533]
#[Buckets =           27, SubBuckets     =         2048]
----------------------------------------------------------
  9311 requests in 2.00m, 136.16MB read
Requests/sec:     77.58
Transfer/sec:      1.13MB
