Running 2m test @ http://10.97.31.177:9080/productpage
  2 threads and 4 connections
  Thread calibration: mean lat.: 4386.488ms, rate sampling interval: 15261ms
  Thread calibration: mean lat.: 4245.477ms, rate sampling interval: 15245ms
  Thread Stats   Avg      Stdev     Max   +/- Stdev
    Latency     0.90m    25.61s    1.64m    57.90%
    Req/Sec    27.36      1.17    29.00     92.86%
  Latency Distribution (HdrHistogram - Recorded Latency)
 50.000%    0.90m 
 75.000%    1.27m 
 90.000%    1.49m 
 99.000%    1.62m 
 99.900%    1.64m 
 99.990%    1.64m 
 99.999%    1.64m 
100.000%    1.64m 

  Detailed Percentile spectrum:
       Value   Percentile   TotalCount 1/(1-Percentile)

    8380.415     0.000000            1         1.00
   18120.703     0.100000          613         1.11
   27541.503     0.200000         1225         1.25
   36896.767     0.300000         1837         1.43
   45514.751     0.400000         2450         1.67
   54198.271     0.500000         3061         2.00
   58621.951     0.550000         3367         2.22
   63078.399     0.600000         3674         2.50
   67436.543     0.650000         3982         2.86
   71696.383     0.700000         4285         3.33
   76087.295     0.750000         4593         4.00
   78315.519     0.775000         4747         4.44
   80609.279     0.800000         4898         5.00
   82837.503     0.825000         5054         5.71
   84934.655     0.850000         5204         6.67
   87031.807     0.875000         5356         8.00
   88145.919     0.887500         5433         8.89
   89260.031     0.900000         5516        10.00
   90243.071     0.912500         5587        11.43
   91291.647     0.925000         5666        13.33
   92405.759     0.937500         5740        16.00
   92930.047     0.943750         5777        17.78
   93519.871     0.950000         5817        20.00
   94109.695     0.956250         5858        22.86
   94568.447     0.962500         5892        26.67
   95158.271     0.968750         5930        32.00
   95551.487     0.971875         5953        35.56
   95748.095     0.975000         5968        40.00
   96075.775     0.978125         5989        45.71
   96337.919     0.981250         6008        53.33
   96600.063     0.984375         6026        64.00
   96731.135     0.985938         6036        71.11
   96927.743     0.987500         6046        80.00
   97124.351     0.989062         6057        91.43
   97320.959     0.990625         6065       106.67
   97517.567     0.992188         6076       128.00
   97583.103     0.992969         6078       142.22
   97714.175     0.993750         6086       160.00
   97779.711     0.994531         6090       182.86
   97910.783     0.995313         6095       213.33
   97976.319     0.996094         6098       256.00
   98041.855     0.996484         6101       284.44
   98107.391     0.996875         6103       320.00
   98172.927     0.997266         6107       365.71
   98172.927     0.997656         6107       426.67
   98238.463     0.998047         6112       512.00
   98238.463     0.998242         6112       568.89
   98238.463     0.998437         6112       640.00
   98303.999     0.998633         6114       731.43
   98303.999     0.998828         6114       853.33
   98435.071     0.999023         6117      1024.00
   98435.071     0.999121         6117      1137.78
   98435.071     0.999219         6117      1280.00
   98435.071     0.999316         6117      1462.86
   98500.607     0.999414         6118      1706.67
   98566.143     0.999512         6120      2048.00
   98566.143     0.999561         6120      2275.56
   98566.143     0.999609         6120      2560.00
   98566.143     0.999658         6120      2925.71
   98566.143     0.999707         6120      3413.33
   98566.143     0.999756         6120      4096.00
   98566.143     0.999780         6120      4551.11
   98566.143     0.999805         6120      5120.00
   98566.143     0.999829         6120      5851.43
   98631.679     0.999854         6121      6826.67
   98631.679     1.000000         6121          inf
#[Mean    =    53990.679, StdDeviation   =    25608.341]
#[Max     =    98566.144, Total count    =         6121]
#[Buckets =           27, SubBuckets     =         2048]
----------------------------------------------------------
  6595 requests in 2.00m, 96.44MB read
Requests/sec:     54.95
Transfer/sec:    822.86KB
