Running 2m test @ http://10.97.31.177:9080/productpage
  2 threads and 4 connections
  Thread calibration: mean lat.: 1574.179ms, rate sampling interval: 5406ms
  Thread calibration: mean lat.: 1754.199ms, rate sampling interval: 5599ms
  Thread Stats   Avg      Stdev     Max   +/- Stdev
    Latency    19.11s     9.67s   37.62s    59.72%
    Req/Sec    28.10      1.52    31.00     94.87%
  Latency Distribution (HdrHistogram - Recorded Latency)
 50.000%   18.63s 
 75.000%   26.62s 
 90.000%   33.08s 
 99.000%   37.06s 
 99.900%   37.55s 
 99.990%   37.65s 
 99.999%   37.65s 
100.000%   37.65s 

  Detailed Percentile spectrum:
       Value   Percentile   TotalCount 1/(1-Percentile)

    2899.967     0.000000            1         1.00
    6135.807     0.100000          629         1.11
    9527.295     0.200000         1257         1.25
   12451.839     0.300000         1886         1.43
   15351.807     0.400000         2516         1.67
   18628.607     0.500000         3143         2.00
   20201.471     0.550000         3460         2.22
   21954.559     0.600000         3771         2.50
   23576.575     0.650000         4087         2.86
   25018.367     0.700000         4399         3.33
   26640.383     0.750000         4715         4.00
   27901.951     0.775000         4872         4.44
   29016.063     0.800000         5030         5.00
   29982.719     0.825000         5185         5.71
   30965.759     0.850000         5343         6.67
   32210.943     0.875000         5501         8.00
   32571.391     0.887500         5577         8.89
   33079.295     0.900000         5655        10.00
   33652.735     0.912500         5734        11.43
   34340.863     0.925000         5815        13.33
   34897.919     0.937500         5900        16.00
   35094.527     0.943750         5931        17.78
   35389.439     0.950000         5972        20.00
   35717.119     0.956250         6011        22.86
   35946.495     0.962500         6051        26.67
   36241.407     0.968750         6091        32.00
   36405.247     0.971875         6108        35.56
   36503.551     0.975000         6132        40.00
   36569.087     0.978125         6149        45.71
   36700.159     0.981250         6166        53.33
   36798.463     0.984375         6189        64.00
   36831.231     0.985938         6196        71.11
   36929.535     0.987500         6205        80.00
   37027.839     0.989062         6217        91.43
   37093.375     0.990625         6228       106.67
   37158.911     0.992188         6237       128.00
   37191.679     0.992969         6239       142.22
   37224.447     0.993750         6245       160.00
   37289.983     0.994531         6253       182.86
   37322.751     0.995313         6259       213.33
   37322.751     0.996094         6259       256.00
   37355.519     0.996484         6262       284.44
   37388.287     0.996875         6265       320.00
   37421.055     0.997266         6266       365.71
   37486.591     0.997656         6270       426.67
   37519.359     0.998047         6271       512.00
   37552.127     0.998242         6277       568.89
   37552.127     0.998437         6277       640.00
   37552.127     0.998633         6277       731.43
   37552.127     0.998828         6277       853.33
   37552.127     0.999023         6277      1024.00
   37584.895     0.999121         6280      1137.78
   37584.895     0.999219         6280      1280.00
   37584.895     0.999316         6280      1462.86
   37584.895     0.999414         6280      1706.67
   37584.895     0.999512         6280      2048.00
   37617.663     0.999561         6281      2275.56
   37617.663     0.999609         6281      2560.00
   37617.663     0.999658         6281      2925.71
   37650.431     0.999707         6283      3413.33
   37650.431     1.000000         6283          inf
#[Mean    =    19108.733, StdDeviation   =     9668.618]
#[Max     =    37617.664, Total count    =         6283]
#[Buckets =           27, SubBuckets     =         2048]
----------------------------------------------------------
  6836 requests in 2.00m, 99.97MB read
Requests/sec:     56.96
Transfer/sec:    852.94KB
