Running 2m test @ http://10.97.31.177:9080/productpage
  2 threads and 4 connections
  Thread calibration: mean lat.: 3965.288ms, rate sampling interval: 14344ms
  Thread calibration: mean lat.: 3432.494ms, rate sampling interval: 12238ms
  Thread Stats   Avg      Stdev     Max   +/- Stdev
    Latency    45.29s    22.34s    1.52m    60.27%
    Req/Sec    35.80      3.73    42.00     66.67%
  Latency Distribution (HdrHistogram - Recorded Latency)
 50.000%   44.70s 
 75.000%    1.06m 
 90.000%    1.28m 
 99.000%    1.48m 
 99.900%    1.51m 
 99.990%    1.52m 
 99.999%    1.52m 
100.000%    1.52m 

  Detailed Percentile spectrum:
       Value   Percentile   TotalCount 1/(1-Percentile)

    6316.031     0.000000            1         1.00
   15007.743     0.100000          784         1.11
   22822.911     0.200000         1567         1.25
   30277.631     0.300000         2354         1.43
   37486.591     0.400000         3134         1.67
   44695.551     0.500000         3916         2.00
   48103.423     0.550000         4308         2.22
   51281.919     0.600000         4701         2.50
   55083.007     0.650000         5091         2.86
   59342.847     0.700000         5486         3.33
   63307.775     0.750000         5874         4.00
   65404.927     0.775000         6071         4.44
   67371.007     0.800000         6267         5.00
   69337.087     0.825000         6470         5.71
   71499.775     0.850000         6664         6.67
   73793.535     0.875000         6857         8.00
   74907.647     0.887500         6951         8.89
   76546.047     0.900000         7051        10.00
   78249.983     0.912500         7152        11.43
   79888.383     0.925000         7247        13.33
   81657.855     0.937500         7346        16.00
   82444.287     0.943750         7392        17.78
   83230.719     0.950000         7444        20.00
   84017.151     0.956250         7490        22.86
   84869.119     0.962500         7540        26.67
   85721.087     0.968750         7591        32.00
   86048.767     0.971875         7612        35.56
   86507.519     0.975000         7637        40.00
   86966.271     0.978125         7664        45.71
   87359.487     0.981250         7687        53.33
   87752.703     0.984375         7710        64.00
   88145.919     0.985938         7722        71.11
   88473.599     0.987500         7735        80.00
   88866.815     0.989062         7748        91.43
   89128.959     0.990625         7761       106.67
   89456.639     0.992188         7771       128.00
   89587.711     0.992969         7777       142.22
   89849.855     0.993750         7784       160.00
   90046.463     0.994531         7792       182.86
   90177.535     0.995313         7797       213.33
   90374.143     0.996094         7804       256.00
   90439.679     0.996484         7808       284.44
   90439.679     0.996875         7808       320.00
   90505.215     0.997266         7811       365.71
   90636.287     0.997656         7816       426.67
   90701.823     0.998047         7819       512.00
   90701.823     0.998242         7819       568.89
   90767.359     0.998437         7822       640.00
   90767.359     0.998633         7822       731.43
   90832.895     0.998828         7825       853.33
   90832.895     0.999023         7825      1024.00
   90898.431     0.999121         7827      1137.78
   90898.431     0.999219         7827      1280.00
   90898.431     0.999316         7827      1462.86
   90963.967     0.999414         7830      1706.67
   90963.967     0.999512         7830      2048.00
   90963.967     0.999561         7830      2275.56
   90963.967     0.999609         7830      2560.00
   90963.967     0.999658         7830      2925.71
   90963.967     0.999707         7830      3413.33
   91029.503     0.999756         7831      4096.00
   91029.503     0.999780         7831      4551.11
   91029.503     0.999805         7831      5120.00
   91029.503     0.999829         7831      5851.43
   91029.503     0.999854         7831      6826.67
   91160.575     0.999878         7832      8192.00
   91160.575     1.000000         7832          inf
#[Mean    =    45286.356, StdDeviation   =    22342.274]
#[Max     =    91095.040, Total count    =         7832]
#[Buckets =           27, SubBuckets     =         2048]
----------------------------------------------------------
  8446 requests in 2.00m, 123.52MB read
Requests/sec:     70.37
Transfer/sec:      1.03MB
