Running 3m test @ http://10.108.73.23:9080/productpage
  4 threads and 10 connections
  Thread calibration: mean lat.: 1222.515ms, rate sampling interval: 4192ms
  Thread calibration: mean lat.: 1428.092ms, rate sampling interval: 4861ms
  Thread calibration: mean lat.: 1423.816ms, rate sampling interval: 4902ms
  Thread calibration: mean lat.: 1443.171ms, rate sampling interval: 5119ms
  Thread Stats   Avg      Stdev     Max   +/- Stdev
    Latency    22.78s    12.14s    0.87m    62.15%
    Req/Sec    18.58      0.71    20.00    100.00%
  Latency Distribution (HdrHistogram - Recorded Latency)
 50.000%   22.22s 
 75.000%   32.01s 
 90.000%   38.96s 
 99.000%   49.91s 
 99.900%    0.86m 
 99.990%    0.86m 
 99.999%    0.87m 
100.000%    0.87m 

  Detailed Percentile spectrum:
       Value   Percentile   TotalCount 1/(1-Percentile)

    2316.287     0.000000            1         1.00
    6692.863     0.100000         1297         1.11
   10698.751     0.200000         2591         1.25
   14565.375     0.300000         3889         1.43
   18415.615     0.400000         5182         1.67
   22216.703     0.500000         6478         2.00
   24248.319     0.550000         7128         2.22
   26247.167     0.600000         7778         2.50
   28082.175     0.650000         8427         2.86
   29966.335     0.700000         9070         3.33
   32014.335     0.750000         9717         4.00
   33128.447     0.775000        10042         4.44
   34144.255     0.800000        10369         5.00
   35127.295     0.825000        10699         5.71
   36044.799     0.850000        11013         6.67
   37289.983     0.875000        11339         8.00
   38043.647     0.887500        11502         8.89
   38961.151     0.900000        11659        10.00
   39813.119     0.912500        11821        11.43
   41058.303     0.925000        11983        13.33
   42631.167     0.937500        12146        16.00
   43515.903     0.943750        12226        17.78
   44302.335     0.950000        12308        20.00
   45154.303     0.956250        12389        22.86
   46071.807     0.962500        12471        26.67
   46891.007     0.968750        12551        32.00
   47284.223     0.971875        12591        35.56
   47775.743     0.975000        12631        40.00
   48234.495     0.978125        12671        45.71
   48660.479     0.981250        12712        53.33
   49119.231     0.984375        12752        64.00
   49381.375     0.985938        12773        71.11
   49610.751     0.987500        12793        80.00
   49807.359     0.989062        12817        91.43
   50069.503     0.990625        12835       106.67
   50364.415     0.992188        12854       128.00
   50495.487     0.992969        12863       142.22
   50757.631     0.993750        12875       160.00
   50888.703     0.994531        12887       182.86
   50987.007     0.995313        12894       213.33
   51150.847     0.996094        12904       256.00
   51216.383     0.996484        12910       284.44
   51314.687     0.996875        12915       320.00
   51380.223     0.997266        12919       365.71
   51478.527     0.997656        12925       426.67
   51544.063     0.998047        12930       512.00
   51576.831     0.998242        12933       568.89
   51609.599     0.998437        12939       640.00
   51609.599     0.998633        12939       731.43
   51609.599     0.998828        12939       853.33
   51642.367     0.999023        12945      1024.00
   51642.367     0.999121        12945      1137.78
   51642.367     0.999219        12945      1280.00
   51707.903     0.999316        12946      1462.86
   51740.671     0.999414        12948      1706.67
   51740.671     0.999512        12948      2048.00
   51773.439     0.999561        12949      2275.56
   51773.439     0.999609        12949      2560.00
   51806.207     0.999658        12951      2925.71
   51806.207     0.999707        12951      3413.33
   51806.207     0.999756        12951      4096.00
   51871.743     0.999780        12953      4551.11
   51871.743     0.999805        12953      5120.00
   51871.743     0.999829        12953      5851.43
   51871.743     0.999854        12953      6826.67
   51871.743     0.999878        12953      8192.00
   51871.743     0.999890        12953      9102.22
   51871.743     0.999902        12953     10240.00
   51871.743     0.999915        12953     11702.86
   51937.279     0.999927        12954     13653.33
   51937.279     1.000000        12954          inf
#[Mean    =    22782.529, StdDeviation   =    12141.036]
#[Max     =    51904.512, Total count    =        12954]
#[Buckets =           27, SubBuckets     =         2048]
----------------------------------------------------------
  13691 requests in 3.00m, 200.21MB read
Requests/sec:     76.05
Transfer/sec:      1.11MB
