Running 3m test @ http://10.108.73.23:9080/productpage
  4 threads and 10 connections
  Thread calibration: mean lat.: 3149.974ms, rate sampling interval: 11288ms
  Thread calibration: mean lat.: 3211.229ms, rate sampling interval: 11280ms
  Thread calibration: mean lat.: 3293.271ms, rate sampling interval: 11575ms
  Thread calibration: mean lat.: 3311.936ms, rate sampling interval: 11419ms
  Thread Stats   Avg      Stdev     Max   +/- Stdev
    Latency     1.00m    30.99s    1.92m    58.03%
    Req/Sec    17.83      0.62    19.00    100.00%
  Latency Distribution (HdrHistogram - Recorded Latency)
 50.000%    1.00m 
 75.000%    1.44m 
 90.000%    1.71m 
 99.000%    1.90m 
 99.900%    1.92m 
 99.990%    1.92m 
 99.999%    1.92m 
100.000%    1.92m 

  Detailed Percentile spectrum:
       Value   Percentile   TotalCount 1/(1-Percentile)

    6041.599     0.000000            1         1.00
   16957.439     0.100000         1254         1.11
   27721.727     0.200000         2503         1.25
   38436.863     0.300000         3754         1.43
   49184.767     0.400000         5010         1.67
   59834.367     0.500000         6258         2.00
   65175.551     0.550000         6883         2.22
   70516.735     0.600000         7513         2.50
   75759.615     0.650000         8137         2.86
   81133.567     0.700000         8763         3.33
   86507.519     0.750000         9391         4.00
   89194.495     0.775000         9698         4.44
   91947.007     0.800000        10016         5.00
   94633.983     0.825000        10329         5.71
   97320.959     0.850000        10641         6.67
  100139.007     0.875000        10949         8.00
  101515.263     0.887500        11108         8.89
  102891.519     0.900000        11264        10.00
  104267.775     0.912500        11425        11.43
  105644.031     0.925000        11577        13.33
  106954.751     0.937500        11731        16.00
  107675.647     0.943750        11816        17.78
  108331.007     0.950000        11893        20.00
  108986.367     0.956250        11972        22.86
  109641.727     0.962500        12046        26.67
  110624.767     0.968750        12125        32.00
  111083.519     0.971875        12163        35.56
  111542.271     0.975000        12203        40.00
  112001.023     0.978125        12240        45.71
  112525.311     0.981250        12282        53.33
  112984.063     0.984375        12322        64.00
  113180.671     0.985938        12343        71.11
  113377.279     0.987500        12358        80.00
  113573.887     0.989062        12377        91.43
  113836.031     0.990625        12397       106.67
  114032.639     0.992188        12416       128.00
  114163.711     0.992969        12427       142.22
  114294.783     0.993750        12438       160.00
  114360.319     0.994531        12445       182.86
  114556.927     0.995313        12458       213.33
  114622.463     0.996094        12465       256.00
  114753.535     0.996484        12474       284.44
  114753.535     0.996875        12474       320.00
  114819.071     0.997266        12480       365.71
  114884.607     0.997656        12485       426.67
  114950.143     0.998047        12491       512.00
  115015.679     0.998242        12496       568.89
  115015.679     0.998437        12496       640.00
  115015.679     0.998633        12496       731.43
  115081.215     0.998828        12501       853.33
  115081.215     0.999023        12501      1024.00
  115146.751     0.999121        12503      1137.78
  115212.287     0.999219        12505      1280.00
  115212.287     0.999316        12505      1462.86
  115277.823     0.999414        12507      1706.67
  115277.823     0.999512        12507      2048.00
  115343.359     0.999561        12510      2275.56
  115343.359     0.999609        12510      2560.00
  115343.359     0.999658        12510      2925.71
  115343.359     0.999707        12510      3413.33
  115343.359     0.999756        12510      4096.00
  115408.895     0.999780        12512      4551.11
  115408.895     0.999805        12512      5120.00
  115408.895     0.999829        12512      5851.43
  115408.895     0.999854        12512      6826.67
  115408.895     0.999878        12512      8192.00
  115408.895     0.999890        12512      9102.22
  115408.895     0.999902        12512     10240.00
  115408.895     0.999915        12512     11702.86
  115474.431     0.999927        12513     13653.33
  115474.431     1.000000        12513          inf
#[Mean    =    59865.239, StdDeviation   =    30986.291]
#[Max     =   115408.896, Total count    =        12513]
#[Buckets =           27, SubBuckets     =         2048]
----------------------------------------------------------
  13249 requests in 3.00m, 193.75MB read
Requests/sec:     73.60
Transfer/sec:      1.08MB
