Running 2m test @ http://10.108.73.23:9080/productpage
  4 threads and 10 connections
  Thread calibration: mean lat.: 605.114ms, rate sampling interval: 3962ms
  Thread calibration: mean lat.: 679.301ms, rate sampling interval: 4816ms
  Thread calibration: mean lat.: 100.181ms, rate sampling interval: 378ms
  Thread calibration: mean lat.: 598.383ms, rate sampling interval: 4337ms
  Thread Stats   Avg      Stdev     Max   +/- Stdev
    Latency     5.55s     9.61s   33.41s    81.83%
    Req/Sec    23.80      3.37    34.00     79.67%
  Latency Distribution (HdrHistogram - Recorded Latency)
 50.000%  102.97ms
 75.000%    8.20s 
 90.000%   23.22s 
 99.000%   32.47s 
 99.900%   33.24s 
 99.990%   33.37s 
 99.999%   33.42s 
100.000%   33.42s 

  Detailed Percentile spectrum:
       Value   Percentile   TotalCount 1/(1-Percentile)

       8.791     0.000000            1         1.00
      36.703     0.100000          988         1.11
      53.279     0.200000         1974         1.25
      69.823     0.300000         2957         1.43
      86.079     0.400000         3942         1.67
     102.975     0.500000         4928         2.00
     114.943     0.550000         5420         2.22
     132.351     0.600000         5913         2.50
     161.535     0.650000         6404         2.86
    3006.463     0.700000         6897         3.33
    8196.095     0.750000         7389         4.00
   10731.519     0.775000         7636         4.44
   13311.999     0.800000         7883         5.00
   15941.631     0.825000         8129         5.71
   18366.463     0.850000         8375         6.67
   20807.679     0.875000         8621         8.00
   22069.247     0.887500         8744         8.89
   23216.127     0.900000         8868        10.00
   24428.543     0.912500         8990        11.43
   25788.415     0.925000         9115        13.33
   27148.287     0.937500         9237        16.00
   27754.495     0.943750         9299        17.78
   28360.703     0.950000         9360        20.00
   29048.831     0.956250         9422        22.86
   29736.959     0.962500         9487        26.67
   30244.863     0.968750         9546        32.00
   30621.695     0.971875         9575        35.56
   30965.759     0.975000         9609        40.00
   31178.751     0.978125         9637        45.71
   31604.735     0.981250         9672        53.33
   31850.495     0.984375         9700        64.00
   32063.487     0.985938         9716        71.11
   32210.943     0.987500         9729        80.00
   32391.167     0.989062         9746        91.43
   32571.391     0.990625         9762       106.67
   32653.311     0.992188         9777       128.00
   32751.615     0.992969         9783       142.22
   32849.919     0.993750         9791       160.00
   32931.839     0.994531         9803       182.86
   32964.607     0.995313         9808       213.33
   33013.759     0.996094         9817       256.00
   33030.143     0.996484         9821       284.44
   33046.527     0.996875         9822       320.00
   33079.295     0.997266         9827       365.71
   33095.679     0.997656         9829       426.67
   33144.831     0.998047         9833       512.00
   33177.599     0.998242         9837       568.89
   33177.599     0.998437         9837       640.00
   33210.367     0.998633         9839       731.43
   33243.135     0.998828         9842       853.33
   33275.903     0.999023         9844      1024.00
   33275.903     0.999121         9844      1137.78
   33292.287     0.999219         9847      1280.00
   33292.287     0.999316         9847      1462.86
   33292.287     0.999414         9847      1706.67
   33325.055     0.999512         9848      2048.00
   33325.055     0.999561         9848      2275.56
   33341.439     0.999609         9849      2560.00
   33341.439     0.999658         9849      2925.71
   33357.823     0.999707         9850      3413.33
   33357.823     0.999756         9850      4096.00
   33357.823     0.999780         9850      4551.11
   33374.207     0.999805         9851      5120.00
   33374.207     0.999829         9851      5851.43
   33374.207     0.999854         9851      6826.67
   33374.207     0.999878         9851      8192.00
   33374.207     0.999890         9851      9102.22
   33423.359     0.999902         9852     10240.00
   33423.359     1.000000         9852          inf
#[Mean    =     5548.221, StdDeviation   =     9614.911]
#[Max     =    33406.976, Total count    =         9852]
#[Buckets =           27, SubBuckets     =         2048]
----------------------------------------------------------
  10749 requests in 2.00m, 157.19MB read
Requests/sec:     89.56
Transfer/sec:      1.31MB
