Running 3m test @ http://10.108.73.23:9080/productpage
  4 threads and 10 connections
  Thread calibration: mean lat.: 96.447ms, rate sampling interval: 408ms
  Thread calibration: mean lat.: 363.564ms, rate sampling interval: 1448ms
  Thread calibration: mean lat.: 122.028ms, rate sampling interval: 484ms
  Thread calibration: mean lat.: 78.660ms, rate sampling interval: 256ms
  Thread Stats   Avg      Stdev     Max   +/- Stdev
    Latency   160.00ms  189.03ms   1.23s    86.99%
    Req/Sec    24.49      3.13    38.00     81.19%
  Latency Distribution (HdrHistogram - Recorded Latency)
 50.000%   84.54ms
 75.000%  175.23ms
 90.000%  413.18ms
 99.000%  922.11ms
 99.900%    1.17s 
 99.990%    1.21s 
 99.999%    1.23s 
100.000%    1.23s 

  Detailed Percentile spectrum:
       Value   Percentile   TotalCount 1/(1-Percentile)

       8.591     0.000000            1         1.00
      27.231     0.100000         1700         1.11
      52.351     0.200000         3403         1.25
      56.383     0.300000         5098         1.43
      70.399     0.400000         6802         1.67
      84.543     0.500000         8495         2.00
      95.807     0.550000         9354         2.22
     105.407     0.600000        10194         2.50
     119.807     0.650000        11050         2.86
     141.183     0.700000        11895         3.33
     175.231     0.750000        12742         4.00
     201.343     0.775000        13167         4.44
     231.551     0.800000        13597         5.00
     266.751     0.825000        14017         5.71
     309.503     0.850000        14441         6.67
     358.655     0.875000        14866         8.00
     383.487     0.887500        15079         8.89
     413.439     0.900000        15294        10.00
     446.975     0.912500        15505        11.43
     483.583     0.925000        15715        13.33
     533.503     0.937500        15928        16.00
     560.127     0.943750        16034        17.78
     586.239     0.950000        16141        20.00
     614.399     0.956250        16246        22.86
     648.703     0.962500        16352        26.67
     684.031     0.968750        16461        32.00
     705.535     0.971875        16512        35.56
     734.207     0.975000        16565        40.00
     765.951     0.978125        16618        45.71
     796.159     0.981250        16672        53.33
     828.415     0.984375        16724        64.00
     848.383     0.985938        16751        71.11
     876.031     0.987500        16777        80.00
     906.239     0.989062        16804        91.43
     945.663     0.990625        16830       106.67
     992.255     0.992188        16857       128.00
    1012.735     0.992969        16870       142.22
    1023.487     0.993750        16884       160.00
    1039.359     0.994531        16898       182.86
    1055.743     0.995313        16910       213.33
    1078.271     0.996094        16924       256.00
    1085.439     0.996484        16930       284.44
    1093.631     0.996875        16936       320.00
    1104.895     0.997266        16943       365.71
    1118.207     0.997656        16950       426.67
    1122.303     0.998047        16956       512.00
    1137.663     0.998242        16960       568.89
    1143.807     0.998437        16963       640.00
    1154.047     0.998633        16966       731.43
    1167.359     0.998828        16970       853.33
    1173.503     0.999023        16973      1024.00
    1183.743     0.999121        16978      1137.78
    1183.743     0.999219        16978      1280.00
    1183.743     0.999316        16978      1462.86
    1189.887     0.999414        16980      1706.67
    1195.007     0.999512        16981      2048.00
    1196.031     0.999561        16982      2275.56
    1197.055     0.999609        16984      2560.00
    1197.055     0.999658        16984      2925.71
    1206.271     0.999707        16985      3413.33
    1206.271     0.999756        16985      4096.00
    1211.391     0.999780        16986      4551.11
    1211.391     0.999805        16986      5120.00
    1212.415     0.999829        16987      5851.43
    1212.415     0.999854        16987      6826.67
    1212.415     0.999878        16987      8192.00
    1225.727     0.999890        16988      9102.22
    1225.727     0.999902        16988     10240.00
    1225.727     0.999915        16988     11702.86
    1225.727     0.999927        16988     13653.33
    1225.727     0.999939        16988     16384.00
    1230.847     0.999945        16989     18204.44
    1230.847     1.000000        16989          inf
#[Mean    =      159.996, StdDeviation   =      189.032]
#[Max     =     1229.824, Total count    =        16989]
#[Buckets =           27, SubBuckets     =         2048]
----------------------------------------------------------
  17980 requests in 3.00m, 262.95MB read
Requests/sec:     99.87
Transfer/sec:      1.46MB
