Running 3m test @ http://10.108.73.23:9080/productpage
  4 threads and 10 connections
  Thread calibration: mean lat.: 2971.695ms, rate sampling interval: 9568ms
  Thread calibration: mean lat.: 3463.522ms, rate sampling interval: 10862ms
  Thread calibration: mean lat.: 2759.714ms, rate sampling interval: 9207ms
  Thread calibration: mean lat.: 3388.826ms, rate sampling interval: 10559ms
  Thread Stats   Avg      Stdev     Max   +/- Stdev
    Latency    49.33s    25.39s    1.80m    59.55%
    Req/Sec    17.77      1.57    21.00     89.39%
  Latency Distribution (HdrHistogram - Recorded Latency)
 50.000%   49.15s 
 75.000%    1.17m 
 90.000%    1.39m 
 99.000%    1.65m 
 99.900%    1.79m 
 99.990%    1.80m 
 99.999%    1.80m 
100.000%    1.80m 

  Detailed Percentile spectrum:
       Value   Percentile   TotalCount 1/(1-Percentile)

    4972.543     0.000000            1         1.00
   14565.375     0.100000         1236         1.11
   23330.815     0.200000         2472         1.25
   31965.183     0.300000         3706         1.43
   40402.943     0.400000         4940         1.67
   49151.999     0.500000         6178         2.00
   53215.231     0.550000         6792         2.22
   57606.143     0.600000         7415         2.50
   62029.823     0.650000         8030         2.86
   66060.287     0.700000         8646         3.33
   70189.055     0.750000         9265         4.00
   72286.207     0.775000         9578         4.44
   74645.503     0.800000         9882         5.00
   76808.191     0.825000        10194         5.71
   79101.951     0.850000        10508         6.67
   81133.567     0.875000        10811         8.00
   82051.071     0.887500        10962         8.89
   83361.791     0.900000        11116        10.00
   84803.583     0.912500        11268        11.43
   86245.375     0.925000        11422        13.33
   88211.455     0.937500        11577        16.00
   89128.959     0.943750        11656        17.78
   90111.999     0.950000        11733        20.00
   91291.647     0.956250        11808        22.86
   92602.367     0.962500        11888        26.67
   93847.551     0.968750        11963        32.00
   94502.911     0.971875        12003        35.56
   95092.735     0.975000        12041        40.00
   95682.559     0.978125        12079        45.71
   96403.455     0.981250        12117        53.33
   97124.351     0.984375        12157        64.00
   97517.567     0.985938        12175        71.11
   97976.319     0.987500        12195        80.00
   98500.607     0.989062        12216        91.43
   99287.039     0.990625        12237       106.67
  100139.007     0.992188        12252       128.00
  100794.367     0.992969        12262       142.22
  101711.871     0.993750        12271       160.00
  102760.447     0.994531        12281       182.86
  103481.343     0.995313        12291       213.33
  104267.775     0.996094        12300       256.00
  104595.455     0.996484        12305       284.44
  104923.135     0.996875        12310       320.00
  105250.815     0.997266        12315       365.71
  105709.567     0.997656        12320       426.67
  106102.783     0.998047        12324       512.00
  106430.463     0.998242        12327       568.89
  106627.071     0.998437        12329       640.00
  106889.215     0.998633        12332       731.43
  107020.287     0.998828        12334       853.33
  107216.895     0.999023        12336      1024.00
  107347.967     0.999121        12339      1137.78
  107347.967     0.999219        12339      1280.00
  107413.503     0.999316        12340      1462.86
  107544.575     0.999414        12341      1706.67
  107610.111     0.999512        12343      2048.00
  107610.111     0.999561        12343      2275.56
  107806.719     0.999609        12344      2560.00
  107806.719     0.999658        12344      2925.71
  107872.255     0.999707        12345      3413.33
  107872.255     0.999756        12345      4096.00
  107937.791     0.999780        12347      4551.11
  107937.791     0.999805        12347      5120.00
  107937.791     0.999829        12347      5851.43
  107937.791     0.999854        12347      6826.67
  107937.791     0.999878        12347      8192.00
  107937.791     0.999890        12347      9102.22
  107937.791     0.999902        12347     10240.00
  107937.791     0.999915        12347     11702.86
  108068.863     0.999927        12348     13653.33
  108068.863     1.000000        12348          inf
#[Mean    =    49332.817, StdDeviation   =    25393.897]
#[Max     =   108003.328, Total count    =        12348]
#[Buckets =           27, SubBuckets     =         2048]
----------------------------------------------------------
  13008 requests in 3.00m, 190.24MB read
Requests/sec:     72.26
Transfer/sec:      1.06MB
