Running 3m test @ http://10.108.73.23:9080/productpage
  4 threads and 10 connections
  Thread calibration: mean lat.: 3943.111ms, rate sampling interval: 12468ms
  Thread calibration: mean lat.: 3528.557ms, rate sampling interval: 11616ms
  Thread calibration: mean lat.: 3713.409ms, rate sampling interval: 12296ms
  Thread calibration: mean lat.: 3404.177ms, rate sampling interval: 11763ms
  Thread Stats   Avg      Stdev     Max   +/- Stdev
    Latency     0.99m    30.66s    2.10m    58.28%
    Req/Sec    18.30      0.96    20.00     98.15%
  Latency Distribution (HdrHistogram - Recorded Latency)
 50.000%    0.99m 
 75.000%    1.42m 
 90.000%    1.70m 
 99.000%    1.89m 
 99.900%    2.08m 
 99.990%    2.10m 
 99.999%    2.10m 
100.000%    2.10m 

  Detailed Percentile spectrum:
       Value   Percentile   TotalCount 1/(1-Percentile)

    6254.591     0.000000            1         1.00
   16973.823     0.100000         1276         1.11
   27721.727     0.200000         2552         1.25
   38043.647     0.300000         3828         1.43
   48562.175     0.400000         5102         1.67
   59113.471     0.500000         6380         2.00
   64552.959     0.550000         7018         2.22
   69664.767     0.600000         7662         2.50
   74907.647     0.650000         8292         2.86
   80084.991     0.700000         8937         3.33
   85393.407     0.750000         9569         4.00
   88145.919     0.775000         9895         4.44
   90767.359     0.800000        10204         5.00
   93454.335     0.825000        10523         5.71
   96403.455     0.850000        10846         6.67
   99024.895     0.875000        11161         8.00
  100532.223     0.887500        11327         8.89
  101908.479     0.900000        11482        10.00
  103350.271     0.912500        11642        11.43
  104529.919     0.925000        11809        13.33
  105644.031     0.937500        11963        16.00
  106299.391     0.943750        12041        17.78
  107020.287     0.950000        12120        20.00
  107610.111     0.956250        12201        22.86
  108331.007     0.962500        12284        26.67
  109117.439     0.968750        12359        32.00
  109510.655     0.971875        12403        35.56
  109772.799     0.975000        12440        40.00
  110297.087     0.978125        12480        45.71
  110755.839     0.981250        12516        53.33
  111411.199     0.984375        12556        64.00
  111869.951     0.985938        12578        71.11
  112263.167     0.987500        12597        80.00
  112721.919     0.989062        12616        91.43
  114163.711     0.990625        12636       106.67
  116326.399     0.992188        12657       128.00
  117309.439     0.992969        12666       142.22
  118489.087     0.993750        12676       160.00
  119537.663     0.994531        12687       182.86
  120193.023     0.995313        12696       213.33
  121044.991     0.996094        12706       256.00
  121765.887     0.996484        12711       284.44
  122290.175     0.996875        12716       320.00
  122617.855     0.997266        12721       365.71
  123011.071     0.997656        12726       426.67
  123535.359     0.998047        12731       512.00
  123731.967     0.998242        12733       568.89
  124059.647     0.998437        12736       640.00
  124387.327     0.998633        12738       731.43
  124583.935     0.998828        12741       853.33
  124780.543     0.999023        12743      1024.00
  124846.079     0.999121        12744      1137.78
  124977.151     0.999219        12746      1280.00
  125042.687     0.999316        12747      1462.86
  125108.223     0.999414        12748      1706.67
  125239.295     0.999512        12749      2048.00
  125304.831     0.999561        12750      2275.56
  125370.367     0.999609        12751      2560.00
  125370.367     0.999658        12751      2925.71
  125501.439     0.999707        12752      3413.33
  125501.439     0.999756        12752      4096.00
  125632.511     0.999780        12753      4551.11
  125632.511     0.999805        12753      5120.00
  125632.511     0.999829        12753      5851.43
  125829.119     0.999854        12754      6826.67
  125829.119     0.999878        12754      8192.00
  125829.119     0.999890        12754      9102.22
  125829.119     0.999902        12754     10240.00
  125829.119     0.999915        12754     11702.86
  125960.191     0.999927        12755     13653.33
  125960.191     1.000000        12755          inf
#[Mean    =    59316.181, StdDeviation   =    30664.205]
#[Max     =   125894.656, Total count    =        12755]
#[Buckets =           27, SubBuckets     =         2048]
----------------------------------------------------------
  13434 requests in 3.00m, 196.47MB read
Requests/sec:     74.62
Transfer/sec:      1.09MB
