Running 2m test @ http://10.102.123.170:11000/a?value=1
  2 threads and 4 connections
  Thread calibration: mean lat.: 4383.122ms, rate sampling interval: 14073ms
  Thread calibration: mean lat.: 4284.004ms, rate sampling interval: 14262ms
  Thread Stats   Avg      Stdev     Max   +/- Stdev
    Latency    49.14s    23.96s    1.53m    57.46%
    Req/Sec    24.36      0.61    25.00    100.00%
  Latency Distribution (HdrHistogram - Recorded Latency)
 50.000%   49.05s 
 75.000%    1.17m 
 90.000%    1.38m 
 99.000%    1.50m 
 99.900%    1.53m 
 99.990%    1.53m 
 99.999%    1.53m 
100.000%    1.53m 

  Detailed Percentile spectrum:
       Value   Percentile   TotalCount 1/(1-Percentile)

    7798.783     0.000000            1         1.00
   16138.239     0.100000          544         1.11
   24231.935     0.200000         1088         1.25
   32391.167     0.300000         1632         1.43
   40665.087     0.400000         2175         1.67
   49053.695     0.500000         2720         2.00
   53116.927     0.550000         2991         2.22
   57278.463     0.600000         3264         2.50
   61407.231     0.650000         3538         2.86
   65667.071     0.700000         3808         3.33
   70123.519     0.750000         4078         4.00
   72220.671     0.775000         4214         4.44
   74186.751     0.800000         4350         5.00
   76283.903     0.825000         4488         5.71
   78381.055     0.850000         4622         6.67
   80412.671     0.875000         4759         8.00
   81461.247     0.887500         4828         8.89
   82509.823     0.900000         4895        10.00
   83492.863     0.912500         4963        11.43
   84541.439     0.925000         5030        13.33
   85590.015     0.937500         5101        16.00
   86114.303     0.943750         5133        17.78
   86573.055     0.950000         5167        20.00
   87031.807     0.956250         5200        22.86
   87556.095     0.962500         5235        26.67
   88080.383     0.968750         5271        32.00
   88342.527     0.971875         5286        35.56
   88604.671     0.975000         5303        40.00
   88866.815     0.978125         5322        45.71
   89128.959     0.981250         5339        53.33
   89325.567     0.984375         5353        64.00
   89456.639     0.985938         5363        71.11
   89587.711     0.987500         5372        80.00
   89718.783     0.989062         5379        91.43
   89849.855     0.990625         5389       106.67
   89980.927     0.992188         5398       128.00
   90046.463     0.992969         5402       142.22
   90111.999     0.993750         5405       160.00
   90177.535     0.994531         5408       182.86
   90308.607     0.995313         5413       213.33
   90439.679     0.996094         5416       256.00
   90570.751     0.996484         5418       284.44
   90767.359     0.996875         5421       320.00
   90898.431     0.997266         5423       365.71
   91029.503     0.997656         5425       426.67
   91160.575     0.998047         5427       512.00
   91226.111     0.998242         5428       568.89
   91291.647     0.998437         5429       640.00
   91357.183     0.998633         5430       731.43
   91422.719     0.998828         5431       853.33
   91553.791     0.999023         5432      1024.00
   91619.327     0.999121         5433      1137.78
   91619.327     0.999219         5433      1280.00
   91684.863     0.999316         5434      1462.86
   91684.863     0.999414         5434      1706.67
   91750.399     0.999512         5435      2048.00
   91750.399     0.999561         5435      2275.56
   91750.399     0.999609         5435      2560.00
   91815.935     0.999658         5436      2925.71
   91815.935     0.999707         5436      3413.33
   91815.935     0.999756         5436      4096.00
   91815.935     0.999780         5436      4551.11
   91815.935     0.999805         5436      5120.00
   91881.471     0.999829         5437      5851.43
   91881.471     1.000000         5437          inf
#[Mean    =    49137.136, StdDeviation   =    23955.469]
#[Max     =    91815.936, Total count    =         5437]
#[Buckets =           27, SubBuckets     =         2048]
----------------------------------------------------------
  5878 requests in 2.00m, 1.39MB read
Requests/sec:     48.98
Transfer/sec:     11.87KB
