Running 2m test @ http://10.102.123.170:11000/a?value=1
  2 threads and 4 connections
  Thread calibration: mean lat.: 907.438ms, rate sampling interval: 6889ms
  Thread calibration: mean lat.: 311.229ms, rate sampling interval: 1587ms
  Thread Stats   Avg      Stdev     Max   +/- Stdev
    Latency     6.41s    11.53s   50.99s    88.24%
    Req/Sec    45.36      4.02    54.00     72.62%
  Latency Distribution (HdrHistogram - Recorded Latency)
 50.000%   76.42ms
 75.000%    8.94s 
 90.000%   22.46s 
 99.000%   48.40s 
 99.900%   50.72s 
 99.990%   50.99s 
 99.999%    0.85m 
100.000%    0.85m 

  Detailed Percentile spectrum:
       Value   Percentile   TotalCount 1/(1-Percentile)

       8.615     0.000000            1         1.00
      11.183     0.100000          956         1.11
      12.151     0.200000         1914         1.25
      21.615     0.300000         2864         1.43
      45.343     0.400000         3820         1.67
      76.415     0.500000         4772         2.00
     125.567     0.550000         5252         2.22
    1827.839     0.600000         5727         2.50
    3741.695     0.650000         6204         2.86
    5443.583     0.700000         6681         3.33
    8937.471     0.750000         7160         4.00
    9707.519     0.775000         7397         4.44
   11657.215     0.800000         7637         5.00
   12206.079     0.825000         7875         5.71
   12910.591     0.850000         8118         6.67
   15736.831     0.875000         8351         8.00
   19202.047     0.887500         8471         8.89
   22462.463     0.900000         8590        10.00
   26001.407     0.912500         8709        11.43
   29556.735     0.925000         8829        13.33
   33439.743     0.937500         8948        16.00
   35487.743     0.943750         9008        17.78
   37224.447     0.950000         9067        20.00
   38993.919     0.956250         9127        22.86
   40665.087     0.962500         9187        26.67
   42631.167     0.968750         9246        32.00
   43384.831     0.971875         9278        35.56
   44269.567     0.975000         9306        40.00
   45187.071     0.978125         9338        45.71
   45776.895     0.981250         9366        53.33
   46694.399     0.984375         9396        64.00
   47153.151     0.985938         9410        71.11
   47579.135     0.987500         9425        80.00
   48136.191     0.989062         9441        91.43
   48496.639     0.990625         9455       106.67
   48857.087     0.992188         9470       128.00
   49020.927     0.992969         9478       142.22
   49250.303     0.993750         9486       160.00
   49381.375     0.994531         9493       182.86
   49643.519     0.995313         9500       213.33
   49872.895     0.996094         9507       256.00
   50003.967     0.996484         9511       284.44
   50135.039     0.996875         9515       320.00
   50200.575     0.997266         9518       365.71
   50331.647     0.997656         9522       426.67
   50462.719     0.998047         9527       512.00
   50495.487     0.998242         9528       568.89
   50561.023     0.998437         9530       640.00
   50626.559     0.998633         9531       731.43
   50692.095     0.998828         9533       853.33
   50757.631     0.999023         9536      1024.00
   50757.631     0.999121         9536      1137.78
   50790.399     0.999219         9537      1280.00
   50855.935     0.999316         9539      1462.86
   50855.935     0.999414         9539      1706.67
   50888.703     0.999512         9541      2048.00
   50888.703     0.999561         9541      2275.56
   50888.703     0.999609         9541      2560.00
   50888.703     0.999658         9541      2925.71
   50921.471     0.999707         9542      3413.33
   50921.471     0.999756         9542      4096.00
   50921.471     0.999780         9542      4551.11
   50987.007     0.999805         9543      5120.00
   50987.007     0.999829         9543      5851.43
   50987.007     0.999854         9543      6826.67
   50987.007     0.999878         9543      8192.00
   50987.007     0.999890         9543      9102.22
   51019.775     0.999902         9544     10240.00
   51019.775     1.000000         9544          inf
#[Mean    =     6407.900, StdDeviation   =    11527.798]
#[Max     =    50987.008, Total count    =         9544]
#[Buckets =           27, SubBuckets     =         2048]
----------------------------------------------------------
  10407 requests in 2.00m, 2.46MB read
Requests/sec:     86.71
Transfer/sec:     20.98KB
