Running 2m test @ http://10.102.123.170:11000/a?value=1
  2 threads and 4 connections
  Thread calibration: mean lat.: 4098.508ms, rate sampling interval: 12869ms
  Thread calibration: mean lat.: 4109.682ms, rate sampling interval: 12967ms
  Thread Stats   Avg      Stdev     Max   +/- Stdev
    Latency    43.21s    20.98s    1.34m    58.24%
    Req/Sec    24.94      0.56    26.00    100.00%
  Latency Distribution (HdrHistogram - Recorded Latency)
 50.000%   43.22s 
 75.000%    1.02m 
 90.000%    1.21m 
 99.000%    1.32m 
 99.900%    1.33m 
 99.990%    1.34m 
 99.999%    1.34m 
100.000%    1.34m 

  Detailed Percentile spectrum:
       Value   Percentile   TotalCount 1/(1-Percentile)

    6930.431     0.000000            1         1.00
   14008.319     0.100000          560         1.11
   21430.271     0.200000         1119         1.25
   28770.303     0.300000         1680         1.43
   35946.495     0.400000         2238         1.67
   43220.991     0.500000         2799         2.00
   46923.775     0.550000         3077         2.22
   50593.791     0.600000         3358         2.50
   54165.503     0.650000         3638         2.86
   57606.143     0.700000         3916         3.33
   61112.319     0.750000         4198         4.00
   62980.095     0.775000         4337         4.44
   64749.567     0.800000         4476         5.00
   66781.183     0.825000         4616         5.71
   68747.263     0.850000         4758         6.67
   70582.271     0.875000         4895         8.00
   71499.775     0.887500         4968         8.89
   72417.279     0.900000         5035        10.00
   73269.247     0.912500         5107        11.43
   74186.751     0.925000         5176        13.33
   75169.791     0.937500         5246        16.00
   75694.079     0.943750         5284        17.78
   76087.295     0.950000         5317        20.00
   76480.511     0.956250         5350        22.86
   77004.799     0.962500         5389        26.67
   77463.551     0.968750         5423        32.00
   77660.159     0.971875         5439        35.56
   77922.303     0.975000         5457        40.00
   78184.447     0.978125         5476        45.71
   78381.055     0.981250         5492        53.33
   78577.663     0.984375         5508        64.00
   78708.735     0.985938         5518        71.11
   78839.807     0.987500         5526        80.00
   78970.879     0.989062         5536        91.43
   79101.951     0.990625         5544       106.67
   79167.487     0.992188         5552       128.00
   79233.023     0.992969         5556       142.22
   79364.095     0.993750         5562       160.00
   79429.631     0.994531         5564       182.86
   79560.703     0.995313         5569       213.33
   79691.775     0.996094         5574       256.00
   79757.311     0.996484         5577       284.44
   79757.311     0.996875         5577       320.00
   79822.847     0.997266         5579       365.71
   79888.383     0.997656         5581       426.67
   80019.455     0.998047         5586       512.00
   80019.455     0.998242         5586       568.89
   80019.455     0.998437         5586       640.00
   80084.991     0.998633         5588       731.43
   80084.991     0.998828         5588       853.33
   80150.527     0.999023         5590      1024.00
   80150.527     0.999121         5590      1137.78
   80150.527     0.999219         5590      1280.00
   80216.063     0.999316         5592      1462.86
   80216.063     0.999414         5592      1706.67
   80216.063     0.999512         5592      2048.00
   80216.063     0.999561         5592      2275.56
   80216.063     0.999609         5592      2560.00
   80281.599     0.999658         5593      2925.71
   80281.599     0.999707         5593      3413.33
   80281.599     0.999756         5593      4096.00
   80281.599     0.999780         5593      4551.11
   80281.599     0.999805         5593      5120.00
   80347.135     0.999829         5594      5851.43
   80347.135     1.000000         5594          inf
#[Mean    =    43212.920, StdDeviation   =    20980.587]
#[Max     =    80281.600, Total count    =         5594]
#[Buckets =           27, SubBuckets     =         2048]
----------------------------------------------------------
  6042 requests in 2.00m, 1.43MB read
Requests/sec:     50.34
Transfer/sec:     12.20KB
