Running 2m test @ http://10.102.123.170:11000/a?value=1
  2 threads and 4 connections
  Thread calibration: mean lat.: 4001.484ms, rate sampling interval: 14065ms
  Thread calibration: mean lat.: 2242.955ms, rate sampling interval: 9084ms
  Thread Stats   Avg      Stdev     Max   +/- Stdev
    Latency    32.69s    22.19s    1.60m    65.98%
    Req/Sec    54.37     20.56    73.00     63.16%
  Latency Distribution (HdrHistogram - Recorded Latency)
 50.000%   27.66s 
 75.000%   46.92s 
 90.000%    1.12m 
 99.000%    1.50m 
 99.900%    1.59m 
 99.990%    1.60m 
 99.999%    1.60m 
100.000%    1.60m 

  Detailed Percentile spectrum:
       Value   Percentile   TotalCount 1/(1-Percentile)

    3123.199     0.000000            1         1.00
    8503.295     0.100000         1086         1.11
   13066.239     0.200000         2167         1.25
   17317.887     0.300000         3249         1.43
   22282.239     0.400000         4330         1.67
   27656.191     0.500000         5412         2.00
   29818.879     0.550000         5961         2.22
   31932.415     0.600000         6503         2.50
   34209.791     0.650000         7042         2.86
   39256.063     0.700000         7577         3.33
   46923.775     0.750000         8119         4.00
   50495.487     0.775000         8390         4.44
   53903.359     0.800000         8660         5.00
   57180.159     0.825000         8930         5.71
   60686.335     0.850000         9203         6.67
   63995.903     0.875000         9475         8.00
   65503.231     0.887500         9610         8.89
   67239.935     0.900000         9744        10.00
   68878.335     0.912500         9885        11.43
   70516.735     0.925000        10015        13.33
   74252.287     0.937500        10149        16.00
   75956.223     0.943750        10216        17.78
   77922.303     0.950000        10284        20.00
   79822.847     0.956250        10353        22.86
   81723.391     0.962500        10420        26.67
   83558.399     0.968750        10487        32.00
   84475.903     0.971875        10521        35.56
   85327.871     0.975000        10554        40.00
   86310.911     0.978125        10588        45.71
   87228.415     0.981250        10622        53.33
   88080.383     0.984375        10655        64.00
   88539.135     0.985938        10674        71.11
   88997.887     0.987500        10691        80.00
   89522.175     0.989062        10707        91.43
   90046.463     0.990625        10725       106.67
   90898.431     0.992188        10740       128.00
   91357.183     0.992969        10748       142.22
   91947.007     0.993750        10757       160.00
   92405.759     0.994531        10765       182.86
   92995.583     0.995313        10774       213.33
   93519.871     0.996094        10782       256.00
   93716.479     0.996484        10787       284.44
   93978.623     0.996875        10791       320.00
   94240.767     0.997266        10795       365.71
   94437.375     0.997656        10799       426.67
   94699.519     0.998047        10803       512.00
   94830.591     0.998242        10805       568.89
   95027.199     0.998437        10808       640.00
   95158.271     0.998633        10810       731.43
   95289.343     0.998828        10812       853.33
   95420.415     0.999023        10814      1024.00
   95485.951     0.999121        10815      1137.78
   95551.487     0.999219        10816      1280.00
   95617.023     0.999316        10818      1462.86
   95617.023     0.999414        10818      1706.67
   95748.095     0.999512        10819      2048.00
   95813.631     0.999561        10820      2275.56
   95813.631     0.999609        10820      2560.00
   95879.167     0.999658        10821      2925.71
   95879.167     0.999707        10821      3413.33
   95944.703     0.999756        10822      4096.00
   95944.703     0.999780        10822      4551.11
   95944.703     0.999805        10822      5120.00
   96010.239     0.999829        10823      5851.43
   96010.239     0.999854        10823      6826.67
   96010.239     0.999878        10823      8192.00
   96010.239     0.999890        10823      9102.22
   96010.239     0.999902        10823     10240.00
   96075.775     0.999915        10824     11702.86
   96075.775     1.000000        10824          inf
#[Mean    =    32691.277, StdDeviation   =    22194.011]
#[Max     =    96010.240, Total count    =        10824]
#[Buckets =           27, SubBuckets     =         2048]
----------------------------------------------------------
  11802 requests in 2.00m, 2.79MB read
Requests/sec:     98.34
Transfer/sec:     23.79KB
