Running 3m test @ http://10.99.205.204:11000/a?value=1
  4 threads and 10 connections
  Thread calibration: mean lat.: 52.631ms, rate sampling interval: 131ms
  Thread calibration: mean lat.: 46.794ms, rate sampling interval: 112ms
  Thread calibration: mean lat.: 49.920ms, rate sampling interval: 131ms
  Thread calibration: mean lat.: 49.880ms, rate sampling interval: 125ms
  Thread Stats   Avg      Stdev     Max   +/- Stdev
    Latency    49.61ms    9.80ms  82.82ms   69.56%
    Req/Sec    19.72      5.78    36.00     82.38%
  Latency Distribution (HdrHistogram - Recorded Latency)
 50.000%   49.31ms
 75.000%   56.22ms
 90.000%   62.17ms
 99.000%   72.13ms
 99.900%   76.80ms
 99.990%   80.06ms
 99.999%   82.88ms
100.000%   82.88ms

  Detailed Percentile spectrum:
       Value   Percentile   TotalCount 1/(1-Percentile)

      11.503     0.000000            1         1.00
      37.599     0.100000         1363         1.11
      42.143     0.200000         2727         1.25
      44.895     0.300000         4089         1.43
      47.199     0.400000         5457         1.67
      49.311     0.500000         6808         2.00
      50.495     0.550000         7481         2.22
      51.679     0.600000         8169         2.50
      53.119     0.650000         8847         2.86
      54.559     0.700000         9521         3.33
      56.223     0.750000        10206         4.00
      57.119     0.775000        10550         4.44
      58.047     0.800000        10891         5.00
      58.911     0.825000        11226         5.71
      59.871     0.850000        11561         6.67
      60.959     0.875000        11907         8.00
      61.535     0.887500        12079         8.89
      62.175     0.900000        12246        10.00
      62.847     0.912500        12413        11.43
      63.583     0.925000        12587        13.33
      64.575     0.937500        12753        16.00
      65.119     0.943750        12839        17.78
      65.727     0.950000        12921        20.00
      66.367     0.956250        13010        22.86
      67.071     0.962500        13090        26.67
      67.903     0.968750        13177        32.00
      68.415     0.971875        13221        35.56
      68.927     0.975000        13263        40.00
      69.375     0.978125        13303        45.71
      69.951     0.981250        13347        53.33
      70.527     0.984375        13390        64.00
      70.847     0.985938        13411        71.11
      71.359     0.987500        13432        80.00
      71.743     0.989062        13452        91.43
      72.255     0.990625        13475       106.67
      72.895     0.992188        13496       128.00
      73.087     0.992969        13505       142.22
      73.471     0.993750        13517       160.00
      73.791     0.994531        13528       182.86
      74.175     0.995313        13538       213.33
      74.495     0.996094        13552       256.00
      74.559     0.996484        13553       284.44
      74.879     0.996875        13560       320.00
      75.007     0.997266        13563       365.71
      75.391     0.997656        13570       426.67
      75.583     0.998047        13576       512.00
      75.647     0.998242        13578       568.89
      75.775     0.998437        13579       640.00
      76.031     0.998633        13582       731.43
      76.607     0.998828        13585       853.33
      76.927     0.999023        13587      1024.00
      77.183     0.999121        13589      1137.78
      77.247     0.999219        13590      1280.00
      77.311     0.999316        13591      1462.86
      77.823     0.999414        13593      1706.67
      78.015     0.999512        13594      2048.00
      78.079     0.999561        13595      2275.56
      78.079     0.999609        13595      2560.00
      78.975     0.999658        13596      2925.71
      79.231     0.999707        13597      3413.33
      79.231     0.999756        13597      4096.00
      79.743     0.999780        13598      4551.11
      79.743     0.999805        13598      5120.00
      79.743     0.999829        13598      5851.43
      80.063     0.999854        13599      6826.67
      80.063     0.999878        13599      8192.00
      80.063     0.999890        13599      9102.22
      80.063     0.999902        13599     10240.00
      80.063     0.999915        13599     11702.86
      82.879     0.999927        13600     13653.33
      82.879     1.000000        13600          inf
#[Mean    =       49.609, StdDeviation   =        9.802]
#[Max     =       82.816, Total count    =        13600]
#[Buckets =           27, SubBuckets     =         2048]
----------------------------------------------------------
  14400 requests in 3.00m, 3.41MB read
Requests/sec:     79.99
Transfer/sec:     19.37KB
