Running 3m test @ http://10.99.205.204:11000/a?value=1
  4 threads and 10 connections
  Thread calibration: mean lat.: 52.973ms, rate sampling interval: 125ms
  Thread calibration: mean lat.: 52.713ms, rate sampling interval: 130ms
  Thread calibration: mean lat.: 48.138ms, rate sampling interval: 117ms
  Thread calibration: mean lat.: 54.760ms, rate sampling interval: 138ms
  Thread Stats   Avg      Stdev     Max   +/- Stdev
    Latency    52.71ms   10.10ms  90.11ms   71.47%
    Req/Sec    12.28      5.80    23.00     85.00%
  Latency Distribution (HdrHistogram - Recorded Latency)
 50.000%   53.09ms
 75.000%   59.68ms
 90.000%   64.80ms
 99.000%   73.21ms
 99.900%   81.21ms
 99.990%   82.62ms
 99.999%   90.18ms
100.000%   90.18ms

  Detailed Percentile spectrum:
       Value   Percentile   TotalCount 1/(1-Percentile)

       9.791     0.000000            1         1.00
      39.455     0.100000          850         1.11
      45.631     0.200000         1700         1.25
      48.511     0.300000         2552         1.43
      50.815     0.400000         3410         1.67
      53.087     0.500000         4250         2.00
      54.335     0.550000         4681         2.22
      55.615     0.600000         5107         2.50
      56.959     0.650000         5528         2.86
      58.207     0.700000         5954         3.33
      59.679     0.750000         6379         4.00
      60.383     0.775000         6590         4.44
      61.119     0.800000         6806         5.00
      61.887     0.825000         7018         5.71
      62.751     0.850000         7232         6.67
      63.711     0.875000         7437         8.00
      64.287     0.887500         7543         8.89
      64.799     0.900000         7648        10.00
      65.471     0.912500         7756        11.43
      66.239     0.925000         7868        13.33
      67.071     0.937500         7973        16.00
      67.583     0.943750         8021        17.78
      68.159     0.950000         8079        20.00
      68.543     0.956250         8127        22.86
      69.247     0.962500         8180        26.67
      69.887     0.968750         8231        32.00
      70.399     0.971875         8259        35.56
      70.655     0.975000         8286        40.00
      71.103     0.978125         8312        45.71
      71.551     0.981250         8339        53.33
      71.935     0.984375         8365        64.00
      72.191     0.985938         8377        71.11
      72.767     0.987500         8391        80.00
      73.151     0.989062         8408        91.43
      73.471     0.990625         8418       106.67
      74.111     0.992188         8430       128.00
      74.303     0.992969         8438       142.22
      74.623     0.993750         8443       160.00
      75.135     0.994531         8451       182.86
      75.839     0.995313         8457       213.33
      76.415     0.996094         8464       256.00
      76.543     0.996484         8467       284.44
      76.863     0.996875         8470       320.00
      77.119     0.997266         8474       365.71
      77.823     0.997656         8478       426.67
      78.335     0.998047         8480       512.00
      79.743     0.998242         8482       568.89
      79.871     0.998437         8483       640.00
      80.959     0.998633         8486       731.43
      81.151     0.998828         8487       853.33
      81.215     0.999023         8488      1024.00
      81.407     0.999121         8489      1137.78
      81.663     0.999219         8490      1280.00
      81.727     0.999316         8491      1462.86
      81.791     0.999414         8492      1706.67
      81.791     0.999512         8492      2048.00
      81.855     0.999561         8493      2275.56
      81.855     0.999609         8493      2560.00
      82.111     0.999658         8494      2925.71
      82.111     0.999707         8494      3413.33
      82.111     0.999756         8494      4096.00
      82.623     0.999780         8495      4551.11
      82.623     0.999805         8495      5120.00
      82.623     0.999829         8495      5851.43
      82.623     0.999854         8495      6826.67
      82.623     0.999878         8495      8192.00
      90.175     0.999890         8496      9102.22
      90.175     1.000000         8496          inf
#[Mean    =       52.713, StdDeviation   =       10.103]
#[Max     =       90.112, Total count    =         8496]
#[Buckets =           27, SubBuckets     =         2048]
----------------------------------------------------------
  9000 requests in 3.00m, 2.13MB read
Requests/sec:     49.99
Transfer/sec:     12.11KB
