Running 3m test @ http://10.105.92.109:11003/d?value=1
  4 threads and 10 connections
  Thread calibration: mean lat.: 9.982ms, rate sampling interval: 53ms
  Thread calibration: mean lat.: 12.270ms, rate sampling interval: 42ms
  Thread calibration: mean lat.: 11.158ms, rate sampling interval: 31ms
  Thread calibration: mean lat.: 11.941ms, rate sampling interval: 37ms
  Thread Stats   Avg      Stdev     Max   +/- Stdev
    Latency    11.10ms    7.20ms  46.66ms   75.66%
    Req/Sec    50.20     16.35   111.00     74.10%
  Latency Distribution (HdrHistogram - Recorded Latency)
 50.000%   11.62ms
 75.000%   14.37ms
 90.000%   25.39ms
 99.000%   28.72ms
 99.900%   32.26ms
 99.990%   44.74ms
 99.999%   46.69ms
100.000%   46.69ms

  Detailed Percentile spectrum:
       Value   Percentile   TotalCount 1/(1-Percentile)

       2.471     0.000000            1         1.00
       3.791     0.100000         3413         1.11
       4.187     0.200000         6807         1.25
       4.607     0.300000        10224         1.43
       5.459     0.400000        13604         1.67
      11.623     0.500000        17012         2.00
      12.127     0.550000        18720         2.22
      12.647     0.600000        20403         2.50
      13.135     0.650000        22121         2.86
      13.711     0.700000        23816         3.33
      14.367     0.750000        25522         4.00
      14.775     0.775000        26352         4.44
      15.287     0.800000        27206         5.00
      15.879     0.825000        28048         5.71
      16.655     0.850000        28908         6.67
      17.855     0.875000        29754         8.00
      19.055     0.887500        30175         8.89
      25.391     0.900000        30602        10.00
      25.903     0.912500        31023        11.43
      26.207     0.925000        31449        13.33
      26.479     0.937500        31873        16.00
      26.655     0.943750        32100        17.78
      26.815     0.950000        32313        20.00
      27.007     0.956250        32514        22.86
      27.279     0.962500        32730        26.67
      27.567     0.968750        32941        32.00
      27.695     0.971875        33045        35.56
      27.855     0.975000        33156        40.00
      27.999     0.978125        33263        45.71
      28.127     0.981250        33368        53.33
      28.303     0.984375        33467        64.00
      28.415     0.985938        33524        71.11
      28.511     0.987500        33577        80.00
      28.655     0.989062        33631        91.43
      28.783     0.990625        33680       106.67
      28.959     0.992188        33735       128.00
      29.103     0.992969        33758       142.22
      29.279     0.993750        33785       160.00
      29.519     0.994531        33813       182.86
      29.727     0.995313        33838       213.33
      29.903     0.996094        33866       256.00
      30.063     0.996484        33881       284.44
      30.143     0.996875        33892       320.00
      30.239     0.997266        33906       365.71
      30.335     0.997656        33918       426.67
      30.511     0.998047        33931       512.00
      30.655     0.998242        33940       568.89
      30.735     0.998437        33944       640.00
      30.927     0.998633        33951       731.43
      31.919     0.998828        33958       853.33
      32.335     0.999023        33964      1024.00
      33.887     0.999121        33968      1137.78
      34.463     0.999219        33971      1280.00
      35.103     0.999316        33974      1462.86
      36.223     0.999414        33978      1706.67
      36.799     0.999512        33981      2048.00
      37.407     0.999561        33983      2275.56
      38.559     0.999609        33984      2560.00
      39.135     0.999658        33987      2925.71
      39.167     0.999707        33988      3413.33
      39.839     0.999756        33989      4096.00
      40.223     0.999780        33990      4551.11
      40.927     0.999805        33991      5120.00
      41.055     0.999829        33992      5851.43
      41.951     0.999854        33993      6826.67
      41.951     0.999878        33993      8192.00
      44.735     0.999890        33994      9102.22
      44.735     0.999902        33994     10240.00
      45.759     0.999915        33995     11702.86
      45.759     0.999927        33995     13653.33
      45.759     0.999939        33995     16384.00
      46.271     0.999945        33996     18204.44
      46.271     0.999951        33996     20480.00
      46.271     0.999957        33996     23405.71
      46.271     0.999963        33996     27306.67
      46.271     0.999969        33996     32768.00
      46.687     0.999973        33997     36408.89
      46.687     1.000000        33997          inf
#[Mean    =       11.103, StdDeviation   =        7.199]
#[Max     =       46.656, Total count    =        33997]
#[Buckets =           27, SubBuckets     =         2048]
----------------------------------------------------------
  36004 requests in 3.00m, 8.50MB read
Requests/sec:    200.01
Transfer/sec:     48.34KB
