Running 3m test @ http://10.105.92.109:11003/d?value=1
  4 threads and 10 connections
  Thread calibration: mean lat.: 19.590ms, rate sampling interval: 64ms
  Thread calibration: mean lat.: 15.560ms, rate sampling interval: 54ms
  Thread calibration: mean lat.: 16.762ms, rate sampling interval: 54ms
  Thread calibration: mean lat.: 18.603ms, rate sampling interval: 63ms
  Thread Stats   Avg      Stdev     Max   +/- Stdev
    Latency    17.15ms    9.06ms  41.18ms   57.70%
    Req/Sec    24.81     12.86    64.00     84.97%
  Latency Distribution (HdrHistogram - Recorded Latency)
 50.000%   15.02ms
 75.000%   25.79ms
 90.000%   29.10ms
 99.000%   33.73ms
 99.900%   35.17ms
 99.990%   37.73ms
 99.999%   41.22ms
100.000%   41.22ms

  Detailed Percentile spectrum:
       Value   Percentile   TotalCount 1/(1-Percentile)

       2.599     0.000000            1         1.00
       4.263     0.100000         1702         1.11
      10.143     0.200000         3400         1.25
      12.079     0.300000         5105         1.43
      13.327     0.400000         6801         1.67
      15.015     0.500000         8504         2.00
      16.231     0.550000         9352         2.22
      19.167     0.600000        10200         2.50
      23.071     0.650000        11052         2.86
      24.367     0.700000        11901         3.33
      25.791     0.750000        12763         4.00
      26.287     0.775000        13189         4.44
      26.703     0.800000        13610         5.00
      27.087     0.825000        14026         5.71
      27.487     0.850000        14453         6.67
      28.207     0.875000        14880         8.00
      28.607     0.887500        15087         8.89
      29.103     0.900000        15304        10.00
      29.807     0.912500        15516        11.43
      30.431     0.925000        15727        13.33
      31.071     0.937500        15936        16.00
      31.455     0.943750        16046        17.78
      31.743     0.950000        16157        20.00
      32.015     0.956250        16255        22.86
      32.207     0.962500        16370        26.67
      32.447     0.968750        16471        32.00
      32.623     0.971875        16520        35.56
      32.831     0.975000        16588        40.00
      33.023     0.978125        16640        45.71
      33.183     0.981250        16685        53.33
      33.375     0.984375        16741        64.00
      33.503     0.985938        16765        71.11
      33.567     0.987500        16789        80.00
      33.663     0.989062        16818        91.43
      33.791     0.990625        16840       106.67
      33.951     0.992188        16871       128.00
      34.015     0.992969        16881       142.22
      34.079     0.993750        16893       160.00
      34.143     0.994531        16907       182.86
      34.239     0.995313        16922       213.33
      34.335     0.996094        16932       256.00
      34.431     0.996484        16940       284.44
      34.623     0.996875        16947       320.00
      34.687     0.997266        16953       365.71
      34.783     0.997656        16961       426.67
      34.847     0.998047        16966       512.00
      34.911     0.998242        16969       568.89
      34.943     0.998437        16972       640.00
      35.007     0.998633        16975       731.43
      35.103     0.998828        16979       853.33
      35.199     0.999023        16983      1024.00
      35.263     0.999121        16984      1137.78
      35.295     0.999219        16985      1280.00
      35.327     0.999316        16988      1462.86
      35.391     0.999414        16989      1706.67
      35.455     0.999512        16991      2048.00
      35.455     0.999561        16991      2275.56
      35.519     0.999609        16992      2560.00
      35.839     0.999658        16993      2925.71
      36.127     0.999707        16994      3413.33
      36.127     0.999756        16994      4096.00
      37.631     0.999780        16995      4551.11
      37.631     0.999805        16995      5120.00
      37.727     0.999829        16996      5851.43
      37.727     0.999854        16996      6826.67
      37.727     0.999878        16996      8192.00
      37.791     0.999890        16997      9102.22
      37.791     0.999902        16997     10240.00
      37.791     0.999915        16997     11702.86
      37.791     0.999927        16997     13653.33
      37.791     0.999939        16997     16384.00
      41.215     0.999945        16998     18204.44
      41.215     1.000000        16998          inf
#[Mean    =       17.146, StdDeviation   =        9.060]
#[Max     =       41.184, Total count    =        16998]
#[Buckets =           27, SubBuckets     =         2048]
----------------------------------------------------------
  18003 requests in 3.00m, 4.25MB read
Requests/sec:    100.00
Transfer/sec:     24.19KB
