Running 3m test @ http://10.105.92.109:11003/d?value=1
  4 threads and 10 connections
  Thread calibration: mean lat.: 11.540ms, rate sampling interval: 33ms
  Thread calibration: mean lat.: 13.073ms, rate sampling interval: 35ms
  Thread calibration: mean lat.: 12.713ms, rate sampling interval: 49ms
  Thread calibration: mean lat.: 12.423ms, rate sampling interval: 50ms
  Thread Stats   Avg      Stdev     Max   +/- Stdev
    Latency    12.17ms    6.04ms  50.85ms   63.30%
    Req/Sec    62.87     16.33   125.00     63.73%
  Latency Distribution (HdrHistogram - Recorded Latency)
 50.000%   12.26ms
 75.000%   15.22ms
 90.000%   18.96ms
 99.000%   28.42ms
 99.900%   30.86ms
 99.990%   41.34ms
 99.999%   50.88ms
100.000%   50.88ms

  Detailed Percentile spectrum:
       Value   Percentile   TotalCount 1/(1-Percentile)

       2.717     0.000000            1         1.00
       4.495     0.100000         4256         1.11
       5.275     0.200000         8500         1.25
       9.023     0.300000        12750         1.43
      11.423     0.400000        17004         1.67
      12.255     0.500000        21285         2.00
      12.727     0.550000        23382         2.22
      13.279     0.600000        25501         2.50
      13.791     0.650000        27652         2.86
      14.423     0.700000        29764         3.33
      15.223     0.750000        31881         4.00
      15.711     0.775000        32942         4.44
      16.199     0.800000        34006         5.00
      16.735     0.825000        35076         5.71
      17.311     0.850000        36124         6.67
      18.015     0.875000        37191         8.00
      18.447     0.887500        37718         8.89
      18.959     0.900000        38259        10.00
      19.631     0.912500        38789        11.43
      20.479     0.925000        39315        13.33
      24.095     0.937500        39841        16.00
      25.855     0.943750        40117        17.78
      26.175     0.950000        40395        20.00
      26.383     0.956250        40641        22.86
      26.655     0.962500        40908        26.67
      26.895     0.968750        41186        32.00
      27.039     0.971875        41316        35.56
      27.199     0.975000        41444        40.00
      27.391     0.978125        41569        45.71
      27.631     0.981250        41704        53.33
      27.887     0.984375        41833        64.00
      28.015     0.985938        41901        71.11
      28.143     0.987500        41965        80.00
      28.303     0.989062        42037        91.43
      28.463     0.990625        42098       106.67
      28.639     0.992188        42165       128.00
      28.751     0.992969        42199       142.22
      28.879     0.993750        42236       160.00
      29.023     0.994531        42264       182.86
      29.311     0.995313        42297       213.33
      29.599     0.996094        42331       256.00
      29.743     0.996484        42348       284.44
      29.839     0.996875        42366       320.00
      29.967     0.997266        42381       365.71
      30.143     0.997656        42397       426.67
      30.271     0.998047        42413       512.00
      30.367     0.998242        42423       568.89
      30.495     0.998437        42431       640.00
      30.623     0.998633        42438       731.43
      30.799     0.998828        42447       853.33
      30.863     0.999023        42456      1024.00
      30.895     0.999121        42461      1137.78
      30.927     0.999219        42463      1280.00
      31.055     0.999316        42467      1462.86
      32.143     0.999414        42472      1706.67
      34.239     0.999512        42476      2048.00
      34.975     0.999561        42478      2275.56
      35.039     0.999609        42480      2560.00
      36.319     0.999658        42483      2925.71
      38.239     0.999707        42484      3413.33
      38.527     0.999756        42486      4096.00
      38.751     0.999780        42487      4551.11
      39.199     0.999805        42488      5120.00
      39.519     0.999829        42489      5851.43
      39.935     0.999854        42490      6826.67
      40.319     0.999878        42491      8192.00
      41.343     0.999890        42492      9102.22
      41.343     0.999902        42492     10240.00
      42.303     0.999915        42493     11702.86
      42.303     0.999927        42493     13653.33
      42.367     0.999939        42494     16384.00
      42.367     0.999945        42494     18204.44
      42.367     0.999951        42494     20480.00
      48.127     0.999957        42495     23405.71
      48.127     0.999963        42495     27306.67
      48.127     0.999969        42495     32768.00
      48.127     0.999973        42495     36408.89
      48.127     0.999976        42495     40960.00
      50.879     0.999979        42496     46811.43
      50.879     1.000000        42496          inf
#[Mean    =       12.174, StdDeviation   =        6.035]
#[Max     =       50.848, Total count    =        42496]
#[Buckets =           27, SubBuckets     =         2048]
----------------------------------------------------------
  45003 requests in 3.00m, 10.62MB read
Requests/sec:    249.99
Transfer/sec:     60.43KB
