Running 3m test @ http://10.108.73.23:9080/productpage
  4 threads and 10 connections
  Thread calibration: mean lat.: 1516.089ms, rate sampling interval: 5316ms
  Thread calibration: mean lat.: 1783.176ms, rate sampling interval: 6565ms
  Thread calibration: mean lat.: 2021.477ms, rate sampling interval: 6660ms
  Thread calibration: mean lat.: 78.073ms, rate sampling interval: 293ms
  Thread Stats   Avg      Stdev     Max   +/- Stdev
    Latency    20.45s    19.09s    0.97m    44.99%
    Req/Sec    11.51      2.57    20.00     88.50%
  Latency Distribution (HdrHistogram - Recorded Latency)
 50.000%   17.63s 
 75.000%   37.39s 
 90.000%   49.22s 
 99.000%    0.94m 
 99.900%    0.97m 
 99.990%    0.97m 
 99.999%    0.97m 
100.000%    0.97m 

  Detailed Percentile spectrum:
       Value   Percentile   TotalCount 1/(1-Percentile)

       9.423     0.000000            1         1.00
      36.831     0.100000          649         1.11
      73.215     0.200000         1297         1.25
     110.911     0.300000         1945         1.43
    9297.919     0.400000         2593         1.67
   17629.183     0.500000         3241         2.00
   21397.503     0.550000         3567         2.22
   24821.759     0.600000         3890         2.50
   28966.911     0.650000         4215         2.86
   33259.519     0.700000         4538         3.33
   37388.287     0.750000         4863         4.00
   39321.599     0.775000         5025         4.44
   41320.447     0.800000         5186         5.00
   43515.903     0.825000         5348         5.71
   45416.447     0.850000         5512         6.67
   47316.991     0.875000         5673         8.00
   48267.263     0.887500         5755         8.89
   49217.535     0.900000         5834        10.00
   50200.575     0.912500         5918        11.43
   51281.919     0.925000         5997        13.33
   52232.191     0.937500         6078        16.00
   52723.711     0.943750         6120        17.78
   53182.463     0.950000         6158        20.00
   53739.519     0.956250         6199        22.86
   54198.271     0.962500         6240        26.67
   54755.327     0.968750         6282        32.00
   54951.935     0.971875         6302        35.56
   55181.311     0.975000         6321        40.00
   55476.223     0.978125         6341        45.71
   55705.599     0.981250         6365        53.33
   55934.975     0.984375         6383        64.00
   56033.279     0.985938         6392        71.11
   56197.119     0.987500         6401        80.00
   56393.727     0.989062         6413        91.43
   56623.103     0.990625         6425       106.67
   56754.175     0.992188         6432       128.00
   56918.015     0.992969         6438       142.22
   57114.623     0.993750         6442       160.00
   57311.231     0.994531         6448       182.86
   57409.535     0.995313         6452       213.33
   57638.911     0.996094         6458       256.00
   57704.447     0.996484         6460       284.44
   57737.215     0.996875         6462       320.00
   57868.287     0.997266         6465       365.71
   57933.823     0.997656         6467       426.67
   57999.359     0.998047         6470       512.00
   58064.895     0.998242         6471       568.89
   58097.663     0.998437         6473       640.00
   58228.735     0.998633         6474       731.43
   58261.503     0.998828         6476       853.33
   58261.503     0.999023         6476      1024.00
   58294.271     0.999121         6478      1137.78
   58294.271     0.999219         6478      1280.00
   58294.271     0.999316         6478      1462.86
   58359.807     0.999414         6479      1706.67
   58359.807     0.999512         6479      2048.00
   58392.575     0.999561         6480      2275.56
   58392.575     0.999609         6480      2560.00
   58392.575     0.999658         6480      2925.71
   58425.343     0.999707         6481      3413.33
   58425.343     0.999756         6481      4096.00
   58425.343     0.999780         6481      4551.11
   58425.343     0.999805         6481      5120.00
   58425.343     0.999829         6481      5851.43
   58490.879     0.999854         6482      6826.67
   58490.879     1.000000         6482          inf
#[Mean    =    20454.171, StdDeviation   =    19091.975]
#[Max     =    58458.112, Total count    =         6482]
#[Buckets =           27, SubBuckets     =         2048]
----------------------------------------------------------
  6856 requests in 3.00m, 100.27MB read
Requests/sec:     38.08
Transfer/sec:    570.35KB
