Running 3m test @ http://10.105.92.109:11003/d?value=1
  4 threads and 10 connections
  Thread calibration: mean lat.: 8.524ms, rate sampling interval: 35ms
  Thread calibration: mean lat.: 16.024ms, rate sampling interval: 66ms
  Thread calibration: mean lat.: 12.156ms, rate sampling interval: 68ms
  Thread calibration: mean lat.: 8.783ms, rate sampling interval: 35ms
  Thread Stats   Avg      Stdev     Max   +/- Stdev
    Latency    11.73ms    8.62ms  44.51ms   90.20%
    Req/Sec    50.13     14.31   114.00     71.87%
  Latency Distribution (HdrHistogram - Recorded Latency)
 50.000%   11.28ms
 75.000%   16.28ms
 90.000%   19.49ms
 99.000%   36.83ms
 99.900%   40.19ms
 99.990%   41.95ms
 99.999%   44.54ms
100.000%   44.54ms

  Detailed Percentile spectrum:
       Value   Percentile   TotalCount 1/(1-Percentile)

       2.465     0.000000            1         1.00
       3.907     0.100000         3400         1.11
       4.343     0.200000         6816         1.25
       4.791     0.300000        10220         1.43
       5.399     0.400000        13600         1.67
      11.279     0.500000        17000         2.00
      12.079     0.550000        18707         2.22
      13.095     0.600000        20406         2.50
      14.039     0.650000        22104         2.86
      15.295     0.700000        23801         3.33
      16.279     0.750000        25507         4.00
      16.735     0.775000        26382         4.44
      17.087     0.800000        27197         5.00
      17.551     0.825000        28049         5.71
      17.983     0.850000        28905         6.67
      18.575     0.875000        29766         8.00
      18.911     0.887500        30175         8.89
      19.487     0.900000        30601        10.00
      21.551     0.912500        31023        11.43
      29.823     0.925000        31447        13.33
      32.687     0.937500        31874        16.00
      33.247     0.943750        32087        17.78
      33.791     0.950000        32304        20.00
      34.143     0.956250        32516        22.86
      34.463     0.962500        32724        26.67
      34.911     0.968750        32943        32.00
      35.103     0.971875        33045        35.56
      35.359     0.975000        33159        40.00
      35.583     0.978125        33258        45.71
      35.839     0.981250        33370        53.33
      36.095     0.984375        33467        64.00
      36.255     0.985938        33519        71.11
      36.447     0.987500        33572        80.00
      36.639     0.989062        33625        91.43
      36.959     0.990625        33683       106.67
      37.183     0.992188        33734       128.00
      37.375     0.992969        33758       142.22
      37.567     0.993750        33788       160.00
      37.727     0.994531        33813       182.86
      37.951     0.995313        33841       213.33
      38.239     0.996094        33864       256.00
      38.463     0.996484        33878       284.44
      38.655     0.996875        33890       320.00
      38.943     0.997266        33904       365.71
      39.103     0.997656        33918       426.67
      39.327     0.998047        33931       512.00
      39.519     0.998242        33937       568.89
      39.743     0.998437        33943       640.00
      39.903     0.998633        33951       731.43
      40.031     0.998828        33957       853.33
      40.191     0.999023        33963      1024.00
      40.287     0.999121        33967      1137.78
      40.511     0.999219        33971      1280.00
      40.607     0.999316        33973      1462.86
      40.767     0.999414        33977      1706.67
      40.927     0.999512        33980      2048.00
      41.151     0.999561        33983      2275.56
      41.151     0.999609        33983      2560.00
      41.471     0.999658        33985      2925.71
      41.599     0.999707        33987      3413.33
      41.631     0.999756        33989      4096.00
      41.631     0.999780        33989      4551.11
      41.663     0.999805        33990      5120.00
      41.727     0.999829        33991      5851.43
      41.919     0.999854        33992      6826.67
      41.919     0.999878        33992      8192.00
      41.951     0.999890        33993      9102.22
      41.951     0.999902        33993     10240.00
      42.399     0.999915        33994     11702.86
      42.399     0.999927        33994     13653.33
      42.399     0.999939        33994     16384.00
      42.751     0.999945        33995     18204.44
      42.751     0.999951        33995     20480.00
      42.751     0.999957        33995     23405.71
      42.751     0.999963        33995     27306.67
      42.751     0.999969        33995     32768.00
      44.543     0.999973        33996     36408.89
      44.543     1.000000        33996          inf
#[Mean    =       11.730, StdDeviation   =        8.620]
#[Max     =       44.512, Total count    =        33996]
#[Buckets =           27, SubBuckets     =         2048]
----------------------------------------------------------
  36004 requests in 3.00m, 8.50MB read
Requests/sec:    200.00
Transfer/sec:     48.33KB
