Running 3m test @ http://10.105.92.109:11003/d?value=1
  4 threads and 10 connections
  Thread calibration: mean lat.: 14.193ms, rate sampling interval: 39ms
  Thread calibration: mean lat.: 10.076ms, rate sampling interval: 38ms
  Thread calibration: mean lat.: 4.263ms, rate sampling interval: 10ms
  Thread calibration: mean lat.: 14.590ms, rate sampling interval: 37ms
  Thread Stats   Avg      Stdev     Max   +/- Stdev
    Latency    11.00ms    6.55ms  25.09ms   52.99%
    Req/Sec    25.86     49.19   222.00     90.66%
  Latency Distribution (HdrHistogram - Recorded Latency)
 50.000%    9.68ms
 75.000%   17.60ms
 90.000%   19.10ms
 99.000%   22.16ms
 99.900%   24.24ms
 99.990%   24.96ms
 99.999%   25.10ms
100.000%   25.10ms

  Detailed Percentile spectrum:
       Value   Percentile   TotalCount 1/(1-Percentile)

       2.389     0.000000            1         1.00
       3.901     0.100000         1704         1.11
       4.375     0.200000         3414         1.25
       4.771     0.300000         5114         1.43
       5.291     0.400000         6804         1.67
       9.679     0.500000         8498         2.00
      13.783     0.550000         9351         2.22
      15.287     0.600000        10201         2.50
      16.287     0.650000        11050         2.86
      17.039     0.700000        11912         3.33
      17.599     0.750000        12752         4.00
      17.903     0.775000        13187         4.44
      18.143     0.800000        13610         5.00
      18.383     0.825000        14060         5.71
      18.639     0.850000        14469         6.67
      18.863     0.875000        14881         8.00
      18.975     0.887500        15095         8.89
      19.103     0.900000        15302        10.00
      19.279     0.912500        15515        11.43
      19.503     0.925000        15734        13.33
      19.759     0.937500        15942        16.00
      19.887     0.943750        16047        17.78
      20.047     0.950000        16151        20.00
      20.223     0.956250        16257        22.86
      20.431     0.962500        16365        26.67
      20.655     0.968750        16466        32.00
      20.815     0.971875        16525        35.56
      20.991     0.975000        16575        40.00
      21.167     0.978125        16625        45.71
      21.327     0.981250        16679        53.33
      21.567     0.984375        16731        64.00
      21.727     0.985938        16758        71.11
      21.855     0.987500        16784        80.00
      22.031     0.989062        16813        91.43
      22.255     0.990625        16838       106.67
      22.399     0.992188        16868       128.00
      22.479     0.992969        16877       142.22
      22.623     0.993750        16890       160.00
      22.847     0.994531        16905       182.86
      22.975     0.995313        16917       213.33
      23.151     0.996094        16933       256.00
      23.183     0.996484        16937       284.44
      23.247     0.996875        16944       320.00
      23.295     0.997266        16951       365.71
      23.423     0.997656        16957       426.67
      23.615     0.998047        16963       512.00
      23.679     0.998242        16967       568.89
      23.711     0.998437        16970       640.00
      23.919     0.998633        16974       731.43
      24.159     0.998828        16978       853.33
      24.239     0.999023        16980      1024.00
      24.351     0.999121        16982      1137.78
      24.367     0.999219        16983      1280.00
      24.415     0.999316        16985      1462.86
      24.431     0.999414        16988      1706.67
      24.431     0.999512        16988      2048.00
      24.463     0.999561        16989      2275.56
      24.831     0.999609        16991      2560.00
      24.831     0.999658        16991      2925.71
      24.943     0.999707        16993      3413.33
      24.943     0.999756        16993      4096.00
      24.943     0.999780        16993      4551.11
      24.943     0.999805        16993      5120.00
      24.959     0.999829        16994      5851.43
      24.959     0.999854        16994      6826.67
      24.959     0.999878        16994      8192.00
      25.071     0.999890        16995      9102.22
      25.071     0.999902        16995     10240.00
      25.071     0.999915        16995     11702.86
      25.071     0.999927        16995     13653.33
      25.071     0.999939        16995     16384.00
      25.103     0.999945        16996     18204.44
      25.103     1.000000        16996          inf
#[Mean    =       10.999, StdDeviation   =        6.554]
#[Max     =       25.088, Total count    =        16996]
#[Buckets =           27, SubBuckets     =         2048]
----------------------------------------------------------
  18004 requests in 3.00m, 4.25MB read
Requests/sec:    100.01
Transfer/sec:     24.17KB
