Running 3m test @ http://10.105.92.109:11003/d?value=1
  4 threads and 10 connections
  Thread calibration: mean lat.: 19.257ms, rate sampling interval: 56ms
  Thread calibration: mean lat.: 18.854ms, rate sampling interval: 57ms
  Thread calibration: mean lat.: 19.843ms, rate sampling interval: 63ms
  Thread calibration: mean lat.: 22.170ms, rate sampling interval: 63ms
  Thread Stats   Avg      Stdev     Max   +/- Stdev
    Latency    18.92ms    8.44ms  54.78ms   67.08%
    Req/Sec    12.37     14.93    36.00     69.28%
  Latency Distribution (HdrHistogram - Recorded Latency)
 50.000%   18.29ms
 75.000%   26.46ms
 90.000%   29.34ms
 99.000%   33.85ms
 99.900%   40.26ms
 99.990%   43.58ms
 99.999%   54.81ms
100.000%   54.81ms

  Detailed Percentile spectrum:
       Value   Percentile   TotalCount 1/(1-Percentile)

       2.847     0.000000            1         1.00
       5.047     0.100000          851         1.11
      12.311     0.200000         1702         1.25
      13.863     0.300000         2550         1.43
      15.839     0.400000         3399         1.67
      18.287     0.500000         4253         2.00
      19.455     0.550000         4676         2.22
      22.479     0.600000         5098         2.50
      24.399     0.650000         5528         2.86
      25.487     0.700000         5949         3.33
      26.463     0.750000         6378         4.00
      26.831     0.775000         6590         4.44
      27.151     0.800000         6799         5.00
      27.583     0.825000         7014         5.71
      28.031     0.850000         7227         6.67
      28.559     0.875000         7436         8.00
      28.879     0.887500         7544         8.89
      29.343     0.900000         7651        10.00
      29.855     0.912500         7753        11.43
      30.543     0.925000         7861        13.33
      31.263     0.937500         7966        16.00
      31.567     0.943750         8019        17.78
      31.807     0.950000         8072        20.00
      32.063     0.956250         8130        22.86
      32.303     0.962500         8178        26.67
      32.591     0.968750         8232        32.00
      32.687     0.971875         8258        35.56
      32.831     0.975000         8286        40.00
      33.087     0.978125         8312        45.71
      33.279     0.981250         8343        53.33
      33.439     0.984375         8366        64.00
      33.535     0.985938         8381        71.11
      33.663     0.987500         8391        80.00
      33.791     0.989062         8406        91.43
      33.919     0.990625         8421       106.67
      34.015     0.992188         8430       128.00
      34.111     0.992969         8437       142.22
      34.239     0.993750         8443       160.00
      34.527     0.994531         8452       182.86
      34.623     0.995313         8457       213.33
      34.847     0.996094         8464       256.00
      35.039     0.996484         8467       284.44
      35.295     0.996875         8471       320.00
      35.327     0.997266         8473       365.71
      35.711     0.997656         8477       426.67
      36.447     0.998047         8480       512.00
      38.207     0.998242         8482       568.89
      38.815     0.998437         8483       640.00
      39.455     0.998633         8485       731.43
      40.223     0.998828         8487       853.33
      40.255     0.999023         8488      1024.00
      40.415     0.999121         8489      1137.78
      40.479     0.999219         8490      1280.00
      41.695     0.999316         8491      1462.86
      42.015     0.999414         8492      1706.67
      42.015     0.999512         8492      2048.00
      42.335     0.999561         8493      2275.56
      42.335     0.999609         8493      2560.00
      42.623     0.999658         8494      2925.71
      42.623     0.999707         8494      3413.33
      42.623     0.999756         8494      4096.00
      43.583     0.999780         8495      4551.11
      43.583     0.999805         8495      5120.00
      43.583     0.999829         8495      5851.43
      43.583     0.999854         8495      6826.67
      43.583     0.999878         8495      8192.00
      54.815     0.999890         8496      9102.22
      54.815     1.000000         8496          inf
#[Mean    =       18.919, StdDeviation   =        8.438]
#[Max     =       54.784, Total count    =         8496]
#[Buckets =           27, SubBuckets     =         2048]
----------------------------------------------------------
  9002 requests in 3.00m, 2.13MB read
Requests/sec:     50.01
Transfer/sec:     12.10KB
