Running 2m test @ http://10.108.73.23:9080/productpage
  4 threads and 10 connections
  Thread calibration: mean lat.: 1684.828ms, rate sampling interval: 6021ms
  Thread calibration: mean lat.: 57.408ms, rate sampling interval: 195ms
  Thread calibration: mean lat.: 754.625ms, rate sampling interval: 4882ms
  Thread calibration: mean lat.: 667.153ms, rate sampling interval: 4517ms
  Thread Stats   Avg      Stdev     Max   +/- Stdev
    Latency     1.66s     3.43s   16.43s    88.36%
    Req/Sec    19.37      3.52    30.00     81.82%
  Latency Distribution (HdrHistogram - Recorded Latency)
 50.000%   77.38ms
 75.000%    1.20s 
 90.000%    5.80s 
 99.000%   14.75s 
 99.900%   16.32s 
 99.990%   16.42s 
 99.999%   16.44s 
100.000%   16.44s 

  Detailed Percentile spectrum:
       Value   Percentile   TotalCount 1/(1-Percentile)

      11.607     0.000000            1         1.00
      29.327     0.100000          831         1.11
      38.623     0.200000         1661         1.25
      47.231     0.300000         2493         1.43
      57.183     0.400000         3322         1.67
      77.375     0.500000         4151         2.00
      86.975     0.550000         4568         2.22
      92.735     0.600000         4982         2.50
      98.751     0.650000         5398         2.86
     116.607     0.700000         5812         3.33
    1198.079     0.750000         6226         4.00
    2018.303     0.775000         6434         4.44
    2916.351     0.800000         6642         5.00
    3657.727     0.825000         6849         5.71
    4255.743     0.850000         7057         6.67
    4902.911     0.875000         7264         8.00
    5222.399     0.887500         7371         8.89
    5795.839     0.900000         7472        10.00
    6647.807     0.912500         7576        11.43
    8019.967     0.925000         7679        13.33
    9576.447     0.937500         7783        16.00
   10223.615     0.943750         7835        17.78
   10854.399     0.950000         7886        20.00
   11444.223     0.956250         7940        22.86
   12050.431     0.962500         7990        26.67
   12591.103     0.968750         8042        32.00
   12967.935     0.971875         8068        35.56
   13344.767     0.975000         8097        40.00
   13639.679     0.978125         8120        45.71
   13975.551     0.981250         8146        53.33
   14262.271     0.984375         8172        64.00
   14434.303     0.985938         8185        71.11
   14573.567     0.987500         8198        80.00
   14721.023     0.989062         8211        91.43
   14852.095     0.990625         8224       106.67
   15040.511     0.992188         8237       128.00
   15130.623     0.992969         8243       142.22
   15155.199     0.993750         8250       160.00
   15253.503     0.994531         8256       182.86
   15368.191     0.995313         8263       213.33
   15532.031     0.996094         8269       256.00
   15556.607     0.996484         8272       284.44
   15646.719     0.996875         8278       320.00
   15663.103     0.997266         8279       365.71
   15745.023     0.997656         8282       426.67
   15925.247     0.998047         8286       512.00
   15941.631     0.998242         8287       568.89
   16039.935     0.998437         8289       640.00
   16121.855     0.998633         8290       731.43
   16318.463     0.998828         8294       853.33
   16318.463     0.999023         8294      1024.00
   16318.463     0.999121         8294      1137.78
   16343.039     0.999219         8295      1280.00
   16359.423     0.999316         8296      1462.86
   16367.615     0.999414         8297      1706.67
   16367.615     0.999512         8297      2048.00
   16375.807     0.999561         8298      2275.56
   16375.807     0.999609         8298      2560.00
   16424.959     0.999658         8300      2925.71
   16424.959     0.999707         8300      3413.33
   16424.959     0.999756         8300      4096.00
   16424.959     0.999780         8300      4551.11
   16424.959     0.999805         8300      5120.00
   16424.959     0.999829         8300      5851.43
   16424.959     0.999854         8300      6826.67
   16424.959     0.999878         8300      8192.00
   16441.343     0.999890         8301      9102.22
   16441.343     1.000000         8301          inf
#[Mean    =     1664.288, StdDeviation   =     3431.824]
#[Max     =    16433.152, Total count    =         8301]
#[Buckets =           27, SubBuckets     =         2048]
----------------------------------------------------------
  8973 requests in 2.00m, 131.22MB read
Requests/sec:     74.76
Transfer/sec:      1.09MB
