Running 2m test @ http://10.108.73.23:9080/productpage
  4 threads and 10 connections
  Thread calibration: mean lat.: 54.875ms, rate sampling interval: 190ms
  Thread calibration: mean lat.: 471.933ms, rate sampling interval: 3149ms
  Thread calibration: mean lat.: 519.678ms, rate sampling interval: 3377ms
  Thread calibration: mean lat.: 574.214ms, rate sampling interval: 3936ms
  Thread Stats   Avg      Stdev     Max   +/- Stdev
    Latency     3.38s     5.46s   20.55s    83.06%
    Req/Sec    24.42      4.83    47.00     78.09%
  Latency Distribution (HdrHistogram - Recorded Latency)
 50.000%   80.06ms
 75.000%    5.61s 
 90.000%   13.13s 
 99.000%   19.20s 
 99.900%   20.48s 
 99.990%   20.55s 
 99.999%   20.56s 
100.000%   20.56s 

  Detailed Percentile spectrum:
       Value   Percentile   TotalCount 1/(1-Percentile)

       8.471     0.000000            1         1.00
      31.743     0.100000         1036         1.11
      42.399     0.200000         2073         1.25
      51.327     0.300000         3106         1.43
      61.343     0.400000         4143         1.67
      80.063     0.500000         5179         2.00
      92.799     0.550000         5700         2.22
      99.071     0.600000         6213         2.50
    1126.399     0.650000         6730         2.86
    4333.567     0.700000         7249         3.33
    5611.519     0.750000         7767         4.00
    5914.623     0.775000         8024         4.44
    6524.927     0.800000         8283         5.00
    8339.455     0.825000         8542         5.71
   10174.463     0.850000         8802         6.67
   11567.103     0.875000         9059         8.00
   12541.951     0.887500         9189         8.89
   13131.775     0.900000         9319        10.00
   13844.479     0.912500         9448        11.43
   14843.903     0.925000         9577        13.33
   15695.871     0.937500         9709        16.00
   15933.439     0.943750         9771        17.78
   16269.311     0.950000         9836        20.00
   16613.375     0.956250         9903        22.86
   17121.279     0.962500         9965        26.67
   17547.263     0.968750        10032        32.00
   17809.407     0.971875        10062        35.56
   18022.399     0.975000        10098        40.00
   18235.391     0.978125        10127        45.71
   18431.999     0.981250        10159        53.33
   18661.375     0.984375        10194        64.00
   18759.679     0.985938        10208        71.11
   19054.591     0.987500        10225        80.00
   19120.127     0.989062        10240        91.43
   19283.967     0.990625        10258       106.67
   19349.503     0.992188        10273       128.00
   19382.271     0.992969        10281       142.22
   19447.807     0.993750        10289       160.00
   19611.647     0.994531        10297       182.86
   19726.335     0.995313        10305       213.33
   19857.407     0.996094        10313       256.00
   19890.175     0.996484        10317       284.44
   20037.631     0.996875        10324       320.00
   20054.015     0.997266        10326       365.71
   20119.551     0.997656        10329       426.67
   20217.855     0.998047        10334       512.00
   20267.007     0.998242        10335       568.89
   20365.311     0.998437        10337       640.00
   20398.079     0.998633        10339       731.43
   20430.847     0.998828        10342       853.33
   20479.999     0.999023        10343      1024.00
   20496.383     0.999121        10345      1137.78
   20496.383     0.999219        10345      1280.00
   20512.767     0.999316        10347      1462.86
   20512.767     0.999414        10347      1706.67
   20529.151     0.999512        10349      2048.00
   20529.151     0.999561        10349      2275.56
   20529.151     0.999609        10349      2560.00
   20545.535     0.999658        10352      2925.71
   20545.535     0.999707        10352      3413.33
   20545.535     0.999756        10352      4096.00
   20545.535     0.999780        10352      4551.11
   20545.535     0.999805        10352      5120.00
   20545.535     0.999829        10352      5851.43
   20545.535     0.999854        10352      6826.67
   20545.535     0.999878        10352      8192.00
   20545.535     0.999890        10352      9102.22
   20545.535     0.999902        10352     10240.00
   20561.919     0.999915        10353     11702.86
   20561.919     1.000000        10353          inf
#[Mean    =     3384.131, StdDeviation   =     5461.565]
#[Max     =    20545.536, Total count    =        10353]
#[Buckets =           27, SubBuckets     =         2048]
----------------------------------------------------------
  11275 requests in 2.00m, 164.89MB read
Requests/sec:     93.95
Transfer/sec:      1.37MB
