Running 2m test @ http://10.108.73.23:9080/productpage
  4 threads and 10 connections
  Thread calibration: mean lat.: 851.910ms, rate sampling interval: 7450ms
  Thread calibration: mean lat.: 981.895ms, rate sampling interval: 7081ms
  Thread calibration: mean lat.: 3733.702ms, rate sampling interval: 13656ms
  Thread calibration: mean lat.: 3581.810ms, rate sampling interval: 13402ms
  Thread Stats   Avg      Stdev     Max   +/- Stdev
    Latency    23.96s    27.70s    1.40m    72.34%
    Req/Sec    19.49      6.64    28.00     73.33%
  Latency Distribution (HdrHistogram - Recorded Latency)
 50.000%    1.39s 
 75.000%    0.88m 
 90.000%    1.08m 
 99.000%    1.35m 
 99.900%    1.39m 
 99.990%    1.40m 
 99.999%    1.40m 
100.000%    1.40m 

  Detailed Percentile spectrum:
       Value   Percentile   TotalCount 1/(1-Percentile)

       9.311     0.000000            1         1.00
     168.063     0.100000          795         1.11
     497.151     0.200000         1588         1.25
     806.911     0.300000         2382         1.43
    1048.575     0.400000         3178         1.67
    1390.591     0.500000         3970         2.00
   15343.615     0.550000         4366         2.22
   25313.279     0.600000         4763         2.50
   34799.615     0.650000         5161         2.86
   46563.327     0.700000         5557         3.33
   52756.479     0.750000         5959         4.00
   56262.655     0.775000         6152         4.44
   57573.375     0.800000         6357         5.00
   58130.431     0.825000         6550         5.71
   61374.463     0.850000         6747         6.67
   63504.383     0.875000         6950         8.00
   64061.439     0.887500         7045         8.89
   64978.943     0.900000         7147        10.00
   66158.591     0.912500         7245        11.43
   66977.791     0.925000         7347        13.33
   68616.191     0.937500         7442        16.00
   70254.591     0.943750         7491        17.78
   71892.991     0.950000         7543        20.00
   73269.247     0.956250         7593        22.86
   74842.111     0.962500         7640        26.67
   76349.439     0.968750         7690        32.00
   77070.335     0.971875         7714        35.56
   77725.695     0.975000         7739        40.00
   78512.127     0.978125         7765        45.71
   79167.487     0.981250         7791        53.33
   79691.775     0.984375         7813        64.00
   80084.991     0.985938         7828        71.11
   80281.599     0.987500         7838        80.00
   80609.279     0.989062         7852        91.43
   80936.959     0.990625         7865       106.67
   81264.639     0.992188         7875       128.00
   81526.783     0.992969         7884       142.22
   81723.391     0.993750         7889       160.00
   81919.999     0.994531         7895       182.86
   82182.143     0.995313         7902       213.33
   82313.215     0.996094         7906       256.00
   82444.287     0.996484         7911       284.44
   82575.359     0.996875         7915       320.00
   82640.895     0.997266         7916       365.71
   82771.967     0.997656         7921       426.67
   82837.503     0.998047         7923       512.00
   82903.039     0.998242         7924       568.89
   82968.575     0.998437         7926       640.00
   83034.111     0.998633         7927       731.43
   83165.183     0.998828         7930       853.33
   83165.183     0.999023         7930      1024.00
   83230.719     0.999121         7931      1137.78
   83230.719     0.999219         7931      1280.00
   83361.791     0.999316         7933      1462.86
   83361.791     0.999414         7933      1706.67
   83492.863     0.999512         7934      2048.00
   83492.863     0.999561         7934      2275.56
   83492.863     0.999609         7934      2560.00
   83623.935     0.999658         7935      2925.71
   83623.935     0.999707         7935      3413.33
   83755.007     0.999756         7936      4096.00
   83755.007     0.999780         7936      4551.11
   83755.007     0.999805         7936      5120.00
   83755.007     0.999829         7936      5851.43
   83755.007     0.999854         7936      6826.67
   83951.615     0.999878         7937      8192.00
   83951.615     1.000000         7937          inf
#[Mean    =    23956.025, StdDeviation   =    27698.767]
#[Max     =    83886.080, Total count    =         7937]
#[Buckets =           27, SubBuckets     =         2048]
----------------------------------------------------------
  8581 requests in 2.00m, 125.50MB read
Requests/sec:     71.50
Transfer/sec:      1.05MB
