Running 2m test @ http://10.102.123.170:11000/a?value=1
  2 threads and 10 connections
  Thread calibration: mean lat.: 638.415ms, rate sampling interval: 3383ms
  Thread calibration: mean lat.: 263.260ms, rate sampling interval: 966ms
  Thread Stats   Avg      Stdev     Max   +/- Stdev
    Latency     2.59s     6.20s   27.89s    88.00%
    Req/Sec    73.05      4.22    87.00     77.24%
  Latency Distribution (HdrHistogram - Recorded Latency)
 50.000%  198.40ms
 75.000%  485.12ms
 90.000%   12.16s 
 99.000%   26.05s 
 99.900%   27.67s 
 99.990%   27.85s 
 99.999%   27.90s 
100.000%   27.90s 

  Detailed Percentile spectrum:
       Value   Percentile   TotalCount 1/(1-Percentile)

       9.063     0.000000            1         1.00
      11.615     0.100000         1581         1.11
      32.031     0.200000         3153         1.25
      82.239     0.300000         4733         1.43
     124.735     0.400000         6306         1.67
     198.399     0.500000         7884         2.00
     247.167     0.550000         8672         2.22
     302.591     0.600000         9459         2.50
     367.359     0.650000        10250         2.86
     428.031     0.700000        11039         3.33
     485.119     0.750000        11825         4.00
     517.631     0.775000        12219         4.44
     556.031     0.800000        12622         5.00
     632.319     0.825000        13006         5.71
    4081.663     0.850000        13400         6.67
    7827.455     0.875000        13795         8.00
   10043.391     0.887500        13991         8.89
   12156.927     0.900000        14188        10.00
   14172.159     0.912500        14385        11.43
   16064.511     0.925000        14583        13.33
   17760.255     0.937500        14780        16.00
   18776.063     0.943750        14880        17.78
   19529.727     0.950000        14976        20.00
   20758.527     0.956250        15077        22.86
   21889.023     0.962500        15174        26.67
   23035.903     0.968750        15273        32.00
   23560.191     0.971875        15323        35.56
   24035.327     0.975000        15370        40.00
   24543.231     0.978125        15422        45.71
   24887.295     0.981250        15472        53.33
   25329.663     0.984375        15520        64.00
   25444.351     0.985938        15545        71.11
   25640.959     0.987500        15569        80.00
   25837.567     0.989062        15592        91.43
   26099.711     0.990625        15617       106.67
   26329.087     0.992188        15642       128.00
   26460.159     0.992969        15654       142.22
   26558.463     0.993750        15666       160.00
   26722.303     0.994531        15678       182.86
   26886.143     0.995313        15693       213.33
   26984.447     0.996094        15704       256.00
   27033.599     0.996484        15716       284.44
   27033.599     0.996875        15716       320.00
   27082.751     0.997266        15721       365.71
   27230.207     0.997656        15728       426.67
   27426.815     0.998047        15737       512.00
   27426.815     0.998242        15737       568.89
   27492.351     0.998437        15740       640.00
   27574.271     0.998633        15743       731.43
   27623.423     0.998828        15746       853.33
   27688.959     0.999023        15749      1024.00
   27721.727     0.999121        15753      1137.78
   27721.727     0.999219        15753      1280.00
   27738.111     0.999316        15754      1462.86
   27770.879     0.999414        15756      1706.67
   27803.647     0.999512        15757      2048.00
   27820.031     0.999561        15760      2275.56
   27820.031     0.999609        15760      2560.00
   27820.031     0.999658        15760      2925.71
   27820.031     0.999707        15760      3413.33
   27852.799     0.999756        15762      4096.00
   27852.799     0.999780        15762      4551.11
   27852.799     0.999805        15762      5120.00
   27852.799     0.999829        15762      5851.43
   27852.799     0.999854        15762      6826.67
   27869.183     0.999878        15763      8192.00
   27869.183     0.999890        15763      9102.22
   27869.183     0.999902        15763     10240.00
   27869.183     0.999915        15763     11702.86
   27869.183     0.999927        15763     13653.33
   27901.951     0.999939        15764     16384.00
   27901.951     1.000000        15764          inf
#[Mean    =     2588.493, StdDeviation   =     6199.460]
#[Max     =    27885.568, Total count    =        15764]
#[Buckets =           27, SubBuckets     =         2048]
----------------------------------------------------------
  17169 requests in 2.00m, 4.06MB read
Requests/sec:    143.06
Transfer/sec:     34.65KB
