Running 2m test @ http://10.102.123.170:11000/a?value=1
  2 threads and 10 connections
  Thread calibration: mean lat.: 3225.705ms, rate sampling interval: 9879ms
  Thread calibration: mean lat.: 3308.989ms, rate sampling interval: 10338ms
  Thread Stats   Avg      Stdev     Max   +/- Stdev
    Latency    31.98s    15.48s    1.04m    58.17%
    Req/Sec    38.14      0.99    40.00     95.24%
  Latency Distribution (HdrHistogram - Recorded Latency)
 50.000%   31.69s 
 75.000%   45.32s 
 90.000%    0.89m 
 99.000%    1.00m 
 99.900%    1.03m 
 99.990%    1.04m 
 99.999%    1.04m 
100.000%    1.04m 

  Detailed Percentile spectrum:
       Value   Percentile   TotalCount 1/(1-Percentile)

    5001.215     0.000000            1         1.00
   10756.095     0.100000          851         1.11
   16048.127     0.200000         1702         1.25
   21233.663     0.300000         2552         1.43
   26443.775     0.400000         3405         1.67
   31686.655     0.500000         4255         2.00
   34275.327     0.550000         4682         2.22
   36929.535     0.600000         5106         2.50
   39780.351     0.650000         5529         2.86
   42532.863     0.700000         5959         3.33
   45318.143     0.750000         6380         4.00
   46661.631     0.775000         6595         4.44
   48070.655     0.800000         6807         5.00
   49414.143     0.825000         7020         5.71
   50823.167     0.850000         7231         6.67
   52068.351     0.875000         7443         8.00
   52789.247     0.887500         7557         8.89
   53411.839     0.900000         7659        10.00
   54034.431     0.912500         7766        11.43
   54624.255     0.925000         7872        13.33
   55410.687     0.937500         7977        16.00
   55869.439     0.943750         8032        17.78
   56393.727     0.950000         8084        20.00
   56950.783     0.956250         8137        22.86
   57507.839     0.962500         8189        26.67
   58130.431     0.968750         8244        32.00
   58392.575     0.971875         8269        35.56
   58621.951     0.975000         8296        40.00
   58884.095     0.978125         8320        45.71
   59211.775     0.981250         8347        53.33
   59506.687     0.984375         8375        64.00
   59670.527     0.985938         8389        71.11
   59801.599     0.987500         8400        80.00
   59965.439     0.989062         8413        91.43
   60129.279     0.990625         8427       106.67
   60260.351     0.992188         8440       128.00
   60358.655     0.992969         8450       142.22
   60424.191     0.993750         8456       160.00
   60522.495     0.994531         8462       182.86
   60555.263     0.995313         8467       213.33
   60686.335     0.996094         8473       256.00
   60719.103     0.996484         8477       284.44
   60817.407     0.996875         8480       320.00
   60882.943     0.997266         8485       365.71
   60948.479     0.997656         8487       426.67
   61112.319     0.998047         8490       512.00
   61210.623     0.998242         8492       568.89
   61243.391     0.998437         8493       640.00
   61407.231     0.998633         8495       731.43
   61636.607     0.998828         8497       853.33
   61669.375     0.999023         8498      1024.00
   61767.679     0.999121         8499      1137.78
   61898.751     0.999219         8500      1280.00
   61964.287     0.999316         8501      1462.86
   62062.591     0.999414         8502      1706.67
   62062.591     0.999512         8502      2048.00
   62128.127     0.999561         8504      2275.56
   62128.127     0.999609         8504      2560.00
   62128.127     0.999658         8504      2925.71
   62128.127     0.999707         8504      3413.33
   62128.127     0.999756         8504      4096.00
   62193.663     0.999780         8506      4551.11
   62193.663     1.000000         8506          inf
#[Mean    =    31976.829, StdDeviation   =    15483.361]
#[Max     =    62160.896, Total count    =         8506]
#[Buckets =           27, SubBuckets     =         2048]
----------------------------------------------------------
  9194 requests in 2.00m, 2.18MB read
Requests/sec:     76.60
Transfer/sec:     18.61KB
