Running 2m test @ http://10.97.31.177:9080/productpage
  2 threads and 4 connections
  Thread calibration: mean lat.: 4396.084ms, rate sampling interval: 15794ms
  Thread calibration: mean lat.: 4539.235ms, rate sampling interval: 15794ms
  Thread Stats   Avg      Stdev     Max   +/- Stdev
    Latency     0.95m    26.14s    1.69m    58.93%
    Req/Sec    23.33      2.05    26.00     83.33%
  Latency Distribution (HdrHistogram - Recorded Latency)
 50.000%    0.95m 
 75.000%    1.33m 
 90.000%    1.54m 
 99.000%    1.67m 
 99.900%    1.69m 
 99.990%    1.69m 
 99.999%    1.69m 
100.000%    1.69m 

  Detailed Percentile spectrum:
       Value   Percentile   TotalCount 1/(1-Percentile)

    8658.943     0.000000            1         1.00
   19775.487     0.100000          531         1.11
   30621.695     0.200000         1063         1.25
   39780.351     0.300000         1592         1.43
   48627.711     0.400000         2123         1.67
   57147.391     0.500000         2654         2.00
   61669.375     0.550000         2919         2.22
   66125.823     0.600000         3185         2.50
   70647.807     0.650000         3452         2.86
   75300.863     0.700000         3717         3.33
   79626.239     0.750000         3981         4.00
   81788.927     0.775000         4115         4.44
   83886.079     0.800000         4245         5.00
   86048.767     0.825000         4379         5.71
   88211.455     0.850000         4512         6.67
   90439.679     0.875000         4646         8.00
   91488.255     0.887500         4713         8.89
   92536.831     0.900000         4777        10.00
   93585.407     0.912500         4843        11.43
   94699.519     0.925000         4911        13.33
   95748.095     0.937500         4978        16.00
   96206.847     0.943750         5009        17.78
   96731.135     0.950000         5043        20.00
   97255.423     0.956250         5075        22.86
   97779.711     0.962500         5108        26.67
   98369.535     0.968750         5144        32.00
   98631.679     0.971875         5161        35.56
   98828.287     0.975000         5174        40.00
   99090.431     0.978125         5191        45.71
   99418.111     0.981250         5208        53.33
   99680.255     0.984375         5226        64.00
   99811.327     0.985938         5233        71.11
   99942.399     0.987500         5242        80.00
  100073.471     0.989062         5250        91.43
  100204.543     0.990625         5258       106.67
  100335.615     0.992188         5265       128.00
  100466.687     0.992969         5272       142.22
  100532.223     0.993750         5275       160.00
  100597.759     0.994531         5278       182.86
  100728.831     0.995313         5282       213.33
  100859.903     0.996094         5287       256.00
  100925.439     0.996484         5289       284.44
  100990.975     0.996875         5291       320.00
  101056.511     0.997266         5292       365.71
  101187.583     0.997656         5295       426.67
  101253.119     0.998047         5297       512.00
  101253.119     0.998242         5297       568.89
  101318.655     0.998437         5299       640.00
  101318.655     0.998633         5299       731.43
  101384.191     0.998828         5301       853.33
  101384.191     0.999023         5301      1024.00
  101449.727     0.999121         5303      1137.78
  101449.727     0.999219         5303      1280.00
  101449.727     0.999316         5303      1462.86
  101449.727     0.999414         5303      1706.67
  101515.263     0.999512         5304      2048.00
  101515.263     0.999561         5304      2275.56
  101515.263     0.999609         5304      2560.00
  101580.799     0.999658         5305      2925.71
  101580.799     0.999707         5305      3413.33
  101580.799     0.999756         5305      4096.00
  101580.799     0.999780         5305      4551.11
  101580.799     0.999805         5305      5120.00
  101646.335     0.999829         5306      5851.43
  101646.335     1.000000         5306          inf
#[Mean    =    56875.397, StdDeviation   =    26143.712]
#[Max     =   101580.800, Total count    =         5306]
#[Buckets =           27, SubBuckets     =         2048]
----------------------------------------------------------
  5698 requests in 2.00m, 83.32MB read
Requests/sec:     47.48
Transfer/sec:    710.93KB
