Running 2m test @ http://10.97.31.177:9080/productpage
  2 threads and 4 connections
  Thread calibration: mean lat.: 2543.639ms, rate sampling interval: 8560ms
  Thread calibration: mean lat.: 2441.655ms, rate sampling interval: 8368ms
  Thread Stats   Avg      Stdev     Max   +/- Stdev
    Latency    27.69s    11.44s   47.32s    59.93%
    Req/Sec    24.52      2.12    27.00     88.00%
  Latency Distribution (HdrHistogram - Recorded Latency)
 50.000%   28.36s 
 75.000%   37.42s 
 90.000%   42.63s 
 99.000%   46.07s 
 99.900%   47.25s 
 99.990%   47.35s 
 99.999%   47.35s 
100.000%   47.35s 

  Detailed Percentile spectrum:
       Value   Percentile   TotalCount 1/(1-Percentile)

    4395.007     0.000000            1         1.00
   10584.063     0.100000          550         1.11
   16383.999     0.200000         1100         1.25
   21118.975     0.300000         1652         1.43
   25001.983     0.400000         2200         1.67
   28360.703     0.500000         2749         2.00
   30113.791     0.550000         3024         2.22
   32063.487     0.600000         3301         2.50
   33947.647     0.650000         3576         2.86
   35618.815     0.700000         3852         3.33
   37421.055     0.750000         4125         4.00
   38338.559     0.775000         4264         4.44
   39321.599     0.800000         4402         5.00
   40206.335     0.825000         4539         5.71
   41025.535     0.850000         4675         6.67
   41811.967     0.875000         4815         8.00
   42172.415     0.887500         4884         8.89
   42663.935     0.900000         4956        10.00
   43057.151     0.912500         5019        11.43
   43515.903     0.925000         5087        13.33
   43876.351     0.937500         5155        16.00
   44138.495     0.943750         5196        17.78
   44302.335     0.950000         5227        20.00
   44498.943     0.956250         5259        22.86
   44859.391     0.962500         5293        26.67
   45154.303     0.968750         5331        32.00
   45252.607     0.971875         5346        35.56
   45350.911     0.975000         5361        40.00
   45481.983     0.978125         5380        45.71
   45645.823     0.981250         5399        53.33
   45776.895     0.984375         5413        64.00
   45842.431     0.985938         5421        71.11
   45940.735     0.987500         5432        80.00
   46006.271     0.989062         5440        91.43
   46170.111     0.990625         5447       106.67
   46399.487     0.992188         5456       128.00
   46530.559     0.992969         5460       142.22
   46628.863     0.993750         5465       160.00
   46759.935     0.994531         5468       182.86
   46858.239     0.995313         5474       213.33
   46923.775     0.996094         5477       256.00
   46989.311     0.996484         5480       284.44
   47022.079     0.996875         5483       320.00
   47022.079     0.997266         5483       365.71
   47153.151     0.997656         5488       426.67
   47153.151     0.998047         5488       512.00
   47185.919     0.998242         5491       568.89
   47185.919     0.998437         5491       640.00
   47185.919     0.998633         5491       731.43
   47251.455     0.998828         5493       853.33
   47251.455     0.999023         5493      1024.00
   47284.223     0.999121         5494      1137.78
   47284.223     0.999219         5494      1280.00
   47316.991     0.999316         5496      1462.86
   47316.991     0.999414         5496      1706.67
   47316.991     0.999512         5496      2048.00
   47316.991     0.999561         5496      2275.56
   47316.991     0.999609         5496      2560.00
   47349.759     0.999658         5498      2925.71
   47349.759     1.000000         5498          inf
#[Mean    =    27692.039, StdDeviation   =    11438.936]
#[Max     =    47316.992, Total count    =         5498]
#[Buckets =           27, SubBuckets     =         2048]
----------------------------------------------------------
  5923 requests in 2.00m, 86.61MB read
Requests/sec:     49.35
Transfer/sec:    739.01KB
