Running 2m test @ http://10.97.31.177:9080/productpage
  2 threads and 4 connections
  Thread calibration: mean lat.: 3427.274ms, rate sampling interval: 12328ms
  Thread calibration: mean lat.: 3655.072ms, rate sampling interval: 12460ms
  Thread Stats   Avg      Stdev     Max   +/- Stdev
    Latency    46.40s    21.76s    1.39m    58.51%
    Req/Sec    22.94      1.48    25.00    100.00%
  Latency Distribution (HdrHistogram - Recorded Latency)
 50.000%   48.04s 
 75.000%    1.08m 
 90.000%    1.26m 
 99.000%    1.36m 
 99.900%    1.38m 
 99.990%    1.39m 
 99.999%    1.39m 
100.000%    1.39m 

  Detailed Percentile spectrum:
       Value   Percentile   TotalCount 1/(1-Percentile)

    6737.919     0.000000            1         1.00
   14778.367     0.100000          522         1.11
   23560.191     0.200000         1045         1.25
   32047.103     0.300000         1566         1.43
   40173.567     0.400000         2090         1.67
   48037.887     0.500000         2611         2.00
   51544.063     0.550000         2872         2.22
   55050.239     0.600000         3133         2.50
   58458.111     0.650000         3395         2.86
   61767.679     0.700000         3654         3.33
   65077.247     0.750000         3916         4.00
   66748.415     0.775000         4046         4.44
   68419.583     0.800000         4179         5.00
   70189.055     0.825000         4308         5.71
   71827.455     0.850000         4437         6.67
   73596.927     0.875000         4570         8.00
   74514.431     0.887500         4635         8.89
   75497.471     0.900000         4698        10.00
   76414.975     0.912500         4767        11.43
   77266.943     0.925000         4833        13.33
   78053.375     0.937500         4897        16.00
   78446.591     0.943750         4930        17.78
   78839.807     0.950000         4960        20.00
   79298.559     0.956250         4997        22.86
   79626.239     0.962500         5027        26.67
   80019.455     0.968750         5057        32.00
   80216.063     0.971875         5074        35.56
   80412.671     0.975000         5090        40.00
   80674.815     0.978125         5109        45.71
   80871.423     0.981250         5123        53.33
   81133.567     0.984375         5139        64.00
   81264.639     0.985938         5148        71.11
   81461.247     0.987500         5156        80.00
   81657.855     0.989062         5163        91.43
   81919.999     0.990625         5173       106.67
   82116.607     0.992188         5183       128.00
   82182.143     0.992969         5185       142.22
   82247.679     0.993750         5188       160.00
   82378.751     0.994531         5194       182.86
   82509.823     0.995313         5199       213.33
   82575.359     0.996094         5201       256.00
   82640.895     0.996484         5204       284.44
   82640.895     0.996875         5204       320.00
   82771.967     0.997266         5207       365.71
   82837.503     0.997656         5210       426.67
   82837.503     0.998047         5210       512.00
   82903.039     0.998242         5212       568.89
   82903.039     0.998437         5212       640.00
   82968.575     0.998633         5213       731.43
   83034.111     0.998828         5215       853.33
   83034.111     0.999023         5215      1024.00
   83165.183     0.999121         5217      1137.78
   83165.183     0.999219         5217      1280.00
   83165.183     0.999316         5217      1462.86
   83165.183     0.999414         5217      1706.67
   83230.719     0.999512         5218      2048.00
   83230.719     0.999561         5218      2275.56
   83230.719     0.999609         5218      2560.00
   83296.255     0.999658         5219      2925.71
   83296.255     0.999707         5219      3413.33
   83296.255     0.999756         5219      4096.00
   83296.255     0.999780         5219      4551.11
   83296.255     0.999805         5219      5120.00
   83361.791     0.999829         5220      5851.43
   83361.791     1.000000         5220          inf
#[Mean    =    46397.736, StdDeviation   =    21761.596]
#[Max     =    83296.256, Total count    =         5220]
#[Buckets =           27, SubBuckets     =         2048]
----------------------------------------------------------
  5690 requests in 2.00m, 83.21MB read
Requests/sec:     47.41
Transfer/sec:    709.90KB
