Running 3m test @ http://10.105.92.109:11003/d?value=1
  4 threads and 10 connections
  Thread calibration: mean lat.: 11.858ms, rate sampling interval: 34ms
  Thread calibration: mean lat.: 13.855ms, rate sampling interval: 93ms
  Thread calibration: mean lat.: 11.791ms, rate sampling interval: 30ms
  Thread calibration: mean lat.: 16.502ms, rate sampling interval: 95ms
  Thread Stats   Avg      Stdev     Max   +/- Stdev
    Latency    13.89ms   14.19ms  92.54ms   86.85%
    Req/Sec    12.47     19.42    68.00     83.54%
  Latency Distribution (HdrHistogram - Recorded Latency)
 50.000%    6.53ms
 75.000%   16.04ms
 90.000%   46.91ms
 99.000%   50.56ms
 99.900%   52.70ms
 99.990%   90.62ms
 99.999%   92.61ms
100.000%   92.61ms

  Detailed Percentile spectrum:
       Value   Percentile   TotalCount 1/(1-Percentile)

       2.653     0.000000            1         1.00
       3.909     0.100000          851         1.11
       4.303     0.200000         1708         1.25
       4.663     0.300000         2554         1.43
       5.131     0.400000         3399         1.67
       6.535     0.500000         4249         2.00
      11.847     0.550000         4680         2.22
      12.415     0.600000         5104         2.50
      13.199     0.650000         5527         2.86
      13.959     0.700000         5949         3.33
      16.039     0.750000         6374         4.00
      16.831     0.775000         6588         4.44
      17.311     0.800000         6798         5.00
      17.999     0.825000         7015         5.71
      19.071     0.850000         7223         6.67
      45.695     0.875000         7436         8.00
      46.559     0.887500         7549         8.89
      46.911     0.900000         7660        10.00
      47.167     0.912500         7759        11.43
      47.391     0.925000         7866        13.33
      47.711     0.937500         7980        16.00
      47.839     0.943750         8022        17.78
      48.031     0.950000         8074        20.00
      48.351     0.956250         8131        22.86
      48.639     0.962500         8182        26.67
      48.927     0.968750         8233        32.00
      49.087     0.971875         8262        35.56
      49.279     0.975000         8286        40.00
      49.503     0.978125         8318        45.71
      49.663     0.981250         8341        53.33
      49.919     0.984375         8369        64.00
      50.079     0.985938         8378        71.11
      50.303     0.987500         8391        80.00
      50.495     0.989062         8408        91.43
      50.623     0.990625         8418       106.67
      50.815     0.992188         8431       128.00
      50.943     0.992969         8441       142.22
      50.975     0.993750         8444       160.00
      51.103     0.994531         8452       182.86
      51.199     0.995313         8459       213.33
      51.295     0.996094         8466       256.00
      51.423     0.996484         8469       284.44
      51.519     0.996875         8471       320.00
      51.647     0.997266         8474       365.71
      51.711     0.997656         8478       426.67
      51.871     0.998047         8481       512.00
      52.127     0.998242         8483       568.89
      52.191     0.998437         8484       640.00
      52.383     0.998633         8486       731.43
      52.639     0.998828         8488       853.33
      52.703     0.999023         8489      1024.00
      52.735     0.999121         8490      1137.78
      52.799     0.999219         8491      1280.00
      52.991     0.999316         8492      1462.86
      53.375     0.999414         8493      1706.67
      53.375     0.999512         8493      2048.00
      88.319     0.999561         8494      2275.56
      88.319     0.999609         8494      2560.00
      89.087     0.999658         8495      2925.71
      89.087     0.999707         8495      3413.33
      89.087     0.999756         8495      4096.00
      90.623     0.999780         8496      4551.11
      90.623     0.999805         8496      5120.00
      90.623     0.999829         8496      5851.43
      90.623     0.999854         8496      6826.67
      90.623     0.999878         8496      8192.00
      92.607     0.999890         8497      9102.22
      92.607     1.000000         8497          inf
#[Mean    =       13.890, StdDeviation   =       14.189]
#[Max     =       92.544, Total count    =         8497]
#[Buckets =           27, SubBuckets     =         2048]
----------------------------------------------------------
  9003 requests in 3.00m, 2.12MB read
Requests/sec:     50.01
Transfer/sec:     12.08KB
