Running 3m test @ http://10.105.92.109:11003/d?value=1
  4 threads and 10 connections
  Thread calibration: mean lat.: 14.816ms, rate sampling interval: 79ms
  Thread calibration: mean lat.: 13.508ms, rate sampling interval: 37ms
  Thread calibration: mean lat.: 14.442ms, rate sampling interval: 38ms
  Thread calibration: mean lat.: 15.749ms, rate sampling interval: 43ms
  Thread Stats   Avg      Stdev     Max   +/- Stdev
    Latency    14.29ms   10.18ms  87.55ms   81.53%
    Req/Sec    25.03     21.41    81.00     41.91%
  Latency Distribution (HdrHistogram - Recorded Latency)
 50.000%   13.38ms
 75.000%   17.33ms
 90.000%   20.85ms
 99.000%   48.29ms
 99.900%   49.73ms
 99.990%   54.75ms
 99.999%   87.61ms
100.000%   87.61ms

  Detailed Percentile spectrum:
       Value   Percentile   TotalCount 1/(1-Percentile)

       2.663     0.000000            1         1.00
       3.957     0.100000         1702         1.11
       4.711     0.200000         3406         1.25
      10.447     0.300000         5103         1.43
      12.135     0.400000         6821         1.67
      13.383     0.500000         8501         2.00
      13.935     0.550000         9349         2.22
      14.759     0.600000        10199         2.50
      15.559     0.650000        11051         2.86
      16.479     0.700000        11902         3.33
      17.327     0.750000        12748         4.00
      17.743     0.775000        13184         4.44
      18.175     0.800000        13601         5.00
      18.703     0.825000        14037         5.71
      19.215     0.850000        14453         6.67
      19.951     0.875000        14874         8.00
      20.367     0.887500        15088         8.89
      20.847     0.900000        15298        10.00
      21.471     0.912500        15514        11.43
      22.335     0.925000        15725        13.33
      44.479     0.937500        15935        16.00
      46.143     0.943750        16046        17.78
      46.559     0.950000        16155        20.00
      46.783     0.956250        16260        22.86
      46.975     0.962500        16372        26.67
      47.167     0.968750        16482        32.00
      47.231     0.971875        16524        35.56
      47.423     0.975000        16578        40.00
      47.583     0.978125        16637        45.71
      47.743     0.981250        16682        53.33
      47.935     0.984375        16745        64.00
      47.999     0.985938        16763        71.11
      48.127     0.987500        16788        80.00
      48.223     0.989062        16816        91.43
      48.319     0.990625        16838       106.67
      48.479     0.992188        16865       128.00
      48.575     0.992969        16880       142.22
      48.639     0.993750        16892       160.00
      48.767     0.994531        16907       182.86
      48.895     0.995313        16921       213.33
      49.023     0.996094        16934       256.00
      49.055     0.996484        16941       284.44
      49.087     0.996875        16946       320.00
      49.151     0.997266        16951       365.71
      49.279     0.997656        16959       426.67
      49.375     0.998047        16967       512.00
      49.439     0.998242        16968       568.89
      49.471     0.998437        16972       640.00
      49.503     0.998633        16975       731.43
      49.631     0.998828        16978       853.33
      49.727     0.999023        16981      1024.00
      49.791     0.999121        16984      1137.78
      49.791     0.999219        16984      1280.00
      49.823     0.999316        16986      1462.86
      50.047     0.999414        16988      1706.67
      50.079     0.999512        16989      2048.00
      50.143     0.999561        16990      2275.56
      50.207     0.999609        16991      2560.00
      50.239     0.999658        16992      2925.71
      50.367     0.999707        16994      3413.33
      50.367     0.999756        16994      4096.00
      50.367     0.999780        16994      4551.11
      50.367     0.999805        16994      5120.00
      54.751     0.999829        16995      5851.43
      54.751     0.999854        16995      6826.67
      54.751     0.999878        16995      8192.00
      60.127     0.999890        16996      9102.22
      60.127     0.999902        16996     10240.00
      60.127     0.999915        16996     11702.86
      60.127     0.999927        16996     13653.33
      60.127     0.999939        16996     16384.00
      87.615     0.999945        16997     18204.44
      87.615     1.000000        16997          inf
#[Mean    =       14.290, StdDeviation   =       10.184]
#[Max     =       87.552, Total count    =        16997]
#[Buckets =           27, SubBuckets     =         2048]
----------------------------------------------------------
  18004 requests in 3.00m, 4.25MB read
Requests/sec:    100.01
Transfer/sec:     24.18KB
