Running 3m test @ http://10.105.92.109:11003/d?value=1
  4 threads and 10 connections
  Thread calibration: mean lat.: 14.902ms, rate sampling interval: 80ms
  Thread calibration: mean lat.: 15.482ms, rate sampling interval: 93ms
  Thread calibration: mean lat.: 12.490ms, rate sampling interval: 29ms
  Thread calibration: mean lat.: 15.657ms, rate sampling interval: 93ms
  Thread Stats   Avg      Stdev     Max   +/- Stdev
    Latency    13.98ms   12.90ms  94.27ms   89.11%
    Req/Sec    50.10     19.44    87.00     78.74%
  Latency Distribution (HdrHistogram - Recorded Latency)
 50.000%   11.66ms
 75.000%   14.65ms
 90.000%   45.63ms
 99.000%   53.50ms
 99.900%   62.53ms
 99.990%   88.00ms
 99.999%   94.33ms
100.000%   94.33ms

  Detailed Percentile spectrum:
       Value   Percentile   TotalCount 1/(1-Percentile)

       2.419     0.000000            1         1.00
       3.905     0.100000         3405         1.11
       4.379     0.200000         6818         1.25
       5.007     0.300000        10213         1.43
      10.151     0.400000        13604         1.67
      11.663     0.500000        17018         2.00
      12.087     0.550000        18723         2.22
      12.519     0.600000        20420         2.50
      13.079     0.650000        22099         2.86
      13.663     0.700000        23809         3.33
      14.655     0.750000        25499         4.00
      15.527     0.775000        26353         4.44
      16.383     0.800000        27200         5.00
      17.023     0.825000        28050         5.71
      18.047     0.850000        28905         6.67
      21.231     0.875000        29750         8.00
      24.271     0.887500        30174         8.89
      45.631     0.900000        30610        10.00
      46.175     0.912500        31031        11.43
      46.527     0.925000        31469        13.33
      46.847     0.937500        31906        16.00
      47.039     0.943750        32117        17.78
      47.263     0.950000        32320        20.00
      47.615     0.956250        32511        22.86
      47.999     0.962500        32730        26.67
      48.383     0.968750        32941        32.00
      48.639     0.971875        33049        35.56
      48.959     0.975000        33149        40.00
      49.631     0.978125        33263        45.71
      51.103     0.981250        33361        53.33
      52.191     0.984375        33469        64.00
      52.575     0.985938        33525        71.11
      52.927     0.987500        33578        80.00
      53.279     0.989062        33630        91.43
      53.727     0.990625        33680       106.67
      54.303     0.992188        33734       128.00
      54.463     0.992969        33762       142.22
      54.879     0.993750        33789       160.00
      55.199     0.994531        33813       182.86
      56.031     0.995313        33840       213.33
      57.215     0.996094        33866       256.00
      57.727     0.996484        33879       284.44
      58.335     0.996875        33892       320.00
      58.911     0.997266        33906       365.71
      59.359     0.997656        33919       426.67
      60.095     0.998047        33932       512.00
      60.351     0.998242        33940       568.89
      60.831     0.998437        33945       640.00
      61.535     0.998633        33952       731.43
      61.983     0.998828        33959       853.33
      62.655     0.999023        33965      1024.00
      64.607     0.999121        33969      1137.78
      64.831     0.999219        33972      1280.00
      65.535     0.999316        33975      1462.86
      66.047     0.999414        33979      1706.67
      67.711     0.999512        33982      2048.00
      67.903     0.999561        33984      2275.56
      68.095     0.999609        33985      2560.00
      70.527     0.999658        33987      2925.71
      73.727     0.999707        33989      3413.33
      74.943     0.999756        33990      4096.00
      77.439     0.999780        33991      4551.11
      78.911     0.999805        33992      5120.00
      79.679     0.999829        33993      5851.43
      82.623     0.999854        33994      6826.67
      82.623     0.999878        33994      8192.00
      87.999     0.999890        33995      9102.22
      87.999     0.999902        33995     10240.00
      89.727     0.999915        33996     11702.86
      89.727     0.999927        33996     13653.33
      89.727     0.999939        33996     16384.00
      92.863     0.999945        33997     18204.44
      92.863     0.999951        33997     20480.00
      92.863     0.999957        33997     23405.71
      92.863     0.999963        33997     27306.67
      92.863     0.999969        33997     32768.00
      94.335     0.999973        33998     36408.89
      94.335     1.000000        33998          inf
#[Mean    =       13.982, StdDeviation   =       12.903]
#[Max     =       94.272, Total count    =        33998]
#[Buckets =           27, SubBuckets     =         2048]
----------------------------------------------------------
  36003 requests in 3.00m, 8.49MB read
Requests/sec:    200.00
Transfer/sec:     48.32KB
