Running 3m test @ http://10.105.92.109:11003/d?value=1
  4 threads and 10 connections
  Thread calibration: mean lat.: 16.414ms, rate sampling interval: 91ms
  Thread calibration: mean lat.: 15.782ms, rate sampling interval: 92ms
  Thread calibration: mean lat.: 13.633ms, rate sampling interval: 33ms
  Thread calibration: mean lat.: 14.893ms, rate sampling interval: 38ms
  Thread Stats   Avg      Stdev     Max   +/- Stdev
    Latency    14.01ms    9.89ms  58.66ms   86.97%
    Req/Sec    37.52     19.01    81.00     68.55%
  Latency Distribution (HdrHistogram - Recorded Latency)
 50.000%   13.55ms
 75.000%   16.28ms
 90.000%   18.58ms
 99.000%   48.64ms
 99.900%   50.43ms
 99.990%   54.94ms
 99.999%   58.69ms
100.000%   58.69ms

  Detailed Percentile spectrum:
       Value   Percentile   TotalCount 1/(1-Percentile)

       2.669     0.000000            1         1.00
       4.351     0.100000         2556         1.11
       5.051     0.200000         5109         1.25
      10.647     0.300000         7651         1.43
      12.463     0.400000        10211         1.67
      13.551     0.500000        12751         2.00
      14.047     0.550000        14037         2.22
      14.559     0.600000        15309         2.50
      15.119     0.650000        16577         2.86
      15.687     0.700000        17862         3.33
      16.279     0.750000        19136         4.00
      16.591     0.775000        19791         4.44
      16.895     0.800000        20412         5.00
      17.215     0.825000        21058         5.71
      17.551     0.850000        21678         6.67
      17.983     0.875000        22320         8.00
      18.271     0.887500        22636         8.89
      18.575     0.900000        22960        10.00
      18.975     0.912500        23267        11.43
      19.599     0.925000        23588        13.33
      29.679     0.937500        23904        16.00
      45.983     0.943750        24074        17.78
      46.303     0.950000        24242        20.00
      46.527     0.956250        24401        22.86
      46.815     0.962500        24557        26.67
      47.167     0.968750        24722        32.00
      47.295     0.971875        24787        35.56
      47.487     0.975000        24865        40.00
      47.711     0.978125        24941        45.71
      47.903     0.981250        25026        53.33
      48.063     0.984375        25099        64.00
      48.223     0.985938        25153        71.11
      48.351     0.987500        25187        80.00
      48.511     0.989062        25224        91.43
      48.703     0.990625        25262       106.67
      48.863     0.992188        25299       128.00
      48.991     0.992969        25324       142.22
      49.087     0.993750        25339       160.00
      49.215     0.994531        25360       182.86
      49.343     0.995313        25382       213.33
      49.471     0.996094        25400       256.00
      49.567     0.996484        25411       284.44
      49.695     0.996875        25420       320.00
      49.823     0.997266        25429       365.71
      49.919     0.997656        25439       426.67
      50.047     0.998047        25448       512.00
      50.175     0.998242        25454       568.89
      50.207     0.998437        25458       640.00
      50.367     0.998633        25466       731.43
      50.431     0.998828        25472       853.33
      50.463     0.999023        25473      1024.00
      50.495     0.999121        25475      1137.78
      50.655     0.999219        25478      1280.00
      50.719     0.999316        25482      1462.86
      50.783     0.999414        25483      1706.67
      50.815     0.999512        25485      2048.00
      50.847     0.999561        25486      2275.56
      51.071     0.999609        25488      2560.00
      51.423     0.999658        25489      2925.71
      53.119     0.999707        25490      3413.33
      53.311     0.999756        25491      4096.00
      53.983     0.999780        25492      4551.11
      54.335     0.999805        25493      5120.00
      54.335     0.999829        25493      5851.43
      54.943     0.999854        25494      6826.67
      54.943     0.999878        25494      8192.00
      55.551     0.999890        25495      9102.22
      55.551     0.999902        25495     10240.00
      55.551     0.999915        25495     11702.86
      56.671     0.999927        25496     13653.33
      56.671     0.999939        25496     16384.00
      56.671     0.999945        25496     18204.44
      56.671     0.999951        25496     20480.00
      56.671     0.999957        25496     23405.71
      58.687     0.999963        25497     27306.67
      58.687     1.000000        25497          inf
#[Mean    =       14.013, StdDeviation   =        9.891]
#[Max     =       58.656, Total count    =        25497]
#[Buckets =           27, SubBuckets     =         2048]
----------------------------------------------------------
  27003 requests in 3.00m, 6.38MB read
Requests/sec:    150.00
Transfer/sec:     36.27KB
