Running 2m test @ http://10.102.123.170:11000/a?value=1
  2 threads and 10 connections
  Thread calibration: mean lat.: 71.971ms, rate sampling interval: 285ms
  Thread calibration: mean lat.: 67.643ms, rate sampling interval: 197ms
  Thread Stats   Avg      Stdev     Max   +/- Stdev
    Latency    91.15ms  132.75ms   1.03s    94.11%
    Req/Sec    74.73      7.16    96.00     77.39%
  Latency Distribution (HdrHistogram - Recorded Latency)
 50.000%   60.06ms
 75.000%   77.25ms
 90.000%  111.68ms
 99.000%  734.21ms
 99.900%    1.00s 
 99.990%    1.03s 
 99.999%    1.03s 
100.000%    1.03s 

  Detailed Percentile spectrum:
       Value   Percentile   TotalCount 1/(1-Percentile)

       8.871     0.000000            1         1.00
      26.287     0.100000         1650         1.11
      44.031     0.200000         3303         1.25
      49.983     0.300000         4953         1.43
      55.551     0.400000         6601         1.67
      60.063     0.500000         8247         2.00
      62.815     0.550000         9077         2.22
      66.111     0.600000         9901         2.50
      69.439     0.650000        10733         2.86
      72.959     0.700000        11548         3.33
      77.247     0.750000        12374         4.00
      79.679     0.775000        12789         4.44
      82.879     0.800000        13206         5.00
      86.335     0.825000        13609         5.71
      91.135     0.850000        14026         6.67
      98.495     0.875000        14434         8.00
     103.359     0.887500        14643         8.89
     111.679     0.900000        14846        10.00
     127.167     0.912500        15051        11.43
     152.191     0.925000        15257        13.33
     209.151     0.937500        15464        16.00
     247.423     0.943750        15567        17.78
     305.151     0.950000        15671        20.00
     388.863     0.956250        15773        22.86
     485.119     0.962500        15877        26.67
     603.647     0.968750        15979        32.00
     629.247     0.971875        16031        35.56
     650.239     0.975000        16082        40.00
     667.135     0.978125        16135        45.71
     678.399     0.981250        16185        53.33
     700.927     0.984375        16239        64.00
     708.607     0.985938        16263        71.11
     716.287     0.987500        16289        80.00
     728.575     0.989062        16316        91.43
     744.959     0.990625        16340       106.67
     761.855     0.992188        16366       128.00
     775.167     0.992969        16379       142.22
     815.615     0.993750        16391       160.00
     843.263     0.994531        16405       182.86
     880.127     0.995313        16417       213.33
     923.135     0.996094        16431       256.00
     929.279     0.996484        16437       284.44
     938.495     0.996875        16443       320.00
     943.615     0.997266        16449       365.71
     953.343     0.997656        16456       426.67
     966.143     0.998047        16462       512.00
     974.335     0.998242        16467       568.89
     976.383     0.998437        16469       640.00
     981.503     0.998633        16472       731.43
     996.351     0.998828        16476       853.33
    1004.031     0.999023        16478      1024.00
    1009.663     0.999121        16480      1137.78
    1015.295     0.999219        16482      1280.00
    1016.319     0.999316        16483      1462.86
    1017.855     0.999414        16485      1706.67
    1019.903     0.999512        16486      2048.00
    1020.415     0.999561        16487      2275.56
    1022.463     0.999609        16488      2560.00
    1023.487     0.999658        16489      2925.71
    1024.511     0.999707        16490      3413.33
    1024.511     0.999756        16490      4096.00
    1025.023     0.999780        16492      4551.11
    1025.023     0.999805        16492      5120.00
    1025.023     0.999829        16492      5851.43
    1025.023     0.999854        16492      6826.67
    1025.023     0.999878        16492      8192.00
    1032.191     0.999890        16494      9102.22
    1032.191     1.000000        16494          inf
#[Mean    =       91.153, StdDeviation   =      132.755]
#[Max     =     1031.680, Total count    =        16494]
#[Buckets =           27, SubBuckets     =         2048]
----------------------------------------------------------
  17995 requests in 2.00m, 4.26MB read
Requests/sec:    149.94
Transfer/sec:     36.31KB
