Running 3m test @ http://10.105.92.109:11003/d?value=1
  4 threads and 10 connections
  Thread calibration: mean lat.: 14.011ms, rate sampling interval: 39ms
  Thread calibration: mean lat.: 16.450ms, rate sampling interval: 65ms
  Thread calibration: mean lat.: 12.506ms, rate sampling interval: 37ms
  Thread calibration: mean lat.: 16.447ms, rate sampling interval: 66ms
  Thread Stats   Avg      Stdev     Max   +/- Stdev
    Latency    14.81ms    7.58ms  39.52ms   72.12%
    Req/Sec    12.49     18.64    55.00     87.99%
  Latency Distribution (HdrHistogram - Recorded Latency)
 50.000%   14.18ms
 75.000%   18.22ms
 90.000%   21.33ms
 99.000%   35.42ms
 99.900%   37.79ms
 99.990%   39.55ms
 99.999%   39.55ms
100.000%   39.55ms

  Detailed Percentile spectrum:
       Value   Percentile   TotalCount 1/(1-Percentile)

       2.537     0.000000            1         1.00
       4.479     0.100000          850         1.11
       9.903     0.200000         1700         1.25
      11.847     0.300000         2551         1.43
      12.935     0.400000         3401         1.67
      14.175     0.500000         4251         2.00
      15.167     0.550000         4674         2.22
      16.135     0.600000         5101         2.50
      16.911     0.650000         5528         2.86
      17.583     0.700000         5952         3.33
      18.223     0.750000         6376         4.00
      18.559     0.775000         6587         4.44
      18.879     0.800000         6801         5.00
      19.279     0.825000         7016         5.71
      19.695     0.850000         7232         6.67
      20.287     0.875000         7434         8.00
      20.703     0.887500         7542         8.89
      21.343     0.900000         7648        10.00
      22.239     0.912500         7753        11.43
      31.071     0.925000         7860        13.33
      32.655     0.937500         7966        16.00
      33.055     0.943750         8019        17.78
      33.343     0.950000         8075        20.00
      33.631     0.956250         8126        22.86
      33.951     0.962500         8185        26.67
      34.239     0.968750         8232        32.00
      34.399     0.971875         8262        35.56
      34.559     0.975000         8287        40.00
      34.687     0.978125         8315        45.71
      34.847     0.981250         8337        53.33
      35.071     0.984375         8365        64.00
      35.135     0.985938         8378        71.11
      35.231     0.987500         8393        80.00
      35.359     0.989062         8404        91.43
      35.551     0.990625         8418       106.67
      35.679     0.992188         8433       128.00
      35.775     0.992969         8437       142.22
      35.903     0.993750         8444       160.00
      36.063     0.994531         8451       182.86
      36.255     0.995313         8457       213.33
      36.351     0.996094         8465       256.00
      36.447     0.996484         8467       284.44
      36.575     0.996875         8470       320.00
      36.639     0.997266         8474       365.71
      36.735     0.997656         8477       426.67
      37.087     0.998047         8480       512.00
      37.119     0.998242         8482       568.89
      37.311     0.998437         8483       640.00
      37.407     0.998633         8485       731.43
      37.663     0.998828         8487       853.33
      37.791     0.999023         8488      1024.00
      37.823     0.999121         8489      1137.78
      37.919     0.999219         8490      1280.00
      38.079     0.999316         8491      1462.86
      38.591     0.999414         8492      1706.67
      38.591     0.999512         8492      2048.00
      38.655     0.999561         8493      2275.56
      38.655     0.999609         8493      2560.00
      39.391     0.999658         8494      2925.71
      39.391     0.999707         8494      3413.33
      39.391     0.999756         8494      4096.00
      39.551     0.999780         8496      4551.11
      39.551     1.000000         8496          inf
#[Mean    =       14.806, StdDeviation   =        7.579]
#[Max     =       39.520, Total count    =         8496]
#[Buckets =           27, SubBuckets     =         2048]
----------------------------------------------------------
  9004 requests in 3.00m, 2.13MB read
Requests/sec:     50.02
Transfer/sec:     12.10KB
