Running 2m test @ http://10.97.31.177:9080/productpage
  2 threads and 10 connections
  Thread calibration: mean lat.: 909.236ms, rate sampling interval: 4395ms
  Thread calibration: mean lat.: 841.230ms, rate sampling interval: 3213ms
  Thread Stats   Avg      Stdev     Max   +/- Stdev
    Latency     7.27s     5.43s   25.02s    69.33%
    Req/Sec    44.19      2.29    49.00     86.44%
  Latency Distribution (HdrHistogram - Recorded Latency)
 50.000%    6.29s 
 75.000%   10.89s 
 90.000%   13.80s 
 99.000%   23.53s 
 99.900%   24.85s 
 99.990%   25.02s 
 99.999%   25.03s 
100.000%   25.03s 

  Detailed Percentile spectrum:
       Value   Percentile   TotalCount 1/(1-Percentile)

      30.767     0.000000            1         1.00
     982.527     0.100000          981         1.11
    2314.239     0.200000         1966         1.25
    3192.831     0.300000         2944         1.43
    4866.047     0.400000         3925         1.67
    6291.455     0.500000         4905         2.00
    7143.423     0.550000         5392         2.22
    8044.543     0.600000         5882         2.50
    9035.775     0.650000         6373         2.86
   10174.463     0.700000         6864         3.33
   10887.167     0.750000         7353         4.00
   11198.463     0.775000         7602         4.44
   11706.367     0.800000         7845         5.00
   12189.695     0.825000         8088         5.71
   12713.983     0.850000         8333         6.67
   13410.303     0.875000         8579         8.00
   13647.871     0.887500         8703         8.89
   13795.327     0.900000         8829        10.00
   13942.783     0.912500         8949        11.43
   14344.191     0.925000         9068        13.33
   16154.623     0.937500         9191        16.00
   17203.199     0.943750         9252        17.78
   17891.327     0.950000         9313        20.00
   18808.831     0.956250         9379        22.86
   19906.559     0.962500         9436        26.67
   20627.455     0.968750         9498        32.00
   21151.743     0.971875         9528        35.56
   21692.415     0.975000         9559        40.00
   22102.015     0.978125         9589        45.71
   22462.463     0.981250         9620        53.33
   22872.063     0.984375         9650        64.00
   23101.439     0.985938         9666        71.11
   23298.047     0.987500         9683        80.00
   23412.735     0.989062         9697        91.43
   23625.727     0.990625         9712       106.67
   23838.719     0.992188         9728       128.00
   23904.255     0.992969         9735       142.22
   23969.791     0.993750         9742       160.00
   24035.327     0.994531         9750       182.86
   24264.703     0.995313         9759       213.33
   24330.239     0.996094         9765       256.00
   24346.623     0.996484         9770       284.44
   24412.159     0.996875         9774       320.00
   24494.079     0.997266         9778       365.71
   24526.847     0.997656         9782       426.67
   24641.535     0.998047         9784       512.00
   24690.687     0.998242         9786       568.89
   24723.455     0.998437         9788       640.00
   24821.759     0.998633         9790       731.43
   24854.527     0.998828         9794       853.33
   24854.527     0.999023         9794      1024.00
   24887.295     0.999121         9795      1137.78
   24920.063     0.999219         9798      1280.00
   24920.063     0.999316         9798      1462.86
   24920.063     0.999414         9798      1706.67
   24969.215     0.999512         9799      2048.00
   24969.215     0.999561         9799      2275.56
   25001.983     0.999609         9801      2560.00
   25001.983     0.999658         9801      2925.71
   25001.983     0.999707         9801      3413.33
   25001.983     0.999756         9801      4096.00
   25001.983     0.999780         9801      4551.11
   25018.367     0.999805         9802      5120.00
   25018.367     0.999829         9802      5851.43
   25018.367     0.999854         9802      6826.67
   25018.367     0.999878         9802      8192.00
   25018.367     0.999890         9802      9102.22
   25034.751     0.999902         9803     10240.00
   25034.751     1.000000         9803          inf
#[Mean    =     7268.497, StdDeviation   =     5429.687]
#[Max     =    25018.368, Total count    =         9803]
#[Buckets =           27, SubBuckets     =         2048]
----------------------------------------------------------
  10660 requests in 2.00m, 155.89MB read
Requests/sec:     88.83
Transfer/sec:      1.30MB
