Running 2m test @ http://10.97.31.177:9080/productpage
  2 threads and 10 connections
  Thread calibration: mean lat.: 2663.739ms, rate sampling interval: 9084ms
  Thread calibration: mean lat.: 2617.118ms, rate sampling interval: 9052ms
  Thread Stats   Avg      Stdev     Max   +/- Stdev
    Latency    28.73s    13.25s    1.00m    60.10%
    Req/Sec    42.75      2.38    47.00     83.33%
  Latency Distribution (HdrHistogram - Recorded Latency)
 50.000%   28.46s 
 75.000%   39.58s 
 90.000%   46.79s 
 99.000%    0.94m 
 99.900%    0.99m 
 99.990%    1.00m 
 99.999%    1.00m 
100.000%    1.00m 

  Detailed Percentile spectrum:
       Value   Percentile   TotalCount 1/(1-Percentile)

    4653.055     0.000000            1         1.00
   10248.191     0.100000          956         1.11
   15704.063     0.200000         1907         1.25
   20168.703     0.300000         2860         1.43
   24657.919     0.400000         3815         1.67
   28459.007     0.500000         4766         2.00
   30457.855     0.550000         5242         2.22
   32587.775     0.600000         5714         2.50
   34799.615     0.650000         6196         2.86
   37191.679     0.700000         6668         3.33
   39583.743     0.750000         7144         4.00
   40927.231     0.775000         7385         4.44
   42237.951     0.800000         7622         5.00
   43352.063     0.825000         7862         5.71
   44466.175     0.850000         8099         6.67
   45547.519     0.875000         8338         8.00
   46170.111     0.887500         8452         8.89
   46792.703     0.900000         8573        10.00
   47415.295     0.912500         8695        11.43
   48005.119     0.925000         8814        13.33
   48529.407     0.937500         8929        16.00
   48791.551     0.943750         8988        17.78
   49086.463     0.950000         9052        20.00
   49414.143     0.956250         9113        22.86
   49840.127     0.962500         9167        26.67
   50593.791     0.968750         9226        32.00
   51216.383     0.971875         9256        35.56
   51740.671     0.975000         9287        40.00
   52559.871     0.978125         9315        45.71
   53542.911     0.981250         9345        53.33
   54394.879     0.984375         9375        64.00
   54853.631     0.985938         9390        71.11
   55410.687     0.987500         9405        80.00
   55902.207     0.989062         9420        91.43
   56459.263     0.990625         9434       106.67
   56852.479     0.992188         9449       128.00
   57049.087     0.992969         9458       142.22
   57376.767     0.993750         9465       160.00
   57606.143     0.994531         9471       182.86
   57769.983     0.995313         9480       213.33
   57966.591     0.996094         9486       256.00
   58163.199     0.996484         9491       284.44
   58294.271     0.996875         9494       320.00
   58556.415     0.997266         9497       365.71
   58818.559     0.997656         9501       426.67
   58884.095     0.998047         9505       512.00
   59080.703     0.998242         9507       568.89
   59179.007     0.998437         9509       640.00
   59211.775     0.998633         9510       731.43
   59310.079     0.998828         9512       853.33
   59375.615     0.999023         9514      1024.00
   59408.383     0.999121         9516      1137.78
   59408.383     0.999219         9516      1280.00
   59473.919     0.999316         9517      1462.86
   59506.687     0.999414         9518      1706.67
   59637.759     0.999512         9519      2048.00
   59637.759     0.999561         9519      2275.56
   59670.527     0.999609         9520      2560.00
   59670.527     0.999658         9520      2925.71
   59736.063     0.999707         9522      3413.33
   59736.063     0.999756         9522      4096.00
   59736.063     0.999780         9522      4551.11
   59736.063     0.999805         9522      5120.00
   59736.063     0.999829         9522      5851.43
   59736.063     0.999854         9522      6826.67
   59736.063     0.999878         9522      8192.00
   59736.063     0.999890         9522      9102.22
   59801.599     0.999902         9523     10240.00
   59801.599     1.000000         9523          inf
#[Mean    =    28727.318, StdDeviation   =    13251.169]
#[Max     =    59768.832, Total count    =         9523]
#[Buckets =           27, SubBuckets     =         2048]
----------------------------------------------------------
  10288 requests in 2.00m, 150.45MB read
Requests/sec:     85.72
Transfer/sec:      1.25MB
