Running 2m test @ http://10.102.123.170:11000/a?value=1
  2 threads and 10 connections
  Thread calibration: mean lat.: 35.608ms, rate sampling interval: 109ms
  Thread calibration: mean lat.: 36.402ms, rate sampling interval: 113ms
  Thread Stats   Avg      Stdev     Max   +/- Stdev
    Latency    28.46ms    8.00ms  67.52ms   67.99%
    Req/Sec    14.85     19.78    46.00     71.45%
  Latency Distribution (HdrHistogram - Recorded Latency)
 50.000%   28.59ms
 75.000%   33.76ms
 90.000%   38.91ms
 99.000%   47.55ms
 99.900%   53.18ms
 99.990%   67.58ms
 99.999%   67.58ms
100.000%   67.58ms

  Detailed Percentile spectrum:
       Value   Percentile   TotalCount 1/(1-Percentile)

      10.239     0.000000            1         1.00
      18.287     0.100000          330         1.11
      21.391     0.200000          663         1.25
      23.999     0.300000          991         1.43
      26.623     0.400000         1320         1.67
      28.591     0.500000         1651         2.00
      29.359     0.550000         1819         2.22
      30.175     0.600000         1981         2.50
      31.247     0.650000         2145         2.86
      32.351     0.700000         2310         3.33
      33.791     0.750000         2477         4.00
      34.431     0.775000         2558         4.44
      35.167     0.800000         2642         5.00
      35.967     0.825000         2723         5.71
      36.799     0.850000         2805         6.67
      37.695     0.875000         2887         8.00
      38.239     0.887500         2929         8.89
      38.943     0.900000         2970        10.00
      39.455     0.912500         3011        11.43
      40.255     0.925000         3053        13.33
      40.991     0.937500         3093        16.00
      41.535     0.943750         3114        17.78
      42.111     0.950000         3135        20.00
      42.591     0.956250         3156        22.86
      43.199     0.962500         3177        26.67
      43.999     0.968750         3196        32.00
      44.319     0.971875         3207        35.56
      44.607     0.975000         3217        40.00
      45.119     0.978125         3227        45.71
      45.503     0.981250         3239        53.33
      46.015     0.984375         3248        64.00
      46.399     0.985938         3253        71.11
      46.847     0.987500         3258        80.00
      47.199     0.989062         3263        91.43
      47.775     0.990625         3269       106.67
      48.191     0.992188         3274       128.00
      48.479     0.992969         3276       142.22
      49.343     0.993750         3279       160.00
      49.727     0.994531         3281       182.86
      50.495     0.995313         3284       213.33
      50.751     0.996094         3287       256.00
      50.879     0.996484         3288       284.44
      50.975     0.996875         3289       320.00
      51.583     0.997266         3290       365.71
      52.447     0.997656         3292       426.67
      52.575     0.998047         3293       512.00
      52.991     0.998242         3294       568.89
      52.991     0.998437         3294       640.00
      53.055     0.998633         3295       731.43
      53.183     0.998828         3296       853.33
      53.183     0.999023         3296      1024.00
      53.823     0.999121         3297      1137.78
      53.823     0.999219         3297      1280.00
      53.823     0.999316         3297      1462.86
      55.039     0.999414         3298      1706.67
      55.039     0.999512         3298      2048.00
      55.039     0.999561         3298      2275.56
      55.039     0.999609         3298      2560.00
      55.039     0.999658         3298      2925.71
      67.583     0.999707         3299      3413.33
      67.583     1.000000         3299          inf
#[Mean    =       28.459, StdDeviation   =        7.999]
#[Max     =       67.520, Total count    =         3299]
#[Buckets =           27, SubBuckets     =         2048]
----------------------------------------------------------
  3601 requests in 2.00m, 0.85MB read
Requests/sec:     30.00
Transfer/sec:      7.27KB
