Running 2m test @ http://10.102.123.170:11000/a?value=1
  2 threads and 10 connections
  Thread calibration: mean lat.: 38.484ms, rate sampling interval: 105ms
  Thread calibration: mean lat.: 38.516ms, rate sampling interval: 107ms
  Thread Stats   Avg      Stdev     Max   +/- Stdev
    Latency    29.52ms   12.03ms  88.26ms   74.55%
    Req/Sec     4.97     13.74    48.00     89.38%
  Latency Distribution (HdrHistogram - Recorded Latency)
 50.000%   26.53ms
 75.000%   35.17ms
 90.000%   46.08ms
 99.000%   70.78ms
 99.900%   83.97ms
 99.990%   88.32ms
 99.999%   88.32ms
100.000%   88.32ms

  Detailed Percentile spectrum:
       Value   Percentile   TotalCount 1/(1-Percentile)

      10.031     0.000000            1         1.00
      16.735     0.100000          111         1.11
      20.559     0.200000          220         1.25
      22.943     0.300000          331         1.43
      24.783     0.400000          440         1.67
      26.527     0.500000          550         2.00
      27.439     0.550000          605         2.22
      28.735     0.600000          660         2.50
      30.719     0.650000          715         2.86
      32.959     0.700000          772         3.33
      35.167     0.750000          825         4.00
      36.479     0.775000          854         4.44
      37.919     0.800000          880         5.00
      39.999     0.825000          909         5.71
      41.343     0.850000          935         6.67
      44.127     0.875000          963         8.00
      45.087     0.887500          977         8.89
      46.079     0.900000          990        10.00
      47.103     0.912500         1005        11.43
      48.607     0.925000         1018        13.33
      49.503     0.937500         1032        16.00
      50.879     0.943750         1039        17.78
      51.807     0.950000         1045        20.00
      52.639     0.956250         1052        22.86
      55.487     0.962500         1059        26.67
      56.959     0.968750         1066        32.00
      58.591     0.971875         1070        35.56
      59.743     0.975000         1073        40.00
      60.991     0.978125         1076        45.71
      63.295     0.981250         1080        53.33
      66.431     0.984375         1083        64.00
      68.095     0.985938         1085        71.11
      69.503     0.987500         1087        80.00
      70.335     0.989062         1088        91.43
      71.167     0.990625         1090       106.67
      73.535     0.992188         1092       128.00
      76.031     0.992969         1093       142.22
      77.503     0.993750         1094       160.00
      77.503     0.994531         1094       182.86
      78.015     0.995313         1095       213.33
      79.615     0.996094         1096       256.00
      80.639     0.996484         1097       284.44
      80.639     0.996875         1097       320.00
      80.639     0.997266         1097       365.71
      81.279     0.997656         1098       426.67
      81.279     0.998047         1098       512.00
      83.967     0.998242         1099       568.89
      83.967     0.998437         1099       640.00
      83.967     0.998633         1099       731.43
      83.967     0.998828         1099       853.33
      83.967     0.999023         1099      1024.00
      88.319     0.999121         1100      1137.78
      88.319     1.000000         1100          inf
#[Mean    =       29.515, StdDeviation   =       12.025]
#[Max     =       88.256, Total count    =         1100]
#[Buckets =           27, SubBuckets     =         2048]
----------------------------------------------------------
  1201 requests in 2.00m, 290.86KB read
Requests/sec:     10.01
Transfer/sec:      2.42KB
