Running 2m test @ http://10.102.123.170:11000/a?value=1
  2 threads and 10 connections
  Thread calibration: mean lat.: 30.913ms, rate sampling interval: 84ms
  Thread calibration: mean lat.: 28.015ms, rate sampling interval: 77ms
  Thread Stats   Avg      Stdev     Max   +/- Stdev
    Latency    28.30ms    8.41ms  79.23ms   70.38%
    Req/Sec    24.85     27.51    65.00     70.33%
  Latency Distribution (HdrHistogram - Recorded Latency)
 50.000%   27.97ms
 75.000%   33.60ms
 90.000%   39.58ms
 99.000%   48.86ms
 99.900%   59.46ms
 99.990%   67.71ms
 99.999%   79.29ms
100.000%   79.29ms

  Detailed Percentile spectrum:
       Value   Percentile   TotalCount 1/(1-Percentile)

      10.095     0.000000            1         1.00
      18.015     0.100000          550         1.11
      21.103     0.200000         1100         1.25
      23.359     0.300000         1654         1.43
      25.919     0.400000         2200         1.67
      27.967     0.500000         2754         2.00
      28.975     0.550000         3026         2.22
      29.983     0.600000         3307         2.50
      30.975     0.650000         3578         2.86
      32.191     0.700000         3852         3.33
      33.599     0.750000         4131         4.00
      34.207     0.775000         4265         4.44
      34.975     0.800000         4400         5.00
      35.871     0.825000         4543         5.71
      36.895     0.850000         4679         6.67
      38.047     0.875000         4814         8.00
      38.687     0.887500         4882         8.89
      39.583     0.900000         4954        10.00
      40.319     0.912500         5019        11.43
      41.247     0.925000         5091        13.33
      42.111     0.937500         5158        16.00
      42.751     0.943750         5193        17.78
      43.327     0.950000         5226        20.00
      43.999     0.956250         5261        22.86
      44.607     0.962500         5294        26.67
      45.631     0.968750         5331        32.00
      45.983     0.971875         5348        35.56
      46.399     0.975000         5363        40.00
      46.655     0.978125         5380        45.71
      47.167     0.981250         5397        53.33
      47.775     0.984375         5416        64.00
      48.127     0.985938         5424        71.11
      48.543     0.987500         5432        80.00
      48.735     0.989062         5441        91.43
      49.023     0.990625         5449       106.67
      49.823     0.992188         5459       128.00
      49.983     0.992969         5462       142.22
      50.463     0.993750         5466       160.00
      50.687     0.994531         5471       182.86
      51.679     0.995313         5475       213.33
      52.351     0.996094         5479       256.00
      53.727     0.996484         5481       284.44
      54.111     0.996875         5483       320.00
      54.911     0.997266         5485       365.71
      55.647     0.997656         5488       426.67
      55.903     0.998047         5490       512.00
      56.575     0.998242         5491       568.89
      57.727     0.998437         5492       640.00
      58.015     0.998633         5493       731.43
      58.591     0.998828         5494       853.33
      59.455     0.999023         5495      1024.00
      60.863     0.999121         5496      1137.78
      60.863     0.999219         5496      1280.00
      63.711     0.999316         5497      1462.86
      63.711     0.999414         5497      1706.67
      65.855     0.999512         5498      2048.00
      65.855     0.999561         5498      2275.56
      65.855     0.999609         5498      2560.00
      67.711     0.999658         5499      2925.71
      67.711     0.999707         5499      3413.33
      67.711     0.999756         5499      4096.00
      67.711     0.999780         5499      4551.11
      67.711     0.999805         5499      5120.00
      79.295     0.999829         5500      5851.43
      79.295     1.000000         5500          inf
#[Mean    =       28.296, StdDeviation   =        8.412]
#[Max     =       79.232, Total count    =         5500]
#[Buckets =           27, SubBuckets     =         2048]
----------------------------------------------------------
  6001 requests in 2.00m, 1.42MB read
Requests/sec:     50.00
Transfer/sec:     12.11KB
