Running 3m test @ http://10.99.205.204:11000/a?value=1
  4 threads and 10 connections
  Thread calibration: mean lat.: 86.011ms, rate sampling interval: 382ms
  Thread calibration: mean lat.: 66.870ms, rate sampling interval: 270ms
  Thread calibration: mean lat.: 66.939ms, rate sampling interval: 271ms
  Thread calibration: mean lat.: 64.293ms, rate sampling interval: 276ms
  Thread Stats   Avg      Stdev     Max   +/- Stdev
    Latency    78.09ms   76.48ms   1.07s    86.95%
    Req/Sec    19.52      4.73    40.00     85.40%
  Latency Distribution (HdrHistogram - Recorded Latency)
 50.000%   49.06ms
 75.000%  116.16ms
 90.000%  183.68ms
 99.000%  318.98ms
 99.900%  730.62ms
 99.990%    1.06s 
 99.999%    1.08s 
100.000%    1.08s 

  Detailed Percentile spectrum:
       Value   Percentile   TotalCount 1/(1-Percentile)

       8.791     0.000000            1         1.00
      11.775     0.100000         1360         1.11
      14.623     0.200000         2720         1.25
      36.223     0.300000         4082         1.43
      42.975     0.400000         5442         1.67
      49.055     0.500000         6801         2.00
      53.727     0.550000         7479         2.22
      62.943     0.600000         8159         2.50
      89.855     0.650000         8839         2.86
     107.455     0.700000         9520         3.33
     116.159     0.750000        10198         4.00
     119.935     0.775000        10539         4.44
     123.903     0.800000        10885         5.00
     128.447     0.825000        11221         5.71
     135.679     0.850000        11564         6.67
     166.271     0.875000        11898         8.00
     178.559     0.887500        12069         8.89
     183.679     0.900000        12240        10.00
     187.263     0.912500        12412        11.43
     192.383     0.925000        12581        13.33
     199.551     0.937500        12749        16.00
     203.263     0.943750        12833        17.78
     207.487     0.950000        12918        20.00
     215.423     0.956250        13003        22.86
     226.303     0.962500        13088        26.67
     246.271     0.968750        13175        32.00
     256.255     0.971875        13215        35.56
     264.447     0.975000        13259        40.00
     272.127     0.978125        13300        45.71
     281.855     0.981250        13344        53.33
     293.119     0.984375        13385        64.00
     300.287     0.985938        13406        71.11
     305.151     0.987500        13428        80.00
     312.575     0.989062        13449        91.43
     325.887     0.990625        13470       106.67
     338.431     0.992188        13491       128.00
     349.951     0.992969        13502       142.22
     360.447     0.993750        13513       160.00
     367.871     0.994531        13523       182.86
     386.303     0.995313        13534       213.33
     406.271     0.996094        13544       256.00
     444.159     0.996484        13550       284.44
     473.343     0.996875        13555       320.00
     482.047     0.997266        13560       365.71
     542.207     0.997656        13566       426.67
     566.783     0.998047        13571       512.00
     626.175     0.998242        13574       568.89
     639.487     0.998437        13576       640.00
     656.895     0.998633        13579       731.43
     709.119     0.998828        13582       853.33
     741.375     0.999023        13584      1024.00
     747.007     0.999121        13586      1137.78
     771.071     0.999219        13587      1280.00
     774.655     0.999316        13588      1462.86
     847.871     0.999414        13590      1706.67
     862.207     0.999512        13591      2048.00
     911.359     0.999561        13592      2275.56
     911.359     0.999609        13592      2560.00
     986.111     0.999658        13593      2925.71
    1002.495     0.999707        13594      3413.33
    1002.495     0.999756        13594      4096.00
    1050.623     0.999780        13595      4551.11
    1050.623     0.999805        13595      5120.00
    1050.623     0.999829        13595      5851.43
    1058.815     0.999854        13596      6826.67
    1058.815     0.999878        13596      8192.00
    1058.815     0.999890        13596      9102.22
    1058.815     0.999902        13596     10240.00
    1058.815     0.999915        13596     11702.86
    1075.199     0.999927        13597     13653.33
    1075.199     1.000000        13597          inf
#[Mean    =       78.086, StdDeviation   =       76.476]
#[Max     =     1074.176, Total count    =        13597]
#[Buckets =           27, SubBuckets     =         2048]
----------------------------------------------------------
  14397 requests in 3.00m, 3.41MB read
Requests/sec:     79.98
Transfer/sec:     19.38KB
