Running 3m test @ http://10.105.92.109:11003/d?value=1
  4 threads and 10 connections
  Thread calibration: mean lat.: 10.910ms, rate sampling interval: 26ms
  Thread calibration: mean lat.: 15.006ms, rate sampling interval: 92ms
  Thread calibration: mean lat.: 14.709ms, rate sampling interval: 64ms
  Thread calibration: mean lat.: 13.724ms, rate sampling interval: 65ms
  Thread Stats   Avg      Stdev     Max   +/- Stdev
    Latency    12.34ms   11.27ms  94.66ms   91.65%
    Req/Sec    62.85     16.56   126.00     78.45%
  Latency Distribution (HdrHistogram - Recorded Latency)
 50.000%    9.85ms
 75.000%   12.52ms
 90.000%   18.38ms
 99.000%   59.58ms
 99.900%   75.65ms
 99.990%   90.24ms
 99.999%   94.72ms
100.000%   94.72ms

  Detailed Percentile spectrum:
       Value   Percentile   TotalCount 1/(1-Percentile)

       2.431     0.000000            1         1.00
       4.195     0.100000         4251         1.11
       5.351     0.200000         8506         1.25
       7.011     0.300000        12753         1.43
       8.591     0.400000        17012         1.67
       9.847     0.500000        21266         2.00
      10.327     0.550000        23374         2.22
      10.839     0.600000        25498         2.50
      11.319     0.650000        27656         2.86
      11.831     0.700000        29766         3.33
      12.519     0.750000        31914         4.00
      12.975     0.775000        32941         4.44
      13.511     0.800000        33997         5.00
      14.511     0.825000        35060         5.71
      15.503     0.850000        36134         6.67
      16.783     0.875000        37193         8.00
      17.631     0.887500        37718         8.89
      18.383     0.900000        38251        10.00
      20.031     0.912500        38779        11.43
      30.751     0.925000        39313        13.33
      45.567     0.937500        39842        16.00
      46.175     0.943750        40121        17.78
      46.527     0.950000        40397        20.00
      46.783     0.956250        40664        22.86
      47.039     0.962500        40919        26.67
      47.327     0.968750        41184        32.00
      47.519     0.971875        41319        35.56
      47.743     0.975000        41446        40.00
      48.031     0.978125        41580        45.71
      48.415     0.981250        41710        53.33
      48.863     0.984375        41833        64.00
      49.215     0.985938        41902        71.11
      50.463     0.987500        41967        80.00
      58.847     0.989062        42033        91.43
      59.999     0.990625        42098       106.67
      60.767     0.992188        42169       128.00
      61.055     0.992969        42200       142.22
      61.247     0.993750        42231       160.00
      61.663     0.994531        42268       182.86
      61.983     0.995313        42300       213.33
      62.463     0.996094        42330       256.00
      62.719     0.996484        42347       284.44
      63.135     0.996875        42364       320.00
      63.455     0.997266        42383       365.71
      63.871     0.997656        42397       426.67
      68.351     0.998047        42413       512.00
      73.279     0.998242        42423       568.89
      73.919     0.998437        42430       640.00
      74.431     0.998633        42438       731.43
      75.327     0.998828        42447       853.33
      75.711     0.999023        42456      1024.00
      76.095     0.999121        42461      1137.78
      76.159     0.999219        42463      1280.00
      76.415     0.999316        42467      1462.86
      76.735     0.999414        42472      1706.67
      77.311     0.999512        42476      2048.00
      77.631     0.999561        42478      2275.56
      78.655     0.999609        42481      2560.00
      78.847     0.999658        42482      2925.71
      86.783     0.999707        42484      3413.33
      87.999     0.999756        42486      4096.00
      88.319     0.999780        42487      4551.11
      88.575     0.999805        42488      5120.00
      89.599     0.999829        42489      5851.43
      89.791     0.999854        42490      6826.67
      90.047     0.999878        42491      8192.00
      90.239     0.999890        42492      9102.22
      90.239     0.999902        42492     10240.00
      90.815     0.999915        42493     11702.86
      90.815     0.999927        42493     13653.33
      92.671     0.999939        42494     16384.00
      92.671     0.999945        42494     18204.44
      92.671     0.999951        42494     20480.00
      92.735     0.999957        42495     23405.71
      92.735     0.999963        42495     27306.67
      92.735     0.999969        42495     32768.00
      92.735     0.999973        42495     36408.89
      92.735     0.999976        42495     40960.00
      94.719     0.999979        42496     46811.43
      94.719     1.000000        42496          inf
#[Mean    =       12.340, StdDeviation   =       11.272]
#[Max     =       94.656, Total count    =        42496]
#[Buckets =           27, SubBuckets     =         2048]
----------------------------------------------------------
  45003 requests in 3.00m, 10.61MB read
Requests/sec:    250.00
Transfer/sec:     60.35KB
