Running 3m test @ http://10.105.92.109:11003/d?value=1
  4 threads and 10 connections
  Thread calibration: mean lat.: 16.442ms, rate sampling interval: 95ms
  Thread calibration: mean lat.: 16.519ms, rate sampling interval: 95ms
  Thread calibration: mean lat.: 17.419ms, rate sampling interval: 95ms
  Thread calibration: mean lat.: 13.440ms, rate sampling interval: 38ms
  Thread Stats   Avg      Stdev     Max   +/- Stdev
    Latency    14.81ms   15.05ms  83.58ms   85.27%
    Req/Sec    50.06     14.50   108.00     73.78%
  Latency Distribution (HdrHistogram - Recorded Latency)
 50.000%    9.01ms
 75.000%   17.01ms
 90.000%   47.04ms
 99.000%   54.81ms
 99.900%   63.26ms
 99.990%   75.84ms
 99.999%   83.65ms
100.000%   83.65ms

  Detailed Percentile spectrum:
       Value   Percentile   TotalCount 1/(1-Percentile)

       2.609     0.000000            1         1.00
       3.977     0.100000         3409         1.11
       4.411     0.200000         6832         1.25
       4.819     0.300000        10208         1.43
       5.331     0.400000        13608         1.67
       9.007     0.500000        17003         2.00
      11.167     0.550000        18708         2.22
      12.191     0.600000        20403         2.50
      13.399     0.650000        22110         2.86
      15.663     0.700000        23805         3.33
      17.007     0.750000        25510         4.00
      17.631     0.775000        26364         4.44
      18.559     0.800000        27214         5.00
      20.831     0.825000        28050         5.71
      26.991     0.850000        28900         6.67
      46.335     0.875000        29766         8.00
      46.719     0.887500        30206         8.89
      47.039     0.900000        30614        10.00
      47.359     0.912500        31038        11.43
      47.711     0.925000        31505        13.33
      48.095     0.937500        31902        16.00
      48.319     0.943750        32110        17.78
      48.543     0.950000        32319        20.00
      48.831     0.956250        32517        22.86
      49.279     0.962500        32732        26.67
      49.919     0.968750        32938        32.00
      50.367     0.971875        33049        35.56
      51.071     0.975000        33152        40.00
      52.063     0.978125        33257        45.71
      52.767     0.981250        33366        53.33
      53.503     0.984375        33472        64.00
      53.855     0.985938        33531        71.11
      54.239     0.987500        33580        80.00
      54.591     0.989062        33630        91.43
      54.975     0.990625        33686       106.67
      55.455     0.992188        33736       128.00
      55.743     0.992969        33761       142.22
      56.095     0.993750        33789       160.00
      56.575     0.994531        33815       182.86
      57.599     0.995313        33842       213.33
      58.303     0.996094        33868       256.00
      58.751     0.996484        33881       284.44
      59.231     0.996875        33894       320.00
      59.679     0.997266        33908       365.71
      60.191     0.997656        33921       426.67
      60.895     0.998047        33934       512.00
      61.343     0.998242        33941       568.89
      61.695     0.998437        33947       640.00
      62.175     0.998633        33954       731.43
      62.591     0.998828        33961       853.33
      63.615     0.999023        33967      1024.00
      64.031     0.999121        33971      1137.78
      65.087     0.999219        33974      1280.00
      65.375     0.999316        33977      1462.86
      65.855     0.999414        33981      1706.67
      66.175     0.999512        33984      2048.00
      66.687     0.999561        33986      2275.56
      66.751     0.999609        33988      2560.00
      66.943     0.999658        33989      2925.71
      67.711     0.999707        33991      3413.33
      68.095     0.999756        33992      4096.00
      70.143     0.999780        33993      4551.11
      70.783     0.999805        33994      5120.00
      70.911     0.999829        33995      5851.43
      73.919     0.999854        33996      6826.67
      73.919     0.999878        33996      8192.00
      75.839     0.999890        33997      9102.22
      75.839     0.999902        33997     10240.00
      77.375     0.999915        33998     11702.86
      77.375     0.999927        33998     13653.33
      77.375     0.999939        33998     16384.00
      80.383     0.999945        33999     18204.44
      80.383     0.999951        33999     20480.00
      80.383     0.999957        33999     23405.71
      80.383     0.999963        33999     27306.67
      80.383     0.999969        33999     32768.00
      83.647     0.999973        34000     36408.89
      83.647     1.000000        34000          inf
#[Mean    =       14.806, StdDeviation   =       15.047]
#[Max     =       83.584, Total count    =        34000]
#[Buckets =           27, SubBuckets     =         2048]
----------------------------------------------------------
  36001 requests in 3.00m, 8.49MB read
Requests/sec:    200.00
Transfer/sec:     48.31KB
