Running 3m test @ http://10.105.92.109:11003/d?value=1
  4 threads and 10 connections
  Thread calibration: mean lat.: 28.717ms, rate sampling interval: 106ms
  Thread calibration: mean lat.: 34.494ms, rate sampling interval: 107ms
  Thread calibration: mean lat.: 30.745ms, rate sampling interval: 106ms
  Thread calibration: mean lat.: 21.083ms, rate sampling interval: 92ms
  Thread Stats   Avg      Stdev     Max   +/- Stdev
    Latency    27.31ms   17.11ms  95.17ms   57.47%
    Req/Sec    24.56      6.95    43.00     86.80%
  Latency Distribution (HdrHistogram - Recorded Latency)
 50.000%   20.86ms
 75.000%   45.98ms
 90.000%   52.03ms
 99.000%   56.29ms
 99.900%   57.92ms
 99.990%   86.14ms
 99.999%   95.23ms
100.000%   95.23ms

  Detailed Percentile spectrum:
       Value   Percentile   TotalCount 1/(1-Percentile)

       2.555     0.000000            1         1.00
       4.279     0.100000         1700         1.11
      12.855     0.200000         3405         1.25
      15.231     0.300000         5109         1.43
      17.007     0.400000         6802         1.67
      20.863     0.500000         8500         2.00
      32.127     0.550000         9354         2.22
      33.951     0.600000        10213         2.50
      35.551     0.650000        11058         2.86
      37.567     0.700000        11905         3.33
      45.983     0.750000        12752         4.00
      46.559     0.775000        13185         4.44
      47.071     0.800000        13604         5.00
      47.903     0.825000        14033         5.71
      49.567     0.850000        14449         6.67
      50.783     0.875000        14880         8.00
      51.455     0.887500        15094         8.89
      52.031     0.900000        15301        10.00
      52.607     0.912500        15529        11.43
      53.119     0.925000        15736        13.33
      53.631     0.937500        15939        16.00
      53.855     0.943750        16045        17.78
      54.143     0.950000        16162        20.00
      54.367     0.956250        16264        22.86
      54.655     0.962500        16371        26.67
      54.943     0.968750        16475        32.00
      55.071     0.971875        16522        35.56
      55.263     0.975000        16580        40.00
      55.455     0.978125        16634        45.71
      55.647     0.981250        16687        53.33
      55.839     0.984375        16740        64.00
      55.935     0.985938        16765        71.11
      56.031     0.987500        16786        80.00
      56.223     0.989062        16821        91.43
      56.383     0.990625        16841       106.67
      56.575     0.992188        16871       128.00
      56.639     0.992969        16881       142.22
      56.799     0.993750        16895       160.00
      56.927     0.994531        16909       182.86
      57.023     0.995313        16921       213.33
      57.215     0.996094        16934       256.00
      57.279     0.996484        16940       284.44
      57.375     0.996875        16946       320.00
      57.503     0.997266        16955       365.71
      57.567     0.997656        16964       426.67
      57.599     0.998047        16966       512.00
      57.663     0.998242        16969       568.89
      57.727     0.998437        16973       640.00
      57.791     0.998633        16975       731.43
      57.855     0.998828        16979       853.33
      57.919     0.999023        16982      1024.00
      58.079     0.999121        16985      1137.78
      58.079     0.999219        16985      1280.00
      58.303     0.999316        16987      1462.86
      58.943     0.999414        16989      1706.67
      59.295     0.999512        16990      2048.00
      59.647     0.999561        16991      2275.56
      59.775     0.999609        16992      2560.00
      59.935     0.999658        16993      2925.71
      60.447     0.999707        16994      3413.33
      60.447     0.999756        16994      4096.00
      64.319     0.999780        16995      4551.11
      64.319     0.999805        16995      5120.00
      86.143     0.999829        16996      5851.43
      86.143     0.999854        16996      6826.67
      86.143     0.999878        16996      8192.00
      89.279     0.999890        16997      9102.22
      89.279     0.999902        16997     10240.00
      89.279     0.999915        16997     11702.86
      89.279     0.999927        16997     13653.33
      89.279     0.999939        16997     16384.00
      95.231     0.999945        16998     18204.44
      95.231     1.000000        16998          inf
#[Mean    =       27.314, StdDeviation   =       17.114]
#[Max     =       95.168, Total count    =        16998]
#[Buckets =           27, SubBuckets     =         2048]
----------------------------------------------------------
  18004 requests in 3.00m, 4.26MB read
Requests/sec:    100.01
Transfer/sec:     24.20KB
