Running 3m test @ http://10.105.92.109:11003/d?value=1
  4 threads and 10 connections
  Thread calibration: mean lat.: 15.773ms, rate sampling interval: 39ms
  Thread calibration: mean lat.: 14.305ms, rate sampling interval: 35ms
  Thread calibration: mean lat.: 15.320ms, rate sampling interval: 93ms
  Thread calibration: mean lat.: 14.203ms, rate sampling interval: 40ms
  Thread Stats   Avg      Stdev     Max   +/- Stdev
    Latency    14.01ms   11.20ms  58.30ms   91.90%
    Req/Sec    25.05     21.02    58.00     39.04%
  Latency Distribution (HdrHistogram - Recorded Latency)
 50.000%   13.16ms
 75.000%   16.74ms
 90.000%   19.34ms
 99.000%   48.99ms
 99.900%   50.88ms
 99.990%   58.08ms
 99.999%   58.33ms
100.000%   58.33ms

  Detailed Percentile spectrum:
       Value   Percentile   TotalCount 1/(1-Percentile)

       2.703     0.000000            1         1.00
       4.155     0.100000         1704         1.11
       4.735     0.200000         3403         1.25
       5.515     0.300000         5104         1.43
      11.823     0.400000         6801         1.67
      13.159     0.500000         8509         2.00
      13.807     0.550000         9357         2.22
      14.495     0.600000        10206         2.50
      15.303     0.650000        11049         2.86
      16.047     0.700000        11903         3.33
      16.735     0.750000        12749         4.00
      17.055     0.775000        13185         4.44
      17.359     0.800000        13620         5.00
      17.679     0.825000        14032         5.71
      18.095     0.850000        14452         6.67
      18.719     0.875000        14878         8.00
      18.991     0.887500        15091         8.89
      19.343     0.900000        15305        10.00
      20.015     0.912500        15510        11.43
      45.983     0.925000        15728        13.33
      46.591     0.937500        15938        16.00
      46.783     0.943750        16049        17.78
      46.943     0.950000        16148        20.00
      47.167     0.956250        16262        22.86
      47.359     0.962500        16377        26.67
      47.519     0.968750        16466        32.00
      47.647     0.971875        16520        35.56
      47.807     0.975000        16574        40.00
      48.031     0.978125        16628        45.71
      48.287     0.981250        16684        53.33
      48.511     0.984375        16739        64.00
      48.671     0.985938        16762        71.11
      48.799     0.987500        16790        80.00
      48.927     0.989062        16818        91.43
      49.119     0.990625        16847       106.67
      49.311     0.992188        16867       128.00
      49.407     0.992969        16882       142.22
      49.503     0.993750        16891       160.00
      49.631     0.994531        16906       182.86
      49.759     0.995313        16922       213.33
      49.887     0.996094        16934       256.00
      49.919     0.996484        16939       284.44
      49.983     0.996875        16944       320.00
      50.143     0.997266        16951       365.71
      50.367     0.997656        16959       426.67
      50.399     0.998047        16964       512.00
      50.463     0.998242        16969       568.89
      50.623     0.998437        16972       640.00
      50.687     0.998633        16975       731.43
      50.751     0.998828        16978       853.33
      50.975     0.999023        16981      1024.00
      51.231     0.999121        16984      1137.78
      51.231     0.999219        16984      1280.00
      51.391     0.999316        16986      1462.86
      51.455     0.999414        16988      1706.67
      51.551     0.999512        16989      2048.00
      51.679     0.999561        16990      2275.56
      52.831     0.999609        16991      2560.00
      53.471     0.999658        16992      2925.71
      53.951     0.999707        16993      3413.33
      53.951     0.999756        16993      4096.00
      54.623     0.999780        16994      4551.11
      54.623     0.999805        16994      5120.00
      58.079     0.999829        16995      5851.43
      58.079     0.999854        16995      6826.67
      58.079     0.999878        16995      8192.00
      58.239     0.999890        16996      9102.22
      58.239     0.999902        16996     10240.00
      58.239     0.999915        16996     11702.86
      58.239     0.999927        16996     13653.33
      58.239     0.999939        16996     16384.00
      58.335     0.999945        16997     18204.44
      58.335     1.000000        16997          inf
#[Mean    =       14.014, StdDeviation   =       11.197]
#[Max     =       58.304, Total count    =        16997]
#[Buckets =           27, SubBuckets     =         2048]
----------------------------------------------------------
  18004 requests in 3.00m, 4.25MB read
Requests/sec:    100.01
Transfer/sec:     24.18KB
