Running 3m test @ http://10.105.92.109:11003/d?value=1
  4 threads and 10 connections
  Thread calibration: mean lat.: 5.812ms, rate sampling interval: 16ms
  Thread calibration: mean lat.: 9.196ms, rate sampling interval: 29ms
  Thread calibration: mean lat.: 9.736ms, rate sampling interval: 28ms
  Thread calibration: mean lat.: 9.443ms, rate sampling interval: 27ms
  Thread Stats   Avg      Stdev     Max   +/- Stdev
    Latency     8.08ms    3.96ms  23.74ms   60.29%
    Req/Sec    12.72     28.88   133.00     87.67%
  Latency Distribution (HdrHistogram - Recorded Latency)
 50.000%    6.57ms
 75.000%   12.15ms
 90.000%   13.73ms
 99.000%   16.13ms
 99.900%   19.04ms
 99.990%   21.49ms
 99.999%   23.76ms
100.000%   23.76ms

  Detailed Percentile spectrum:
       Value   Percentile   TotalCount 1/(1-Percentile)

       2.721     0.000000            1         1.00
       3.959     0.100000          853         1.11
       4.363     0.200000         1706         1.25
       4.775     0.300000         2549         1.43
       5.391     0.400000         3401         1.67
       6.567     0.500000         4248         2.00
       7.203     0.550000         4673         2.22
       8.199     0.600000         5099         2.50
      10.399     0.650000         5524         2.86
      11.559     0.700000         5952         3.33
      12.151     0.750000         6376         4.00
      12.439     0.775000         6589         4.44
      12.663     0.800000         6802         5.00
      12.927     0.825000         7014         5.71
      13.175     0.850000         7230         6.67
      13.415     0.875000         7434         8.00
      13.567     0.887500         7543         8.89
      13.735     0.900000         7652        10.00
      13.895     0.912500         7755        11.43
      14.119     0.925000         7859        13.33
      14.311     0.937500         7965        16.00
      14.431     0.943750         8021        17.78
      14.551     0.950000         8072        20.00
      14.663     0.956250         8127        22.86
      14.791     0.962500         8179        26.67
      14.967     0.968750         8232        32.00
      15.079     0.971875         8261        35.56
      15.159     0.975000         8284        40.00
      15.303     0.978125         8311        45.71
      15.439     0.981250         8337        53.33
      15.663     0.984375         8364        64.00
      15.751     0.985938         8377        71.11
      15.847     0.987500         8390        80.00
      16.031     0.989062         8404        91.43
      16.175     0.990625         8417       106.67
      16.399     0.992188         8430       128.00
      16.527     0.992969         8437       142.22
      16.559     0.993750         8443       160.00
      16.687     0.994531         8450       182.86
      16.815     0.995313         8457       213.33
      16.975     0.996094         8463       256.00
      17.183     0.996484         8467       284.44
      17.327     0.996875         8470       320.00
      17.391     0.997266         8473       365.71
      17.743     0.997656         8477       426.67
      17.935     0.998047         8480       512.00
      18.175     0.998242         8482       568.89
      18.367     0.998437         8483       640.00
      18.575     0.998633         8485       731.43
      18.751     0.998828         8487       853.33
      19.039     0.999023         8488      1024.00
      19.279     0.999121         8489      1137.78
      19.343     0.999219         8490      1280.00
      19.711     0.999316         8491      1462.86
      20.127     0.999414         8492      1706.67
      20.127     0.999512         8492      2048.00
      21.215     0.999561         8493      2275.56
      21.215     0.999609         8493      2560.00
      21.391     0.999658         8494      2925.71
      21.391     0.999707         8494      3413.33
      21.391     0.999756         8494      4096.00
      21.487     0.999780         8495      4551.11
      21.487     0.999805         8495      5120.00
      21.487     0.999829         8495      5851.43
      21.487     0.999854         8495      6826.67
      21.487     0.999878         8495      8192.00
      23.759     0.999890         8496      9102.22
      23.759     1.000000         8496          inf
#[Mean    =        8.082, StdDeviation   =        3.957]
#[Max     =       23.744, Total count    =         8496]
#[Buckets =           27, SubBuckets     =         2048]
----------------------------------------------------------
  9004 requests in 3.00m, 2.12MB read
Requests/sec:     50.02
Transfer/sec:     12.08KB
