Running 3m test @ http://10.105.92.109:11003/d?value=1
  4 threads and 10 connections
  Thread calibration: mean lat.: 5.470ms, rate sampling interval: 15ms
  Thread calibration: mean lat.: 10.251ms, rate sampling interval: 35ms
  Thread calibration: mean lat.: 13.740ms, rate sampling interval: 35ms
  Thread calibration: mean lat.: 8.985ms, rate sampling interval: 28ms
  Thread Stats   Avg      Stdev     Max   +/- Stdev
    Latency     9.89ms    5.15ms  27.52ms   56.28%
    Req/Sec    38.16     41.45   142.00     91.80%
  Latency Distribution (HdrHistogram - Recorded Latency)
 50.000%    9.25ms
 75.000%   14.04ms
 90.000%   16.85ms
 99.000%   20.88ms
 99.900%   23.38ms
 99.990%   25.22ms
 99.999%   27.53ms
100.000%   27.53ms

  Detailed Percentile spectrum:
       Value   Percentile   TotalCount 1/(1-Percentile)

       2.439     0.000000            1         1.00
       3.923     0.100000         2553         1.11
       4.435     0.200000         5123         1.25
       5.111     0.300000         7654         1.43
       6.819     0.400000        10202         1.67
       9.247     0.500000        12753         2.00
      11.591     0.550000        14034         2.22
      12.303     0.600000        15307         2.50
      12.863     0.650000        16582         2.86
      13.431     0.700000        17863         3.33
      14.039     0.750000        19126         4.00
      14.391     0.775000        19769         4.44
      14.735     0.800000        20398         5.00
      15.175     0.825000        21041         5.71
      15.631     0.850000        21677         6.67
      16.199     0.875000        22315         8.00
      16.527     0.887500        22641         8.89
      16.863     0.900000        22964        10.00
      17.215     0.912500        23272        11.43
      17.615     0.925000        23587        13.33
      18.063     0.937500        23906        16.00
      18.303     0.943750        24062        17.78
      18.527     0.950000        24235        20.00
      18.783     0.956250        24388        22.86
      19.039     0.962500        24548        26.67
      19.359     0.968750        24710        32.00
      19.519     0.971875        24781        35.56
      19.711     0.975000        24864        40.00
      19.855     0.978125        24940        45.71
      20.095     0.981250        25020        53.33
      20.319     0.984375        25099        64.00
      20.447     0.985938        25139        71.11
      20.591     0.987500        25178        80.00
      20.735     0.989062        25218        91.43
      20.959     0.990625        25259       106.67
      21.183     0.992188        25298       128.00
      21.279     0.992969        25319       142.22
      21.407     0.993750        25338       160.00
      21.599     0.994531        25358       182.86
      21.727     0.995313        25378       213.33
      21.935     0.996094        25399       256.00
      22.111     0.996484        25410       284.44
      22.255     0.996875        25417       320.00
      22.431     0.997266        25430       365.71
      22.559     0.997656        25437       426.67
      22.799     0.998047        25448       512.00
      22.879     0.998242        25452       568.89
      22.943     0.998437        25457       640.00
      23.039     0.998633        25463       731.43
      23.151     0.998828        25467       853.33
      23.391     0.999023        25472      1024.00
      23.535     0.999121        25475      1137.78
      23.615     0.999219        25477      1280.00
      23.695     0.999316        25479      1462.86
      24.111     0.999414        25483      1706.67
      24.175     0.999512        25484      2048.00
      24.255     0.999561        25485      2275.56
      24.367     0.999609        25487      2560.00
      24.479     0.999658        25488      2925.71
      24.591     0.999707        25489      3413.33
      24.751     0.999756        25490      4096.00
      25.007     0.999780        25491      4551.11
      25.055     0.999805        25492      5120.00
      25.055     0.999829        25492      5851.43
      25.215     0.999854        25493      6826.67
      25.215     0.999878        25493      8192.00
      25.231     0.999890        25494      9102.22
      25.231     0.999902        25494     10240.00
      25.231     0.999915        25494     11702.86
      25.503     0.999927        25495     13653.33
      25.503     0.999939        25495     16384.00
      25.503     0.999945        25495     18204.44
      25.503     0.999951        25495     20480.00
      25.503     0.999957        25495     23405.71
      27.535     0.999963        25496     27306.67
      27.535     1.000000        25496          inf
#[Mean    =        9.894, StdDeviation   =        5.150]
#[Max     =       27.520, Total count    =        25496]
#[Buckets =           27, SubBuckets     =         2048]
----------------------------------------------------------
  27004 requests in 3.00m, 6.37MB read
Requests/sec:    150.01
Transfer/sec:     36.24KB
