Running 3m test @ http://10.105.92.109:11003/d?value=1
  4 threads and 10 connections
  Thread calibration: mean lat.: 5.245ms, rate sampling interval: 14ms
  Thread calibration: mean lat.: 14.069ms, rate sampling interval: 36ms
  Thread calibration: mean lat.: 10.511ms, rate sampling interval: 35ms
  Thread calibration: mean lat.: 15.256ms, rate sampling interval: 38ms
  Thread Stats   Avg      Stdev     Max   +/- Stdev
    Latency    11.32ms    5.41ms  26.64ms   55.10%
    Req/Sec    25.43     38.89   153.00     89.46%
  Latency Distribution (HdrHistogram - Recorded Latency)
 50.000%   12.55ms
 75.000%   15.72ms
 90.000%   18.03ms
 99.000%   22.08ms
 99.900%   24.58ms
 99.990%   26.43ms
 99.999%   26.66ms
100.000%   26.66ms

  Detailed Percentile spectrum:
       Value   Percentile   TotalCount 1/(1-Percentile)

       2.481     0.000000            1         1.00
       4.203     0.100000         1700         1.11
       4.939     0.200000         3405         1.25
       6.571     0.300000         5104         1.43
       9.119     0.400000         6800         1.67
      12.551     0.500000         8502         2.00
      13.231     0.550000         9349         2.22
      13.895     0.600000        10206         2.50
      14.455     0.650000        11058         2.86
      15.087     0.700000        11904         3.33
      15.719     0.750000        12762         4.00
      16.031     0.775000        13175         4.44
      16.399     0.800000        13611         5.00
      16.767     0.825000        14033         5.71
      17.135     0.850000        14449         6.67
      17.567     0.875000        14875         8.00
      17.807     0.887500        15088         8.89
      18.031     0.900000        15315        10.00
      18.271     0.912500        15514        11.43
      18.559     0.925000        15729        13.33
      18.847     0.937500        15938        16.00
      19.023     0.943750        16042        17.78
      19.231     0.950000        16157        20.00
      19.407     0.956250        16254        22.86
      19.647     0.962500        16360        26.67
      19.967     0.968750        16468        32.00
      20.143     0.971875        16521        35.56
      20.367     0.975000        16574        40.00
      20.623     0.978125        16630        45.71
      20.927     0.981250        16679        53.33
      21.247     0.984375        16735        64.00
      21.407     0.985938        16759        71.11
      21.695     0.987500        16787        80.00
      21.935     0.989062        16812        91.43
      22.175     0.990625        16842       106.67
      22.383     0.992188        16865       128.00
      22.575     0.992969        16880       142.22
      22.687     0.993750        16891       160.00
      22.927     0.994531        16905       182.86
      23.119     0.995313        16919       213.33
      23.295     0.996094        16933       256.00
      23.423     0.996484        16938       284.44
      23.567     0.996875        16945       320.00
      23.663     0.997266        16951       365.71
      23.855     0.997656        16958       426.67
      24.015     0.998047        16965       512.00
      24.239     0.998242        16968       568.89
      24.271     0.998437        16971       640.00
      24.303     0.998633        16974       731.43
      24.543     0.998828        16979       853.33
      24.735     0.999023        16983      1024.00
      24.735     0.999121        16983      1137.78
      24.751     0.999219        16984      1280.00
      24.783     0.999316        16986      1462.86
      24.847     0.999414        16988      1706.67
      25.151     0.999512        16989      2048.00
      25.183     0.999561        16990      2275.56
      25.391     0.999609        16991      2560.00
      25.423     0.999658        16992      2925.71
      25.503     0.999707        16993      3413.33
      25.503     0.999756        16993      4096.00
      25.615     0.999780        16994      4551.11
      25.615     0.999805        16994      5120.00
      26.431     0.999829        16995      5851.43
      26.431     0.999854        16995      6826.67
      26.431     0.999878        16995      8192.00
      26.495     0.999890        16996      9102.22
      26.495     0.999902        16996     10240.00
      26.495     0.999915        16996     11702.86
      26.495     0.999927        16996     13653.33
      26.495     0.999939        16996     16384.00
      26.655     0.999945        16997     18204.44
      26.655     1.000000        16997          inf
#[Mean    =       11.323, StdDeviation   =        5.407]
#[Max     =       26.640, Total count    =        16997]
#[Buckets =           27, SubBuckets     =         2048]
----------------------------------------------------------
  18003 requests in 3.00m, 4.25MB read
Requests/sec:    100.01
Transfer/sec:     24.17KB
