Running 3m test @ http://10.99.205.204:11000/a?value=1
  4 threads and 10 connections
  Thread calibration: mean lat.: 86.909ms, rate sampling interval: 427ms
  Thread calibration: mean lat.: 127.318ms, rate sampling interval: 447ms
  Thread calibration: mean lat.: 390.527ms, rate sampling interval: 1985ms
  Thread calibration: mean lat.: 40.534ms, rate sampling interval: 180ms
  Thread Stats   Avg      Stdev     Max   +/- Stdev
    Latency     1.29s     3.99s   21.41s    91.35%
    Req/Sec    24.46      4.18    44.00     84.05%
  Latency Distribution (HdrHistogram - Recorded Latency)
 50.000%   70.65ms
 75.000%   88.89ms
 90.000%    2.90s 
 99.000%   19.74s 
 99.900%   21.27s 
 99.990%   21.41s 
 99.999%   21.43s 
100.000%   21.43s 

  Detailed Percentile spectrum:
       Value   Percentile   TotalCount 1/(1-Percentile)

       8.887     0.000000            1         1.00
      12.111     0.100000         1684         1.11
      13.335     0.200000         3358         1.25
      24.175     0.300000         5025         1.43
      58.335     0.400000         6700         1.67
      70.655     0.500000         8384         2.00
      73.919     0.550000         9227         2.22
      77.567     0.600000        10052         2.50
      80.319     0.650000        10895         2.86
      83.263     0.700000        11725         3.33
      88.895     0.750000        12561         4.00
      93.567     0.775000        12987         4.44
      97.599     0.800000        13403         5.00
     104.575     0.825000        13821         5.71
     119.935     0.850000        14237         6.67
     154.879     0.875000        14655         8.00
     271.871     0.887500        14864         8.89
    2902.015     0.900000        15074        10.00
    5038.079     0.912500        15283        11.43
    7499.775     0.925000        15492        13.33
    9994.239     0.937500        15703        16.00
   11247.615     0.943750        15806        17.78
   12271.615     0.950000        15912        20.00
   13377.535     0.956250        16016        22.86
   14467.071     0.962500        16120        26.67
   15597.567     0.968750        16226        32.00
   16031.743     0.971875        16277        35.56
   16539.647     0.975000        16330        40.00
   16924.671     0.978125        16382        45.71
   17629.183     0.981250        16434        53.33
   18317.311     0.984375        16487        64.00
   18661.375     0.985938        16513        71.11
   19103.743     0.987500        16539        80.00
   19660.799     0.989062        16566        91.43
   19775.487     0.990625        16594       106.67
   20004.863     0.992188        16618       128.00
   20135.935     0.992969        16635       142.22
   20250.623     0.993750        16645       160.00
   20430.847     0.994531        16657       182.86
   20692.991     0.995313        16670       213.33
   20742.143     0.996094        16683       256.00
   20824.063     0.996484        16690       284.44
   20922.367     0.996875        16697       320.00
   21020.671     0.997266        16703       365.71
   21086.207     0.997656        16709       426.67
   21135.359     0.998047        16717       512.00
   21168.127     0.998242        16721       568.89
   21184.511     0.998437        16722       640.00
   21250.047     0.998633        16729       731.43
   21250.047     0.998828        16729       853.33
   21282.815     0.999023        16733      1024.00
   21299.199     0.999121        16737      1137.78
   21299.199     0.999219        16737      1280.00
   21299.199     0.999316        16737      1462.86
   21315.583     0.999414        16739      1706.67
   21331.967     0.999512        16741      2048.00
   21331.967     0.999561        16741      2275.56
   21348.351     0.999609        16742      2560.00
   21364.735     0.999658        16743      2925.71
   21381.119     0.999707        16744      3413.33
   21381.119     0.999756        16744      4096.00
   21413.887     0.999780        16747      4551.11
   21413.887     0.999805        16747      5120.00
   21413.887     0.999829        16747      5851.43
   21413.887     0.999854        16747      6826.67
   21413.887     0.999878        16747      8192.00
   21413.887     0.999890        16747      9102.22
   21413.887     0.999902        16747     10240.00
   21413.887     0.999915        16747     11702.86
   21413.887     0.999927        16747     13653.33
   21413.887     0.999939        16747     16384.00
   21430.271     0.999945        16748     18204.44
   21430.271     1.000000        16748          inf
#[Mean    =     1288.463, StdDeviation   =     3992.051]
#[Max     =    21413.888, Total count    =        16748]
#[Buckets =           27, SubBuckets     =         2048]
----------------------------------------------------------
  17733 requests in 3.00m, 4.19MB read
Requests/sec:     98.51
Transfer/sec:     23.86KB
