Running 2m test @ http://10.97.31.177:9080/productpage
  2 threads and 4 connections
  Thread calibration: mean lat.: 2337.270ms, rate sampling interval: 8404ms
  Thread calibration: mean lat.: 2174.353ms, rate sampling interval: 7823ms
  Thread Stats   Avg      Stdev     Max   +/- Stdev
    Latency    33.30s    15.47s    1.05m    60.07%
    Req/Sec    37.93      3.31    44.00     85.19%
  Latency Distribution (HdrHistogram - Recorded Latency)
 50.000%   34.14s 
 75.000%   46.37s 
 90.000%    0.89m 
 99.000%    1.02m 
 99.900%    1.05m 
 99.990%    1.05m 
 99.999%    1.05m 
100.000%    1.05m 

  Detailed Percentile spectrum:
       Value   Percentile   TotalCount 1/(1-Percentile)

    4255.743     0.000000            1         1.00
   11075.583     0.100000          846         1.11
   17661.951     0.200000         1696         1.25
   23461.887     0.300000         2540         1.43
   28966.911     0.400000         3386         1.67
   34144.255     0.500000         4235         2.00
   36601.855     0.550000         4654         2.22
   39124.991     0.600000         5076         2.50
   41517.055     0.650000         5500         2.86
   43974.655     0.700000         5922         3.33
   46366.719     0.750000         6346         4.00
   47513.599     0.775000         6563         4.44
   48562.175     0.800000         6769         5.00
   49774.591     0.825000         6980         5.71
   50954.239     0.850000         7204         6.67
   52199.423     0.875000         7406         8.00
   52920.319     0.887500         7510         8.89
   53641.215     0.900000         7615        10.00
   54591.487     0.912500         7725        11.43
   55377.919     0.925000         7826        13.33
   56229.887     0.937500         7934        16.00
   56557.567     0.943750         7984        17.78
   56950.783     0.950000         8039        20.00
   57343.999     0.956250         8094        22.86
   57671.679     0.962500         8144        26.67
   58064.895     0.968750         8195        32.00
   58327.039     0.971875         8226        35.56
   58556.415     0.975000         8249        40.00
   58818.559     0.978125         8275        45.71
   59277.311     0.981250         8304        53.33
   59703.295     0.984375         8328        64.00
   60129.279     0.985938         8342        71.11
   60456.959     0.987500         8354        80.00
   60784.639     0.989062         8369        91.43
   61145.087     0.990625         8381       106.67
   61472.767     0.992188         8393       128.00
   61669.375     0.992969         8402       142.22
   61833.215     0.993750         8407       160.00
   61964.287     0.994531         8414       182.86
   62160.895     0.995313         8420       213.33
   62390.271     0.996094         8426       256.00
   62554.111     0.996484         8432       284.44
   62586.879     0.996875         8434       320.00
   62652.415     0.997266         8437       365.71
   62717.951     0.997656         8441       426.67
   62750.719     0.998047         8443       512.00
   62783.487     0.998242         8445       568.89
   62849.023     0.998437         8446       640.00
   62947.327     0.998633         8448       731.43
   63012.863     0.998828         8451       853.33
   63012.863     0.999023         8451      1024.00
   63045.631     0.999121         8453      1137.78
   63045.631     0.999219         8453      1280.00
   63111.167     0.999316         8454      1462.86
   63176.703     0.999414         8456      1706.67
   63176.703     0.999512         8456      2048.00
   63176.703     0.999561         8456      2275.56
   63176.703     0.999609         8456      2560.00
   63209.471     0.999658         8457      2925.71
   63209.471     0.999707         8457      3413.33
   63209.471     0.999756         8457      4096.00
   63275.007     0.999780         8459      4551.11
   63275.007     1.000000         8459          inf
#[Mean    =    33302.474, StdDeviation   =    15471.744]
#[Max     =    63242.240, Total count    =         8459]
#[Buckets =           27, SubBuckets     =         2048]
----------------------------------------------------------
  9274 requests in 2.00m, 135.61MB read
Requests/sec:     77.27
Transfer/sec:      1.13MB
