Running 2m test @ http://10.97.31.177:9080/productpage
  2 threads and 4 connections
  Thread calibration: mean lat.: 1186.324ms, rate sampling interval: 4337ms
  Thread calibration: mean lat.: 1670.645ms, rate sampling interval: 6045ms
  Thread Stats   Avg      Stdev     Max   +/- Stdev
    Latency    16.98s    12.03s   50.36s    69.95%
    Req/Sec    35.95      7.54    45.00     67.44%
  Latency Distribution (HdrHistogram - Recorded Latency)
 50.000%   14.11s 
 75.000%   21.81s 
 90.000%   37.65s 
 99.000%   48.99s 
 99.900%   50.20s 
 99.990%   50.36s 
 99.999%   50.40s 
100.000%   50.40s 

  Detailed Percentile spectrum:
       Value   Percentile   TotalCount 1/(1-Percentile)

    2073.599     0.000000            1         1.00
    4300.799     0.100000          783         1.11
    6479.871     0.200000         1564         1.25
    9306.111     0.300000         2342         1.43
   11993.087     0.400000         3125         1.67
   14114.815     0.500000         3907         2.00
   15147.007     0.550000         4301         2.22
   15802.367     0.600000         4687         2.50
   17530.879     0.650000         5081         2.86
   19333.119     0.700000         5465         3.33
   21807.103     0.750000         5861         4.00
   22593.535     0.775000         6052         4.44
   24952.831     0.800000         6246         5.00
   28295.167     0.825000         6440         5.71
   31375.359     0.850000         6638         6.67
   34668.543     0.875000         6832         8.00
   36241.407     0.887500         6929         8.89
   37650.431     0.900000         7029        10.00
   39256.063     0.912500         7125        11.43
   40894.463     0.925000         7221        13.33
   42205.183     0.937500         7322        16.00
   43024.383     0.943750         7369        17.78
   43778.047     0.950000         7416        20.00
   44728.319     0.956250         7467        22.86
   45514.751     0.962500         7515        26.67
   46366.719     0.968750         7563        32.00
   46661.631     0.971875         7587        35.56
   47054.847     0.975000         7611        40.00
   47415.295     0.978125         7636        45.71
   47841.279     0.981250         7660        53.33
   48300.031     0.984375         7686        64.00
   48463.871     0.985938         7697        71.11
   48693.247     0.987500         7710        80.00
   48889.855     0.989062         7721        91.43
   49119.231     0.990625         7733       106.67
   49315.839     0.992188         7747       128.00
   49414.143     0.992969         7752       142.22
   49545.215     0.993750         7758       160.00
   49643.519     0.994531         7765       182.86
   49709.055     0.995313         7771       213.33
   49807.359     0.996094         7778       256.00
   49840.127     0.996484         7781       284.44
   49905.663     0.996875         7783       320.00
   49938.431     0.997266         7785       365.71
   50036.735     0.997656         7789       426.67
   50102.271     0.998047         7792       512.00
   50135.039     0.998242         7793       568.89
   50167.807     0.998437         7796       640.00
   50167.807     0.998633         7796       731.43
   50200.575     0.998828         7800       853.33
   50200.575     0.999023         7800      1024.00
   50200.575     0.999121         7800      1137.78
   50200.575     0.999219         7800      1280.00
   50233.343     0.999316         7801      1462.86
   50266.111     0.999414         7802      1706.67
   50298.879     0.999512         7804      2048.00
   50298.879     0.999561         7804      2275.56
   50298.879     0.999609         7804      2560.00
   50298.879     0.999658         7804      2925.71
   50298.879     0.999707         7804      3413.33
   50364.415     0.999756         7805      4096.00
   50364.415     0.999780         7805      4551.11
   50364.415     0.999805         7805      5120.00
   50364.415     0.999829         7805      5851.43
   50364.415     0.999854         7805      6826.67
   50397.183     0.999878         7806      8192.00
   50397.183     1.000000         7806          inf
#[Mean    =    16981.637, StdDeviation   =    12030.905]
#[Max     =    50364.416, Total count    =         7806]
#[Buckets =           27, SubBuckets     =         2048]
----------------------------------------------------------
  8514 requests in 2.00m, 124.51MB read
Requests/sec:     70.94
Transfer/sec:      1.04MB
