Running 2m test @ http://10.97.31.177:9080/productpage
  2 threads and 4 connections
  Thread calibration: mean lat.: 1750.426ms, rate sampling interval: 6168ms
  Thread calibration: mean lat.: 2022.280ms, rate sampling interval: 6852ms
  Thread Stats   Avg      Stdev     Max   +/- Stdev
    Latency    22.66s    10.64s   41.52s    58.03%
    Req/Sec    26.03      1.03    28.00     93.94%
  Latency Distribution (HdrHistogram - Recorded Latency)
 50.000%   22.94s 
 75.000%   31.93s 
 90.000%   37.13s 
 99.000%   40.57s 
 99.900%   41.39s 
 99.990%   41.55s 
 99.999%   41.55s 
100.000%   41.55s 

  Detailed Percentile spectrum:
       Value   Percentile   TotalCount 1/(1-Percentile)

    3309.567     0.000000            1         1.00
    7548.927     0.100000          585         1.11
   11632.639     0.200000         1167         1.25
   15523.839     0.300000         1750         1.43
   19365.887     0.400000         2333         1.67
   22937.599     0.500000         2916         2.00
   24575.999     0.550000         3208         2.22
   26460.159     0.600000         3499         2.50
   28229.631     0.650000         3791         2.86
   30048.255     0.700000         4082         3.33
   31948.799     0.750000         4376         4.00
   32767.999     0.775000         4521         4.44
   33554.431     0.800000         4665         5.00
   34570.239     0.825000         4812         5.71
   35389.439     0.850000         4959         6.67
   36339.711     0.875000         5107         8.00
   36700.159     0.887500         5176         8.89
   37126.143     0.900000         5253        10.00
   37617.663     0.912500         5324        11.43
   38109.183     0.925000         5394        13.33
   38469.631     0.937500         5471        16.00
   38666.239     0.943750         5507        17.78
   38928.383     0.950000         5545        20.00
   39124.991     0.956250         5577        22.86
   39354.367     0.962500         5616        26.67
   39583.743     0.968750         5651        32.00
   39780.351     0.971875         5673        35.56
   39944.191     0.975000         5688        40.00
   40108.031     0.978125         5706        45.71
   40271.871     0.981250         5726        53.33
   40370.175     0.984375         5742        64.00
   40435.711     0.985938         5753        71.11
   40468.479     0.987500         5761        80.00
   40534.015     0.989062         5770        91.43
   40632.319     0.990625         5778       106.67
   40763.391     0.992188         5787       128.00
   40894.463     0.992969         5793       142.22
   40927.231     0.993750         5796       160.00
   40992.767     0.994531         5800       182.86
   41058.303     0.995313         5806       213.33
   41091.071     0.996094         5809       256.00
   41123.839     0.996484         5811       284.44
   41156.607     0.996875         5816       320.00
   41156.607     0.997266         5816       365.71
   41189.375     0.997656         5818       426.67
   41222.143     0.998047         5820       512.00
   41287.679     0.998242         5821       568.89
   41320.447     0.998437         5822       640.00
   41385.983     0.998633         5825       731.43
   41385.983     0.998828         5825       853.33
   41418.751     0.999023         5826      1024.00
   41418.751     0.999121         5826      1137.78
   41451.519     0.999219         5828      1280.00
   41451.519     0.999316         5828      1462.86
   41451.519     0.999414         5828      1706.67
   41484.287     0.999512         5829      2048.00
   41484.287     0.999561         5829      2275.56
   41484.287     0.999609         5829      2560.00
   41549.823     0.999658         5831      2925.71
   41549.823     1.000000         5831          inf
#[Mean    =    22655.596, StdDeviation   =    10640.869]
#[Max     =    41517.056, Total count    =         5831]
#[Buckets =           27, SubBuckets     =         2048]
----------------------------------------------------------
  6346 requests in 2.00m, 92.80MB read
Requests/sec:     52.87
Transfer/sec:    791.74KB
