Running 2m test @ http://10.97.31.177:9080/productpage
  2 threads and 4 connections
  Thread calibration: mean lat.: 2463.974ms, rate sampling interval: 8437ms
  Thread calibration: mean lat.: 2681.426ms, rate sampling interval: 9502ms
  Thread Stats   Avg      Stdev     Max   +/- Stdev
    Latency    30.05s    14.29s    0.95m    58.34%
    Req/Sec    27.04      0.98    29.00     95.83%
  Latency Distribution (HdrHistogram - Recorded Latency)
 50.000%   30.00s 
 75.000%   42.43s 
 90.000%   49.55s 
 99.000%    0.92m 
 99.900%    0.94m 
 99.990%    0.95m 
 99.999%    0.95m 
100.000%    0.95m 

  Detailed Percentile spectrum:
       Value   Percentile   TotalCount 1/(1-Percentile)

    4784.127     0.000000            1         1.00
   10190.847     0.100000          605         1.11
   15450.111     0.200000         1211         1.25
   20234.239     0.300000         1816         1.43
   24985.599     0.400000         2419         1.67
   29999.103     0.500000         3024         2.00
   32784.383     0.550000         3326         2.22
   35422.207     0.600000         3634         2.50
   37847.039     0.650000         3930         2.86
   40042.495     0.700000         4239         3.33
   42434.559     0.750000         4536         4.00
   43614.207     0.775000         4688         4.44
   44761.087     0.800000         4840         5.00
   45809.663     0.825000         4989         5.71
   47087.615     0.850000         5140         6.67
   48332.799     0.875000         5293         8.00
   48889.855     0.887500         5370         8.89
   49545.215     0.900000         5443        10.00
   50167.807     0.912500         5518        11.43
   50823.167     0.925000         5596        13.33
   51445.759     0.937500         5672        16.00
   51740.671     0.943750         5710        17.78
   52002.815     0.950000         5746        20.00
   52330.495     0.956250         5783        22.86
   52690.943     0.962500         5822        26.67
   53116.927     0.968750         5859        32.00
   53313.535     0.971875         5876        35.56
   53641.215     0.975000         5897        40.00
   54034.431     0.978125         5914        45.71
   54296.575     0.981250         5933        53.33
   54624.255     0.984375         5954        64.00
   54722.559     0.985938         5962        71.11
   54886.399     0.987500         5972        80.00
   54984.703     0.989062         5980        91.43
   55181.311     0.990625         5991       106.67
   55246.847     0.992188         5999       128.00
   55312.383     0.992969         6006       142.22
   55443.455     0.993750         6009       160.00
   55574.527     0.994531         6014       182.86
   55705.599     0.995313         6018       213.33
   55902.207     0.996094         6023       256.00
   56033.279     0.996484         6025       284.44
   56164.351     0.996875         6028       320.00
   56262.655     0.997266         6030       365.71
   56295.423     0.997656         6033       426.67
   56393.727     0.998047         6035       512.00
   56459.263     0.998242         6036       568.89
   56492.031     0.998437         6037       640.00
   56557.567     0.998633         6038       731.43
   56623.103     0.998828         6039       853.33
   56655.871     0.999023         6042      1024.00
   56655.871     0.999121         6042      1137.78
   56655.871     0.999219         6042      1280.00
   56655.871     0.999316         6042      1462.86
   56688.639     0.999414         6043      1706.67
   56721.407     0.999512         6044      2048.00
   56721.407     0.999561         6044      2275.56
   56721.407     0.999609         6044      2560.00
   56721.407     0.999658         6044      2925.71
   56786.943     0.999707         6046      3413.33
   56786.943     1.000000         6046          inf
#[Mean    =    30045.715, StdDeviation   =    14289.022]
#[Max     =    56754.176, Total count    =         6046]
#[Buckets =           27, SubBuckets     =         2048]
----------------------------------------------------------
  6556 requests in 2.00m, 95.87MB read
Requests/sec:     54.63
Transfer/sec:    818.04KB
