Running 2m test @ http://10.97.31.177:9080/productpage
  2 threads and 4 connections
  Thread calibration: mean lat.: 2916.299ms, rate sampling interval: 10436ms
  Thread calibration: mean lat.: 3137.966ms, rate sampling interval: 11001ms
  Thread Stats   Avg      Stdev     Max   +/- Stdev
    Latency    38.89s    19.32s    1.34m    58.23%
    Req/Sec    39.32      3.06    44.00     84.21%
  Latency Distribution (HdrHistogram - Recorded Latency)
 50.000%   38.83s 
 75.000%    0.93m 
 90.000%    1.08m 
 99.000%    1.28m 
 99.900%    1.33m 
 99.990%    1.34m 
 99.999%    1.34m 
100.000%    1.34m 

  Detailed Percentile spectrum:
       Value   Percentile   TotalCount 1/(1-Percentile)

    5631.999     0.000000            1         1.00
   12165.119     0.100000          873         1.11
   18726.911     0.200000         1746         1.25
   25673.727     0.300000         2615         1.43
   32374.783     0.400000         3487         1.67
   38830.079     0.500000         4359         2.00
   42106.879     0.550000         4797         2.22
   45416.447     0.600000         5232         2.50
   48562.175     0.650000         5667         2.86
   52166.655     0.700000         6105         3.33
   55541.759     0.750000         6537         4.00
   56950.783     0.775000         6757         4.44
   58589.183     0.800000         6974         5.00
   60162.047     0.825000         7195         5.71
   61800.447     0.850000         7409         6.67
   63438.847     0.875000         7630         8.00
   64192.511     0.887500         7737         8.89
   64978.943     0.900000         7846        10.00
   65830.911     0.912500         7959        11.43
   66650.111     0.925000         8065        13.33
   67502.079     0.937500         8177        16.00
   67960.831     0.943750         8235        17.78
   68354.047     0.950000         8282        20.00
   68943.871     0.956250         8338        22.86
   69468.159     0.962500         8391        26.67
   70123.519     0.968750         8444        32.00
   70582.271     0.971875         8471        35.56
   71630.847     0.975000         8499        40.00
   72679.423     0.978125         8526        45.71
   73793.535     0.981250         8553        53.33
   74973.183     0.984375         8580        64.00
   75366.399     0.985938         8595        71.11
   76021.759     0.987500         8610        80.00
   76611.583     0.989062         8621        91.43
   77070.335     0.990625         8635       106.67
   77660.159     0.992188         8648       128.00
   77922.303     0.992969         8655       142.22
   78184.447     0.993750         8662       160.00
   78446.591     0.994531         8669       182.86
   78905.343     0.995313         8677       213.33
   79167.487     0.996094         8684       256.00
   79298.559     0.996484         8686       284.44
   79364.095     0.996875         8689       320.00
   79495.167     0.997266         8693       365.71
   79626.239     0.997656         8697       426.67
   79691.775     0.998047         8699       512.00
   79757.311     0.998242         8702       568.89
   79888.383     0.998437         8704       640.00
   79953.919     0.998633         8706       731.43
   79953.919     0.998828         8706       853.33
   80019.455     0.999023         8709      1024.00
   80019.455     0.999121         8709      1137.78
   80084.991     0.999219         8710      1280.00
   80150.527     0.999316         8711      1462.86
   80150.527     0.999414         8711      1706.67
   80281.599     0.999512         8713      2048.00
   80281.599     0.999561         8713      2275.56
   80281.599     0.999609         8713      2560.00
   80347.135     0.999658         8714      2925.71
   80347.135     0.999707         8714      3413.33
   80347.135     0.999756         8714      4096.00
   80412.671     0.999780         8715      4551.11
   80412.671     0.999805         8715      5120.00
   80412.671     0.999829         8715      5851.43
   80412.671     0.999854         8715      6826.67
   80412.671     0.999878         8715      8192.00
   80478.207     0.999890         8716      9102.22
   80478.207     1.000000         8716          inf
#[Mean    =    38885.620, StdDeviation   =    19315.011]
#[Max     =    80412.672, Total count    =         8716]
#[Buckets =           27, SubBuckets     =         2048]
----------------------------------------------------------
  9541 requests in 2.00m, 139.51MB read
Requests/sec:     79.50
Transfer/sec:      1.16MB
