Running 3m test @ http://10.105.92.109:11003/d?value=1
  4 threads and 10 connections
  Thread calibration: mean lat.: 10.075ms, rate sampling interval: 29ms
  Thread calibration: mean lat.: 9.428ms, rate sampling interval: 27ms
  Thread calibration: mean lat.: 10.010ms, rate sampling interval: 29ms
  Thread calibration: mean lat.: 6.311ms, rate sampling interval: 17ms
  Thread Stats   Avg      Stdev     Max   +/- Stdev
    Latency     8.92ms    3.68ms  37.82ms   61.16%
    Req/Sec    63.42     33.68   176.00     72.09%
  Latency Distribution (HdrHistogram - Recorded Latency)
 50.000%    8.34ms
 75.000%   11.84ms
 90.000%   13.95ms
 99.000%   17.39ms
 99.900%   24.25ms
 99.990%   33.50ms
 99.999%   37.85ms
100.000%   37.85ms

  Detailed Percentile spectrum:
       Value   Percentile   TotalCount 1/(1-Percentile)

       2.591     0.000000            1         1.00
       4.343     0.100000         4262         1.11
       5.287     0.200000         8503         1.25
       6.359     0.300000        12749         1.43
       7.371     0.400000        17008         1.67
       8.335     0.500000        21266         2.00
       8.943     0.550000        23398         2.22
       9.663     0.600000        25500         2.50
      10.399     0.650000        27628         2.86
      11.135     0.700000        29748         3.33
      11.839     0.750000        31895         4.00
      12.167     0.775000        32941         4.44
      12.511     0.800000        34000         5.00
      12.831     0.825000        35080         5.71
      13.167     0.850000        36128         6.67
      13.543     0.875000        37187         8.00
      13.743     0.887500        37720         8.89
      13.951     0.900000        38263        10.00
      14.183     0.912500        38787        11.43
      14.431     0.925000        39316        13.33
      14.719     0.937500        39850        16.00
      14.847     0.943750        40112        17.78
      14.975     0.950000        40374        20.00
      15.215     0.956250        40638        22.86
      15.439     0.962500        40904        26.67
      15.671     0.968750        41170        32.00
      15.823     0.971875        41304        35.56
      15.991     0.975000        41437        40.00
      16.175     0.978125        41568        45.71
      16.399     0.981250        41702        53.33
      16.671     0.984375        41835        64.00
      16.847     0.985938        41899        71.11
      17.007     0.987500        41972        80.00
      17.215     0.989062        42033        91.43
      17.535     0.990625        42101       106.67
      17.855     0.992188        42165       128.00
      18.079     0.992969        42199       142.22
      18.399     0.993750        42232       160.00
      18.687     0.994531        42264       182.86
      19.119     0.995313        42297       213.33
      19.663     0.996094        42332       256.00
      20.047     0.996484        42347       284.44
      20.479     0.996875        42365       320.00
      20.863     0.997266        42380       365.71
      21.471     0.997656        42398       426.67
      21.871     0.998047        42413       512.00
      22.367     0.998242        42422       568.89
      22.719     0.998437        42430       640.00
      23.407     0.998633        42439       731.43
      23.839     0.998828        42448       853.33
      24.303     0.999023        42455      1024.00
      24.959     0.999121        42459      1137.78
      25.247     0.999219        42463      1280.00
      25.423     0.999316        42467      1462.86
      25.727     0.999414        42472      1706.67
      26.335     0.999512        42476      2048.00
      26.911     0.999561        42478      2275.56
      27.807     0.999609        42480      2560.00
      28.143     0.999658        42482      2925.71
      30.239     0.999707        42484      3413.33
      30.607     0.999756        42486      4096.00
      31.615     0.999780        42487      4551.11
      32.207     0.999805        42488      5120.00
      32.319     0.999829        42489      5851.43
      33.375     0.999854        42490      6826.67
      33.439     0.999878        42491      8192.00
      33.503     0.999890        42492      9102.22
      33.503     0.999902        42492     10240.00
      34.047     0.999915        42493     11702.86
      34.047     0.999927        42493     13653.33
      37.471     0.999939        42494     16384.00
      37.471     0.999945        42494     18204.44
      37.471     0.999951        42494     20480.00
      37.695     0.999957        42495     23405.71
      37.695     0.999963        42495     27306.67
      37.695     0.999969        42495     32768.00
      37.695     0.999973        42495     36408.89
      37.695     0.999976        42495     40960.00
      37.855     0.999979        42496     46811.43
      37.855     1.000000        42496          inf
#[Mean    =        8.921, StdDeviation   =        3.683]
#[Max     =       37.824, Total count    =        42496]
#[Buckets =           27, SubBuckets     =         2048]
----------------------------------------------------------
  45004 requests in 3.00m, 10.61MB read
Requests/sec:    250.01
Transfer/sec:     60.36KB
