Running 3m test @ http://10.105.92.109:11003/d?value=1
  4 threads and 10 connections
  Thread calibration: mean lat.: 10.837ms, rate sampling interval: 37ms
  Thread calibration: mean lat.: 12.772ms, rate sampling interval: 30ms
  Thread calibration: mean lat.: 13.276ms, rate sampling interval: 35ms
  Thread calibration: mean lat.: 14.092ms, rate sampling interval: 37ms
  Thread Stats   Avg      Stdev     Max   +/- Stdev
    Latency    12.68ms    3.97ms  29.46ms   67.60%
    Req/Sec    50.36     16.89   114.00     83.92%
  Latency Distribution (HdrHistogram - Recorded Latency)
 50.000%   12.97ms
 75.000%   15.26ms
 90.000%   17.65ms
 99.000%   21.36ms
 99.900%   23.76ms
 99.990%   28.16ms
 99.999%   29.47ms
100.000%   29.47ms

  Detailed Percentile spectrum:
       Value   Percentile   TotalCount 1/(1-Percentile)

       2.937     0.000000            1         1.00
       6.875     0.100000         3407         1.11
       9.343     0.200000         6802         1.25
      11.079     0.300000        10216         1.43
      12.103     0.400000        13604         1.67
      12.967     0.500000        17006         2.00
      13.383     0.550000        18710         2.22
      13.807     0.600000        20426         2.50
      14.255     0.650000        22109         2.86
      14.743     0.700000        23812         3.33
      15.255     0.750000        25521         4.00
      15.535     0.775000        26373         4.44
      15.863     0.800000        27217         5.00
      16.199     0.825000        28064         5.71
      16.639     0.850000        28921         6.67
      17.087     0.875000        29761         8.00
      17.375     0.887500        30182         8.89
      17.647     0.900000        30613        10.00
      17.983     0.912500        31046        11.43
      18.319     0.925000        31461        13.33
      18.671     0.937500        31878        16.00
      18.879     0.943750        32099        17.78
      19.087     0.950000        32315        20.00
      19.295     0.956250        32520        22.86
      19.519     0.962500        32729        26.67
      19.807     0.968750        32942        32.00
      19.967     0.971875        33055        35.56
      20.143     0.975000        33154        40.00
      20.351     0.978125        33260        45.71
      20.575     0.981250        33367        53.33
      20.799     0.984375        33470        64.00
      20.959     0.985938        33522        71.11
      21.071     0.987500        33582        80.00
      21.215     0.989062        33632        91.43
      21.455     0.990625        33682       106.67
      21.695     0.992188        33736       128.00
      21.791     0.992969        33763       142.22
      21.887     0.993750        33788       160.00
      22.063     0.994531        33819       182.86
      22.223     0.995313        33841       213.33
      22.479     0.996094        33868       256.00
      22.559     0.996484        33883       284.44
      22.687     0.996875        33894       320.00
      22.863     0.997266        33908       365.71
      23.055     0.997656        33922       426.67
      23.183     0.998047        33935       512.00
      23.231     0.998242        33942       568.89
      23.311     0.998437        33949       640.00
      23.423     0.998633        33955       731.43
      23.535     0.998828        33962       853.33
      23.775     0.999023        33968      1024.00
      23.823     0.999121        33971      1137.78
      23.999     0.999219        33974      1280.00
      24.287     0.999316        33977      1462.86
      24.607     0.999414        33981      1706.67
      24.687     0.999512        33984      2048.00
      24.719     0.999561        33986      2275.56
      24.911     0.999609        33987      2560.00
      25.455     0.999658        33989      2925.71
      26.687     0.999707        33991      3413.33
      26.703     0.999756        33992      4096.00
      26.879     0.999780        33993      4551.11
      27.263     0.999805        33994      5120.00
      27.983     0.999829        33995      5851.43
      28.111     0.999854        33996      6826.67
      28.111     0.999878        33996      8192.00
      28.159     0.999890        33997      9102.22
      28.159     0.999902        33997     10240.00
      28.255     0.999915        33998     11702.86
      28.255     0.999927        33998     13653.33
      28.255     0.999939        33998     16384.00
      29.231     0.999945        33999     18204.44
      29.231     0.999951        33999     20480.00
      29.231     0.999957        33999     23405.71
      29.231     0.999963        33999     27306.67
      29.231     0.999969        33999     32768.00
      29.471     0.999973        34000     36408.89
      29.471     1.000000        34000          inf
#[Mean    =       12.685, StdDeviation   =        3.969]
#[Max     =       29.456, Total count    =        34000]
#[Buckets =           27, SubBuckets     =         2048]
----------------------------------------------------------
  36004 requests in 3.00m, 8.50MB read
Requests/sec:    200.00
Transfer/sec:     48.36KB
