Running 3m test @ http://10.105.92.109:11003/d?value=1
  4 threads and 10 connections
  Thread calibration: mean lat.: 11.754ms, rate sampling interval: 31ms
  Thread calibration: mean lat.: 9.458ms, rate sampling interval: 52ms
  Thread calibration: mean lat.: 11.760ms, rate sampling interval: 52ms
  Thread calibration: mean lat.: 9.472ms, rate sampling interval: 52ms
  Thread Stats   Avg      Stdev     Max   +/- Stdev
    Latency    10.40ms    7.62ms  54.18ms   86.51%
    Req/Sec    25.03     21.23    66.00     55.70%
  Latency Distribution (HdrHistogram - Recorded Latency)
 50.000%    6.47ms
 75.000%   13.22ms
 90.000%   26.27ms
 99.000%   29.12ms
 99.900%   30.85ms
 99.990%   33.31ms
 99.999%   54.21ms
100.000%   54.21ms

  Detailed Percentile spectrum:
       Value   Percentile   TotalCount 1/(1-Percentile)

       2.399     0.000000            1         1.00
       3.795     0.100000         1701         1.11
       4.199     0.200000         3420         1.25
       4.559     0.300000         5106         1.43
       4.991     0.400000         6810         1.67
       6.475     0.500000         8498         2.00
      11.183     0.550000         9355         2.22
      11.743     0.600000        10200         2.50
      12.215     0.650000        11066         2.86
      12.647     0.700000        11903         3.33
      13.223     0.750000        12754         4.00
      13.559     0.775000        13180         4.44
      13.871     0.800000        13597         5.00
      14.279     0.825000        14025         5.71
      15.119     0.850000        14447         6.67
      25.343     0.875000        14871         8.00
      25.935     0.887500        15085         8.89
      26.271     0.900000        15300        10.00
      26.495     0.912500        15516        11.43
      26.719     0.925000        15726        13.33
      26.991     0.937500        15936        16.00
      27.151     0.943750        16041        17.78
      27.327     0.950000        16156        20.00
      27.503     0.956250        16257        22.86
      27.711     0.962500        16358        26.67
      27.951     0.968750        16468        32.00
      28.079     0.971875        16525        35.56
      28.191     0.975000        16572        40.00
      28.383     0.978125        16631        45.71
      28.543     0.981250        16681        53.33
      28.703     0.984375        16737        64.00
      28.783     0.985938        16757        71.11
      28.911     0.987500        16786        80.00
      29.007     0.989062        16810        91.43
      29.199     0.990625        16837       106.67
      29.327     0.992188        16863       128.00
      29.455     0.992969        16876       142.22
      29.615     0.993750        16892       160.00
      29.711     0.994531        16903       182.86
      29.871     0.995313        16918       213.33
      30.031     0.996094        16929       256.00
      30.127     0.996484        16937       284.44
      30.207     0.996875        16942       320.00
      30.287     0.997266        16949       365.71
      30.431     0.997656        16956       426.67
      30.511     0.998047        16963       512.00
      30.607     0.998242        16966       568.89
      30.751     0.998437        16970       640.00
      30.767     0.998633        16974       731.43
      30.815     0.998828        16976       853.33
      30.927     0.999023        16980      1024.00
      30.959     0.999121        16981      1137.78
      30.975     0.999219        16982      1280.00
      30.991     0.999316        16984      1462.86
      31.071     0.999414        16986      1706.67
      31.119     0.999512        16988      2048.00
      31.119     0.999561        16988      2275.56
      31.151     0.999609        16989      2560.00
      31.439     0.999658        16990      2925.71
      32.415     0.999707        16991      3413.33
      32.415     0.999756        16991      4096.00
      33.023     0.999780        16992      4551.11
      33.023     0.999805        16992      5120.00
      33.311     0.999829        16993      5851.43
      33.311     0.999854        16993      6826.67
      33.311     0.999878        16993      8192.00
      49.055     0.999890        16994      9102.22
      49.055     0.999902        16994     10240.00
      49.055     0.999915        16994     11702.86
      49.055     0.999927        16994     13653.33
      49.055     0.999939        16994     16384.00
      54.207     0.999945        16995     18204.44
      54.207     1.000000        16995          inf
#[Mean    =       10.400, StdDeviation   =        7.616]
#[Max     =       54.176, Total count    =        16995]
#[Buckets =           27, SubBuckets     =         2048]
----------------------------------------------------------
  18004 requests in 3.00m, 4.25MB read
Requests/sec:    100.01
Transfer/sec:     24.16KB
