Running 3m test @ http://10.105.92.109:11003/d?value=1
  4 threads and 10 connections
  Thread calibration: mean lat.: 10.185ms, rate sampling interval: 54ms
  Thread calibration: mean lat.: 11.852ms, rate sampling interval: 30ms
  Thread calibration: mean lat.: 12.618ms, rate sampling interval: 35ms
  Thread calibration: mean lat.: 13.279ms, rate sampling interval: 42ms
  Thread Stats   Avg      Stdev     Max   +/- Stdev
    Latency    11.40ms    7.16ms  51.71ms   78.05%
    Req/Sec    12.50     20.52    68.00     82.71%
  Latency Distribution (HdrHistogram - Recorded Latency)
 50.000%   11.85ms
 75.000%   14.53ms
 90.000%   25.42ms
 99.000%   29.58ms
 99.900%   32.40ms
 99.990%   50.94ms
 99.999%   51.74ms
100.000%   51.74ms

  Detailed Percentile spectrum:
       Value   Percentile   TotalCount 1/(1-Percentile)

       2.549     0.000000            1         1.00
       4.211     0.100000          851         1.11
       4.807     0.200000         1706         1.25
       5.339     0.300000         2552         1.43
       6.107     0.400000         3399         1.67
      11.855     0.500000         4251         2.00
      12.279     0.550000         4679         2.22
      12.735     0.600000         5106         2.50
      13.279     0.650000         5523         2.86
      13.807     0.700000         5951         3.33
      14.535     0.750000         6372         4.00
      14.991     0.775000         6585         4.44
      15.519     0.800000         6797         5.00
      16.167     0.825000         7014         5.71
      16.863     0.850000         7223         6.67
      17.951     0.875000         7434         8.00
      18.959     0.887500         7541         8.89
      25.455     0.900000         7648        10.00
      26.239     0.912500         7754        11.43
      26.623     0.925000         7864        13.33
      26.927     0.937500         7966        16.00
      27.087     0.943750         8021        17.78
      27.263     0.950000         8075        20.00
      27.503     0.956250         8125        22.86
      27.839     0.962500         8180        26.67
      28.047     0.968750         8231        32.00
      28.207     0.971875         8260        35.56
      28.367     0.975000         8287        40.00
      28.527     0.978125         8312        45.71
      28.767     0.981250         8338        53.33
      28.975     0.984375         8365        64.00
      29.087     0.985938         8377        71.11
      29.247     0.987500         8392        80.00
      29.455     0.989062         8404        91.43
      29.775     0.990625         8417       106.67
      30.095     0.992188         8430       128.00
      30.319     0.992969         8438       142.22
      30.463     0.993750         8443       160.00
      30.703     0.994531         8450       182.86
      30.943     0.995313         8459       213.33
      31.055     0.996094         8463       256.00
      31.215     0.996484         8469       284.44
      31.471     0.996875         8470       320.00
      31.647     0.997266         8474       365.71
      31.711     0.997656         8478       426.67
      31.903     0.998047         8480       512.00
      31.967     0.998242         8482       568.89
      31.999     0.998437         8483       640.00
      32.175     0.998633         8485       731.43
      32.287     0.998828         8487       853.33
      32.399     0.999023         8488      1024.00
      32.431     0.999121         8489      1137.78
      32.527     0.999219         8491      1280.00
      32.527     0.999316         8491      1462.86
      32.703     0.999414         8492      1706.67
      32.703     0.999512         8492      2048.00
      32.831     0.999561         8493      2275.56
      32.831     0.999609         8493      2560.00
      48.991     0.999658         8494      2925.71
      48.991     0.999707         8494      3413.33
      48.991     0.999756         8494      4096.00
      50.943     0.999780         8495      4551.11
      50.943     0.999805         8495      5120.00
      50.943     0.999829         8495      5851.43
      50.943     0.999854         8495      6826.67
      50.943     0.999878         8495      8192.00
      51.743     0.999890         8496      9102.22
      51.743     1.000000         8496          inf
#[Mean    =       11.395, StdDeviation   =        7.157]
#[Max     =       51.712, Total count    =         8496]
#[Buckets =           27, SubBuckets     =         2048]
----------------------------------------------------------
  9004 requests in 3.00m, 2.13MB read
Requests/sec:     50.02
Transfer/sec:     12.09KB
