Running 3m test @ http://10.105.92.109:11003/d?value=1
  4 threads and 10 connections
  Thread calibration: mean lat.: 22.453ms, rate sampling interval: 63ms
  Thread calibration: mean lat.: 16.618ms, rate sampling interval: 52ms
  Thread calibration: mean lat.: 16.218ms, rate sampling interval: 56ms
  Thread calibration: mean lat.: 16.602ms, rate sampling interval: 53ms
  Thread Stats   Avg      Stdev     Max   +/- Stdev
    Latency    17.09ms    8.87ms  54.18ms   56.80%
    Req/Sec    24.80     14.00    53.00     81.93%
  Latency Distribution (HdrHistogram - Recorded Latency)
 50.000%   15.52ms
 75.000%   25.74ms
 90.000%   28.78ms
 99.000%   32.26ms
 99.900%   34.53ms
 99.990%   43.20ms
 99.999%   54.21ms
100.000%   54.21ms

  Detailed Percentile spectrum:
       Value   Percentile   TotalCount 1/(1-Percentile)

       2.631     0.000000            1         1.00
       4.275     0.100000         1700         1.11
      10.095     0.200000         3400         1.25
      11.967     0.300000         5118         1.43
      13.263     0.400000         6801         1.67
      15.519     0.500000         8501         2.00
      17.231     0.550000         9358         2.22
      19.983     0.600000        10201         2.50
      22.831     0.650000        11050         2.86
      24.351     0.700000        11907         3.33
      25.743     0.750000        12755         4.00
      26.191     0.775000        13181         4.44
      26.559     0.800000        13605         5.00
      26.943     0.825000        14034         5.71
      27.391     0.850000        14452         6.67
      27.983     0.875000        14882         8.00
      28.335     0.887500        15089         8.89
      28.783     0.900000        15300        10.00
      29.343     0.912500        15517        11.43
      29.759     0.925000        15726        13.33
      30.223     0.937500        15944        16.00
      30.383     0.943750        16045        17.78
      30.575     0.950000        16155        20.00
      30.783     0.956250        16260        22.86
      30.959     0.962500        16365        26.67
      31.183     0.968750        16469        32.00
      31.327     0.971875        16524        35.56
      31.471     0.975000        16580        40.00
      31.631     0.978125        16633        45.71
      31.743     0.981250        16682        53.33
      31.871     0.984375        16734        64.00
      31.951     0.985938        16761        71.11
      32.047     0.987500        16790        80.00
      32.191     0.989062        16816        91.43
      32.335     0.990625        16844       106.67
      32.447     0.992188        16867       128.00
      32.511     0.992969        16881       142.22
      32.607     0.993750        16893       160.00
      32.735     0.994531        16907       182.86
      32.863     0.995313        16920       213.33
      33.055     0.996094        16934       256.00
      33.183     0.996484        16941       284.44
      33.311     0.996875        16947       320.00
      33.439     0.997266        16956       365.71
      33.567     0.997656        16963       426.67
      33.663     0.998047        16966       512.00
      33.759     0.998242        16970       568.89
      33.951     0.998437        16973       640.00
      34.143     0.998633        16977       731.43
      34.399     0.998828        16980       853.33
      34.911     0.999023        16983      1024.00
      35.295     0.999121        16986      1137.78
      35.295     0.999219        16986      1280.00
      35.839     0.999316        16988      1462.86
      36.287     0.999414        16990      1706.67
      36.511     0.999512        16991      2048.00
      37.727     0.999561        16992      2275.56
      38.559     0.999609        16993      2560.00
      39.039     0.999658        16994      2925.71
      39.711     0.999707        16995      3413.33
      39.711     0.999756        16995      4096.00
      41.247     0.999780        16996      4551.11
      41.247     0.999805        16996      5120.00
      43.199     0.999829        16997      5851.43
      43.199     0.999854        16997      6826.67
      43.199     0.999878        16997      8192.00
      50.879     0.999890        16998      9102.22
      50.879     0.999902        16998     10240.00
      50.879     0.999915        16998     11702.86
      50.879     0.999927        16998     13653.33
      50.879     0.999939        16998     16384.00
      54.207     0.999945        16999     18204.44
      54.207     1.000000        16999          inf
#[Mean    =       17.095, StdDeviation   =        8.868]
#[Max     =       54.176, Total count    =        16999]
#[Buckets =           27, SubBuckets     =         2048]
----------------------------------------------------------
  18003 requests in 3.00m, 4.25MB read
Requests/sec:    100.01
Transfer/sec:     24.19KB
