Running 3m test @ http://10.105.92.109:11003/d?value=1
  4 threads and 10 connections
  Thread calibration: mean lat.: 19.832ms, rate sampling interval: 67ms
  Thread calibration: mean lat.: 20.017ms, rate sampling interval: 60ms
  Thread calibration: mean lat.: 21.508ms, rate sampling interval: 68ms
  Thread calibration: mean lat.: 22.243ms, rate sampling interval: 68ms
  Thread Stats   Avg      Stdev     Max   +/- Stdev
    Latency    20.30ms    8.53ms  58.43ms   67.37%
    Req/Sec    49.81     10.88    90.00     77.06%
  Latency Distribution (HdrHistogram - Recorded Latency)
 50.000%   18.96ms
 75.000%   26.58ms
 90.000%   32.83ms
 99.000%   37.15ms
 99.900%   39.26ms
 99.990%   43.20ms
 99.999%   58.46ms
100.000%   58.46ms

  Detailed Percentile spectrum:
       Value   Percentile   TotalCount 1/(1-Percentile)

       2.675     0.000000            1         1.00
      10.543     0.100000         3406         1.11
      12.903     0.200000         6803         1.25
      14.783     0.300000        10200         1.43
      16.543     0.400000        13623         1.67
      18.959     0.500000        17003         2.00
      21.407     0.550000        18701         2.22
      23.119     0.600000        20404         2.50
      24.367     0.650000        22116         2.86
      25.567     0.700000        23820         3.33
      26.575     0.750000        25514         4.00
      27.183     0.775000        26352         4.44
      27.999     0.800000        27218         5.00
      29.231     0.825000        28056         5.71
      30.527     0.850000        28915         6.67
      31.615     0.875000        29758         8.00
      32.207     0.887500        30184         8.89
      32.831     0.900000        30615        10.00
      33.343     0.912500        31044        11.43
      33.823     0.925000        31450        13.33
      34.335     0.937500        31892        16.00
      34.559     0.943750        32108        17.78
      34.783     0.950000        32314        20.00
      35.039     0.956250        32533        22.86
      35.295     0.962500        32728        26.67
      35.615     0.968750        32944        32.00
      35.775     0.971875        33056        35.56
      35.935     0.975000        33154        40.00
      36.159     0.978125        33269        45.71
      36.351     0.981250        33372        53.33
      36.607     0.984375        33480        64.00
      36.767     0.985938        33532        71.11
      36.927     0.987500        33586        80.00
      37.087     0.989062        33637        91.43
      37.215     0.990625        33684       106.67
      37.375     0.992188        33736       128.00
      37.471     0.992969        33766       142.22
      37.599     0.993750        33791       160.00
      37.695     0.994531        33818       182.86
      37.791     0.995313        33844       213.33
      37.983     0.996094        33869       256.00
      38.111     0.996484        33882       284.44
      38.239     0.996875        33894       320.00
      38.335     0.997266        33908       365.71
      38.495     0.997656        33925       426.67
      38.623     0.998047        33934       512.00
      38.783     0.998242        33941       568.89
      38.847     0.998437        33947       640.00
      39.007     0.998633        33957       731.43
      39.199     0.998828        33962       853.33
      39.295     0.999023        33967      1024.00
      39.391     0.999121        33972      1137.78
      39.423     0.999219        33975      1280.00
      39.519     0.999316        33978      1462.86
      39.647     0.999414        33983      1706.67
      39.679     0.999512        33984      2048.00
      39.775     0.999561        33986      2275.56
      39.967     0.999609        33987      2560.00
      40.031     0.999658        33989      2925.71
      40.415     0.999707        33991      3413.33
      40.447     0.999756        33992      4096.00
      40.511     0.999780        33993      4551.11
      40.575     0.999805        33994      5120.00
      40.735     0.999829        33995      5851.43
      41.567     0.999854        33996      6826.67
      41.567     0.999878        33996      8192.00
      43.199     0.999890        33997      9102.22
      43.199     0.999902        33997     10240.00
      46.975     0.999915        33998     11702.86
      46.975     0.999927        33998     13653.33
      46.975     0.999939        33998     16384.00
      49.503     0.999945        33999     18204.44
      49.503     0.999951        33999     20480.00
      49.503     0.999957        33999     23405.71
      49.503     0.999963        33999     27306.67
      49.503     0.999969        33999     32768.00
      58.463     0.999973        34000     36408.89
      58.463     1.000000        34000          inf
#[Mean    =       20.303, StdDeviation   =        8.528]
#[Max     =       58.432, Total count    =        34000]
#[Buckets =           27, SubBuckets     =         2048]
----------------------------------------------------------
  36002 requests in 3.00m, 8.51MB read
Requests/sec:    199.99
Transfer/sec:     48.41KB
