Running 3m test @ http://10.105.92.109:11003/d?value=1
  4 threads and 10 connections
  Thread calibration: mean lat.: 15.115ms, rate sampling interval: 56ms
  Thread calibration: mean lat.: 14.021ms, rate sampling interval: 55ms
  Thread calibration: mean lat.: 16.119ms, rate sampling interval: 54ms
  Thread calibration: mean lat.: 21.012ms, rate sampling interval: 61ms
  Thread Stats   Avg      Stdev     Max   +/- Stdev
    Latency    15.97ms    8.99ms  49.09ms   51.39%
    Req/Sec    37.41     10.91    75.00     74.08%
  Latency Distribution (HdrHistogram - Recorded Latency)
 50.000%   13.78ms
 75.000%   25.30ms
 90.000%   28.25ms
 99.000%   31.97ms
 99.900%   34.21ms
 99.990%   40.32ms
 99.999%   49.12ms
100.000%   49.12ms

  Detailed Percentile spectrum:
       Value   Percentile   TotalCount 1/(1-Percentile)

       2.391     0.000000            1         1.00
       4.041     0.100000         2553         1.11
       4.871     0.200000         5105         1.25
      11.303     0.300000         7651         1.43
      12.431     0.400000        10214         1.67
      13.783     0.500000        12755         2.00
      14.975     0.550000        14027         2.22
      16.479     0.600000        15305         2.50
      21.007     0.650000        16576         2.86
      23.439     0.700000        17857         3.33
      25.295     0.750000        19130         4.00
      26.015     0.775000        19765         4.44
      26.495     0.800000        20411         5.00
      26.927     0.825000        21042         5.71
      27.343     0.850000        21679         6.67
      27.775     0.875000        22326         8.00
      27.999     0.887500        22640         8.89
      28.255     0.900000        22956        10.00
      28.575     0.912500        23276        11.43
      28.927     0.925000        23591        13.33
      29.423     0.937500        23909        16.00
      29.695     0.943750        24074        17.78
      29.935     0.950000        24227        20.00
      30.159     0.956250        24388        22.86
      30.351     0.962500        24540        26.67
      30.607     0.968750        24701        32.00
      30.767     0.971875        24781        35.56
      30.943     0.975000        24864        40.00
      31.103     0.978125        24944        45.71
      31.295     0.981250        25019        53.33
      31.519     0.984375        25100        64.00
      31.647     0.985938        25138        71.11
      31.775     0.987500        25180        80.00
      31.887     0.989062        25222        91.43
      32.015     0.990625        25260       106.67
      32.191     0.992188        25297       128.00
      32.287     0.992969        25319       142.22
      32.351     0.993750        25338       160.00
      32.399     0.994531        25357       182.86
      32.527     0.995313        25377       213.33
      32.687     0.996094        25397       256.00
      32.799     0.996484        25411       284.44
      32.895     0.996875        25417       320.00
      32.959     0.997266        25427       365.71
      33.055     0.997656        25442       426.67
      33.183     0.998047        25448       512.00
      33.311     0.998242        25453       568.89
      33.567     0.998437        25457       640.00
      33.823     0.998633        25463       731.43
      33.983     0.998828        25467       853.33
      34.687     0.999023        25473      1024.00
      34.719     0.999121        25474      1137.78
      35.039     0.999219        25477      1280.00
      35.231     0.999316        25479      1462.86
      35.583     0.999414        25482      1706.67
      35.711     0.999512        25484      2048.00
      36.159     0.999561        25485      2275.56
      36.479     0.999609        25487      2560.00
      36.671     0.999658        25488      2925.71
      36.767     0.999707        25489      3413.33
      36.959     0.999756        25490      4096.00
      37.247     0.999780        25491      4551.11
      37.983     0.999805        25492      5120.00
      37.983     0.999829        25492      5851.43
      40.319     0.999854        25493      6826.67
      40.319     0.999878        25493      8192.00
      48.735     0.999890        25494      9102.22
      48.735     0.999902        25494     10240.00
      48.735     0.999915        25494     11702.86
      49.087     0.999927        25495     13653.33
      49.087     0.999939        25495     16384.00
      49.087     0.999945        25495     18204.44
      49.087     0.999951        25495     20480.00
      49.087     0.999957        25495     23405.71
      49.119     0.999963        25496     27306.67
      49.119     1.000000        25496          inf
#[Mean    =       15.970, StdDeviation   =        8.989]
#[Max     =       49.088, Total count    =        25496]
#[Buckets =           27, SubBuckets     =         2048]
----------------------------------------------------------
  27004 requests in 3.00m, 6.38MB read
Requests/sec:    150.01
Transfer/sec:     36.28KB
