Running 3m test @ http://10.105.92.109:11003/d?value=1
  4 threads and 10 connections
  Thread calibration: mean lat.: 14.518ms, rate sampling interval: 53ms
  Thread calibration: mean lat.: 18.437ms, rate sampling interval: 60ms
  Thread calibration: mean lat.: 13.141ms, rate sampling interval: 55ms
  Thread calibration: mean lat.: 13.973ms, rate sampling interval: 53ms
  Thread Stats   Avg      Stdev     Max   +/- Stdev
    Latency    14.70ms    8.47ms  45.82ms   57.39%
    Req/Sec    62.48     14.30   115.00     81.73%
  Latency Distribution (HdrHistogram - Recorded Latency)
 50.000%   12.14ms
 75.000%   21.90ms
 90.000%   27.36ms
 99.000%   31.53ms
 99.900%   33.76ms
 99.990%   39.13ms
 99.999%   45.85ms
100.000%   45.85ms

  Detailed Percentile spectrum:
       Value   Percentile   TotalCount 1/(1-Percentile)

       2.659     0.000000            1         1.00
       4.077     0.100000         4251         1.11
       5.995     0.200000         8503         1.25
       9.951     0.300000        12763         1.43
      10.991     0.400000        17016         1.67
      12.135     0.500000        21266         2.00
      13.015     0.550000        23383         2.22
      14.391     0.600000        25499         2.50
      17.839     0.650000        27623         2.86
      20.239     0.700000        29762         3.33
      21.903     0.750000        31875         4.00
      22.895     0.775000        32948         4.44
      24.751     0.800000        34002         5.00
      25.919     0.825000        35066         5.71
      26.383     0.850000        36137         6.67
      26.831     0.875000        37198         8.00
      27.071     0.887500        37736         8.89
      27.359     0.900000        38273        10.00
      27.695     0.912500        38800        11.43
      28.143     0.925000        39322        13.33
      28.607     0.937500        39849        16.00
      28.895     0.943750        40107        17.78
      29.247     0.950000        40380        20.00
      29.551     0.956250        40641        22.86
      29.839     0.962500        40910        26.67
      30.159     0.968750        41180        32.00
      30.303     0.971875        41307        35.56
      30.447     0.975000        41446        40.00
      30.591     0.978125        41570        45.71
      30.831     0.981250        41702        53.33
      31.071     0.984375        41835        64.00
      31.183     0.985938        41907        71.11
      31.295     0.987500        41971        80.00
      31.455     0.989062        42032        91.43
      31.615     0.990625        42104       106.67
      31.743     0.992188        42166       128.00
      31.807     0.992969        42200       142.22
      31.887     0.993750        42233       160.00
      31.983     0.994531        42266       182.86
      32.095     0.995313        42300       213.33
      32.255     0.996094        42330       256.00
      32.319     0.996484        42351       284.44
      32.367     0.996875        42367       320.00
      32.527     0.997266        42383       365.71
      32.671     0.997656        42397       426.67
      32.831     0.998047        42414       512.00
      32.927     0.998242        42421       568.89
      33.087     0.998437        42429       640.00
      33.215     0.998633        42438       731.43
      33.375     0.998828        42446       853.33
      33.759     0.999023        42454      1024.00
      33.919     0.999121        42458      1137.78
      34.335     0.999219        42462      1280.00
      34.655     0.999316        42466      1462.86
      35.135     0.999414        42472      1706.67
      35.519     0.999512        42475      2048.00
      35.775     0.999561        42478      2275.56
      36.031     0.999609        42479      2560.00
      36.383     0.999658        42481      2925.71
      36.735     0.999707        42483      3413.33
      37.311     0.999756        42485      4096.00
      37.343     0.999780        42486      4551.11
      37.375     0.999805        42487      5120.00
      38.175     0.999829        42488      5851.43
      38.495     0.999854        42489      6826.67
      39.007     0.999878        42490      8192.00
      39.135     0.999890        42491      9102.22
      39.135     0.999902        42491     10240.00
      39.583     0.999915        42492     11702.86
      39.583     0.999927        42492     13653.33
      41.311     0.999939        42493     16384.00
      41.311     0.999945        42493     18204.44
      41.311     0.999951        42493     20480.00
      41.471     0.999957        42494     23405.71
      41.471     0.999963        42494     27306.67
      41.471     0.999969        42494     32768.00
      41.471     0.999973        42494     36408.89
      41.471     0.999976        42494     40960.00
      45.855     0.999979        42495     46811.43
      45.855     1.000000        42495          inf
#[Mean    =       14.703, StdDeviation   =        8.470]
#[Max     =       45.824, Total count    =        42495]
#[Buckets =           27, SubBuckets     =         2048]
----------------------------------------------------------
  45003 requests in 3.00m, 10.62MB read
Requests/sec:    249.99
Transfer/sec:     60.43KB
