Running 3m test @ http://10.99.205.204:11000/a?value=1
  4 threads and 10 connections
  Thread calibration: mean lat.: 47.825ms, rate sampling interval: 124ms
  Thread calibration: mean lat.: 43.816ms, rate sampling interval: 115ms
  Thread calibration: mean lat.: 44.772ms, rate sampling interval: 121ms
  Thread calibration: mean lat.: 51.258ms, rate sampling interval: 133ms
  Thread Stats   Avg      Stdev     Max   +/- Stdev
    Latency    46.37ms   12.49ms  94.72ms   68.80%
    Req/Sec    24.75      6.58    45.00     55.26%
  Latency Distribution (HdrHistogram - Recorded Latency)
 50.000%   46.01ms
 75.000%   54.17ms
 90.000%   62.72ms
 99.000%   77.82ms
 99.900%   87.81ms
 99.990%   93.31ms
 99.999%   94.78ms
100.000%   94.78ms

  Detailed Percentile spectrum:
       Value   Percentile   TotalCount 1/(1-Percentile)

      11.295     0.000000            1         1.00
      30.575     0.100000         1704         1.11
      36.031     0.200000         3407         1.25
      39.839     0.300000         5111         1.43
      43.135     0.400000         6813         1.67
      46.015     0.500000         8500         2.00
      47.455     0.550000         9366         2.22
      48.799     0.600000        10207         2.50
      50.335     0.650000        11053         2.86
      52.159     0.700000        11903         3.33
      54.175     0.750000        12751         4.00
      55.327     0.775000        13184         4.44
      56.511     0.800000        13602         5.00
      57.791     0.825000        14025         5.71
      59.295     0.850000        14456         6.67
      60.831     0.875000        14878         8.00
      61.695     0.887500        15090         8.89
      62.719     0.900000        15302        10.00
      63.679     0.912500        15515        11.43
      64.799     0.925000        15732        13.33
      66.367     0.937500        15941        16.00
      67.263     0.943750        16047        17.78
      68.223     0.950000        16154        20.00
      69.311     0.956250        16261        22.86
      70.207     0.962500        16363        26.67
      71.231     0.968750        16470        32.00
      71.807     0.971875        16525        35.56
      72.575     0.975000        16575        40.00
      73.343     0.978125        16632        45.71
      74.303     0.981250        16682        53.33
      75.327     0.984375        16736        64.00
      75.967     0.985938        16761        71.11
      76.543     0.987500        16788        80.00
      77.311     0.989062        16816        91.43
      78.015     0.990625        16841       106.67
      79.103     0.992188        16869       128.00
      79.679     0.992969        16882       142.22
      80.255     0.993750        16894       160.00
      81.023     0.994531        16908       182.86
      81.983     0.995313        16922       213.33
      82.559     0.996094        16935       256.00
      83.135     0.996484        16941       284.44
      83.519     0.996875        16947       320.00
      84.287     0.997266        16954       365.71
      85.055     0.997656        16962       426.67
      85.503     0.998047        16967       512.00
      86.207     0.998242        16971       568.89
      86.463     0.998437        16974       640.00
      87.167     0.998633        16977       731.43
      87.487     0.998828        16981       853.33
      87.999     0.999023        16984      1024.00
      88.127     0.999121        16987      1137.78
      88.127     0.999219        16987      1280.00
      89.087     0.999316        16989      1462.86
      89.279     0.999414        16991      1706.67
      90.431     0.999512        16992      2048.00
      90.687     0.999561        16993      2275.56
      90.751     0.999609        16994      2560.00
      91.263     0.999658        16995      2925.71
      91.647     0.999707        16996      3413.33
      91.647     0.999756        16996      4096.00
      92.479     0.999780        16997      4551.11
      92.479     0.999805        16997      5120.00
      93.311     0.999829        16998      5851.43
      93.311     0.999854        16998      6826.67
      93.311     0.999878        16998      8192.00
      93.503     0.999890        16999      9102.22
      93.503     0.999902        16999     10240.00
      93.503     0.999915        16999     11702.86
      93.503     0.999927        16999     13653.33
      93.503     0.999939        16999     16384.00
      94.783     0.999945        17000     18204.44
      94.783     1.000000        17000          inf
#[Mean    =       46.366, StdDeviation   =       12.490]
#[Max     =       94.720, Total count    =        17000]
#[Buckets =           27, SubBuckets     =         2048]
----------------------------------------------------------
  18001 requests in 3.00m, 4.26MB read
Requests/sec:     99.99
Transfer/sec:     24.22KB
