Running 3m test @ http://10.99.205.204:11000/a?value=1
  4 threads and 10 connections
  Thread calibration: mean lat.: 45.928ms, rate sampling interval: 110ms
  Thread calibration: mean lat.: 54.074ms, rate sampling interval: 131ms
  Thread calibration: mean lat.: 56.483ms, rate sampling interval: 127ms
  Thread calibration: mean lat.: 55.737ms, rate sampling interval: 130ms
  Thread Stats   Avg      Stdev     Max   +/- Stdev
    Latency    51.80ms    9.88ms  92.16ms   70.09%
    Req/Sec    12.17      6.24    23.00     82.07%
  Latency Distribution (HdrHistogram - Recorded Latency)
 50.000%   52.77ms
 75.000%   58.56ms
 90.000%   63.36ms
 99.000%   72.96ms
 99.900%   84.35ms
 99.990%   89.28ms
 99.999%   92.22ms
100.000%   92.22ms

  Detailed Percentile spectrum:
       Value   Percentile   TotalCount 1/(1-Percentile)

      11.623     0.000000            1         1.00
      38.591     0.100000          852         1.11
      43.551     0.200000         1700         1.25
      47.327     0.300000         2559         1.43
      50.335     0.400000         3410         1.67
      52.767     0.500000         4251         2.00
      53.855     0.550000         4674         2.22
      54.975     0.600000         5106         2.50
      56.127     0.650000         5538         2.86
      57.247     0.700000         5956         3.33
      58.559     0.750000         6380         4.00
      59.167     0.775000         6585         4.44
      59.775     0.800000         6800         5.00
      60.479     0.825000         7019         5.71
      61.215     0.850000         7224         6.67
      62.079     0.875000         7439         8.00
      62.655     0.887500         7543         8.89
      63.359     0.900000         7651        10.00
      64.031     0.912500         7758        11.43
      64.703     0.925000         7859        13.33
      65.727     0.937500         7982        16.00
      66.111     0.943750         8025        17.78
      66.559     0.950000         8072        20.00
      67.327     0.956250         8131        22.86
      68.159     0.962500         8179        26.67
      69.055     0.968750         8234        32.00
      69.439     0.971875         8258        35.56
      69.631     0.975000         8284        40.00
      70.271     0.978125         8311        45.71
      70.911     0.981250         8337        53.33
      71.551     0.984375         8364        64.00
      71.871     0.985938         8377        71.11
      72.255     0.987500         8390        80.00
      72.831     0.989062         8409        91.43
      73.215     0.990625         8418       106.67
      73.727     0.992188         8430       128.00
      74.111     0.992969         8437       142.22
      74.623     0.993750         8444       160.00
      75.071     0.994531         8451       182.86
      75.711     0.995313         8457       213.33
      77.183     0.996094         8463       256.00
      78.207     0.996484         8467       284.44
      78.975     0.996875         8470       320.00
      79.551     0.997266         8473       365.71
      80.511     0.997656         8477       426.67
      80.831     0.998047         8480       512.00
      81.535     0.998242         8482       568.89
      82.047     0.998437         8483       640.00
      82.431     0.998633         8485       731.43
      83.967     0.998828         8487       853.33
      84.351     0.999023         8488      1024.00
      84.607     0.999121         8489      1137.78
      84.863     0.999219         8490      1280.00
      86.527     0.999316         8491      1462.86
      87.615     0.999414         8492      1706.67
      87.615     0.999512         8492      2048.00
      87.679     0.999561         8493      2275.56
      87.679     0.999609         8493      2560.00
      88.383     0.999658         8494      2925.71
      88.383     0.999707         8494      3413.33
      88.383     0.999756         8494      4096.00
      89.279     0.999780         8495      4551.11
      89.279     0.999805         8495      5120.00
      89.279     0.999829         8495      5851.43
      89.279     0.999854         8495      6826.67
      89.279     0.999878         8495      8192.00
      92.223     0.999890         8496      9102.22
      92.223     1.000000         8496          inf
#[Mean    =       51.802, StdDeviation   =        9.877]
#[Max     =       92.160, Total count    =         8496]
#[Buckets =           27, SubBuckets     =         2048]
----------------------------------------------------------
  9000 requests in 3.00m, 2.13MB read
Requests/sec:     49.99
Transfer/sec:     12.11KB
