Running 2m test @ http://10.108.73.23:9080/productpage
  4 threads and 10 connections
  Thread calibration: mean lat.: 784.712ms, rate sampling interval: 4003ms
  Thread calibration: mean lat.: 628.839ms, rate sampling interval: 3917ms
  Thread calibration: mean lat.: 126.915ms, rate sampling interval: 504ms
  Thread calibration: mean lat.: 643.898ms, rate sampling interval: 4493ms
  Thread Stats   Avg      Stdev     Max   +/- Stdev
    Latency     5.90s     9.00s   33.29s    82.03%
    Req/Sec    23.10      3.45    35.00     87.88%
  Latency Distribution (HdrHistogram - Recorded Latency)
 50.000%    1.22s 
 75.000%    8.04s 
 90.000%   22.46s 
 99.000%   31.54s 
 99.900%   33.00s 
 99.990%   33.28s 
 99.999%   33.31s 
100.000%   33.31s 

  Detailed Percentile spectrum:
       Value   Percentile   TotalCount 1/(1-Percentile)

       8.807     0.000000            1         1.00
      22.223     0.100000          983         1.11
      64.159     0.200000         1966         1.25
     115.391     0.300000         2949         1.43
     235.519     0.400000         3929         1.67
    1224.703     0.500000         4911         2.00
    2205.695     0.550000         5403         2.22
    2482.175     0.600000         5894         2.50
    2781.183     0.650000         6384         2.86
    3432.447     0.700000         6876         3.33
    8044.543     0.750000         7367         4.00
   10575.871     0.775000         7612         4.44
   12951.551     0.800000         7858         5.00
   15319.039     0.825000         8104         5.71
   17776.639     0.850000         8349         6.67
   20332.543     0.875000         8595         8.00
   21381.119     0.887500         8719         8.89
   22462.463     0.900000         8840        10.00
   23527.423     0.912500         8963        11.43
   24657.919     0.925000         9087        13.33
   25935.871     0.937500         9209        16.00
   26345.471     0.943750         9270        17.78
   26787.839     0.950000         9330        20.00
   27656.191     0.956250         9394        22.86
   28213.247     0.962500         9454        26.67
   28868.607     0.968750         9516        32.00
   29179.903     0.971875         9547        35.56
   29573.119     0.975000         9576        40.00
   29835.263     0.978125         9610        45.71
   30081.023     0.981250         9638        53.33
   30785.535     0.984375         9669        64.00
   31064.063     0.985938         9683        71.11
   31211.519     0.987500         9699        80.00
   31440.895     0.989062         9714        91.43
   31621.119     0.990625         9729       106.67
   32014.335     0.992188         9746       128.00
   32145.407     0.992969         9752       142.22
   32243.711     0.993750         9760       160.00
   32325.631     0.994531         9769       182.86
   32391.167     0.995313         9776       213.33
   32489.471     0.996094         9786       256.00
   32505.855     0.996484         9789       284.44
   32538.623     0.996875         9793       320.00
   32587.775     0.997266         9795       365.71
   32653.311     0.997656         9798       426.67
   32767.999     0.998047         9803       512.00
   32800.767     0.998242         9804       568.89
   32866.303     0.998437         9806       640.00
   32931.839     0.998633         9808       731.43
   32997.375     0.998828         9811       853.33
   33030.143     0.999023         9812      1024.00
   33095.679     0.999121         9814      1137.78
   33095.679     0.999219         9814      1280.00
   33112.063     0.999316         9815      1462.86
   33128.447     0.999414         9816      1706.67
   33210.367     0.999512         9817      2048.00
   33210.367     0.999561         9817      2275.56
   33226.751     0.999609         9818      2560.00
   33226.751     0.999658         9818      2925.71
   33243.135     0.999707         9819      3413.33
   33243.135     0.999756         9819      4096.00
   33243.135     0.999780         9819      4551.11
   33275.903     0.999805         9820      5120.00
   33275.903     0.999829         9820      5851.43
   33275.903     0.999854         9820      6826.67
   33275.903     0.999878         9820      8192.00
   33275.903     0.999890         9820      9102.22
   33308.671     0.999902         9821     10240.00
   33308.671     1.000000         9821          inf
#[Mean    =     5900.103, StdDeviation   =     9003.875]
#[Max     =    33292.288, Total count    =         9821]
#[Buckets =           27, SubBuckets     =         2048]
----------------------------------------------------------
  10711 requests in 2.00m, 156.63MB read
Requests/sec:     89.25
Transfer/sec:      1.31MB
