Running 2m test @ http://10.108.73.23:9080/productpage
  4 threads and 10 connections
  Thread calibration: mean lat.: 3786.528ms, rate sampling interval: 11468ms
  Thread calibration: mean lat.: 3289.888ms, rate sampling interval: 11485ms
  Thread calibration: mean lat.: 2873.623ms, rate sampling interval: 10371ms
  Thread calibration: mean lat.: 3125.359ms, rate sampling interval: 10747ms
  Thread Stats   Avg      Stdev     Max   +/- Stdev
    Latency    37.38s    17.08s    1.22m    59.83%
    Req/Sec    16.53      1.21    19.00     89.47%
  Latency Distribution (HdrHistogram - Recorded Latency)
 50.000%   38.34s 
 75.000%    0.86m 
 90.000%    1.00m 
 99.000%    1.14m 
 99.900%    1.22m 
 99.990%    1.22m 
 99.999%    1.22m 
100.000%    1.22m 

  Detailed Percentile spectrum:
       Value   Percentile   TotalCount 1/(1-Percentile)

    5423.103     0.000000            1         1.00
   13287.423     0.100000          749         1.11
   19841.023     0.200000         1496         1.25
   26066.943     0.300000         2242         1.43
   32391.167     0.400000         2993         1.67
   38338.559     0.500000         3736         2.00
   40927.231     0.550000         4113         2.22
   43548.671     0.600000         4485         2.50
   46301.183     0.650000         4859         2.86
   48693.247     0.700000         5233         3.33
   51445.759     0.750000         5604         4.00
   52887.551     0.775000         5794         4.44
   54165.503     0.800000         5977         5.00
   55508.991     0.825000         6165         5.71
   56885.247     0.850000         6353         6.67
   58392.575     0.875000         6541         8.00
   59080.703     0.887500         6634         8.89
   60030.975     0.900000         6725        10.00
   61046.783     0.912500         6821        11.43
   62160.895     0.925000         6911        13.33
   63176.703     0.937500         7005        16.00
   63602.687     0.943750         7052        17.78
   64094.207     0.950000         7100        20.00
   64618.495     0.956250         7145        22.86
   65208.319     0.962500         7193        26.67
   65765.375     0.968750         7239        32.00
   65994.751     0.971875         7263        35.56
   66224.127     0.975000         7285        40.00
   66519.039     0.978125         7311        45.71
   66945.023     0.981250         7337        53.33
   67174.399     0.984375         7355        64.00
   67371.007     0.985938         7367        71.11
   67633.151     0.987500         7381        80.00
   67829.759     0.989062         7391        91.43
   68354.047     0.990625         7401       106.67
   68812.799     0.992188         7415       128.00
   69206.015     0.992969         7419       142.22
   69533.695     0.993750         7425       160.00
   69992.447     0.994531         7432       182.86
   70189.055     0.995313         7436       213.33
   70778.879     0.996094         7442       256.00
   71172.095     0.996484         7445       284.44
   71499.775     0.996875         7448       320.00
   71958.527     0.997266         7451       365.71
   72089.599     0.997656         7454       426.67
   72286.207     0.998047         7458       512.00
   72286.207     0.998242         7458       568.89
   72548.351     0.998437         7460       640.00
   72744.959     0.998633         7461       731.43
   72876.031     0.998828         7463       853.33
   73007.103     0.999023         7464      1024.00
   73072.639     0.999121         7465      1137.78
   73138.175     0.999219         7466      1280.00
   73138.175     0.999316         7466      1462.86
   73269.247     0.999414         7467      1706.67
   73334.783     0.999512         7469      2048.00
   73334.783     0.999561         7469      2275.56
   73334.783     0.999609         7469      2560.00
   73334.783     0.999658         7469      2925.71
   73334.783     0.999707         7469      3413.33
   73400.319     0.999756         7470      4096.00
   73400.319     0.999780         7470      4551.11
   73400.319     0.999805         7470      5120.00
   73400.319     0.999829         7470      5851.43
   73400.319     0.999854         7470      6826.67
   73465.855     0.999878         7471      8192.00
   73465.855     1.000000         7471          inf
#[Mean    =    37377.020, StdDeviation   =    17083.159]
#[Max     =    73400.320, Total count    =         7471]
#[Buckets =           27, SubBuckets     =         2048]
----------------------------------------------------------
  8055 requests in 2.00m, 117.81MB read
Requests/sec:     67.11
Transfer/sec:      0.98MB
