Running 2m test @ http://10.108.73.23:9080/productpage
  4 threads and 10 connections
  Thread calibration: mean lat.: 1365.900ms, rate sampling interval: 5095ms
  Thread calibration: mean lat.: 1591.255ms, rate sampling interval: 5394ms
  Thread calibration: mean lat.: 2255.258ms, rate sampling interval: 7749ms
  Thread calibration: mean lat.: 1671.017ms, rate sampling interval: 6143ms
  Thread Stats   Avg      Stdev     Max   +/- Stdev
    Latency    20.22s    10.29s   44.76s    64.73%
    Req/Sec    17.17      1.59    20.00     86.11%
  Latency Distribution (HdrHistogram - Recorded Latency)
 50.000%   19.43s 
 75.000%   27.16s 
 90.000%   35.75s 
 99.000%   43.29s 
 99.900%   44.50s 
 99.990%   44.76s 
 99.999%   44.79s 
100.000%   44.79s 

  Detailed Percentile spectrum:
       Value   Percentile   TotalCount 1/(1-Percentile)

    2418.687     0.000000            1         1.00
    6938.623     0.100000          772         1.11
   10330.111     0.200000         1543         1.25
   13369.343     0.300000         2313         1.43
   16490.495     0.400000         3085         1.67
   19431.423     0.500000         3855         2.00
   20889.599     0.550000         4246         2.22
   22265.855     0.600000         4626         2.50
   23855.103     0.650000         5015         2.86
   25329.663     0.700000         5404         3.33
   27164.671     0.750000         5787         4.00
   28000.255     0.775000         5976         4.44
   29032.447     0.800000         6176         5.00
   30048.255     0.825000         6360         5.71
   31539.199     0.850000         6553         6.67
   33685.503     0.875000         6747         8.00
   34635.775     0.887500         6842         8.89
   35782.655     0.900000         6939        10.00
   36765.695     0.912500         7035        11.43
   37715.967     0.925000         7136        13.33
   38502.399     0.937500         7230        16.00
   38928.383     0.943750         7281        17.78
   39452.671     0.950000         7328        20.00
   40075.263     0.956250         7372        22.86
   40730.623     0.962500         7420        26.67
   41320.447     0.968750         7471        32.00
   41615.359     0.971875         7495        35.56
   41844.735     0.975000         7517        40.00
   42074.111     0.978125         7546        45.71
   42500.095     0.981250         7565        53.33
   42795.007     0.984375         7591        64.00
   42926.079     0.985938         7601        71.11
   43057.151     0.987500         7614        80.00
   43220.991     0.989062         7626        91.43
   43384.831     0.990625         7637       106.67
   43614.207     0.992188         7650       128.00
   43646.975     0.992969         7655       142.22
   43810.815     0.993750         7661       160.00
   43974.655     0.994531         7668       182.86
   44007.423     0.995313         7673       213.33
   44072.959     0.996094         7679       256.00
   44138.495     0.996484         7683       284.44
   44204.031     0.996875         7685       320.00
   44302.335     0.997266         7688       365.71
   44367.871     0.997656         7693       426.67
   44400.639     0.998047         7697       512.00
   44400.639     0.998242         7697       568.89
   44400.639     0.998437         7697       640.00
   44466.175     0.998633         7700       731.43
   44466.175     0.998828         7700       853.33
   44531.711     0.999023         7702      1024.00
   44630.015     0.999121         7704      1137.78
   44630.015     0.999219         7704      1280.00
   44630.015     0.999316         7704      1462.86
   44662.783     0.999414         7706      1706.67
   44662.783     0.999512         7706      2048.00
   44662.783     0.999561         7706      2275.56
   44662.783     0.999609         7706      2560.00
   44728.319     0.999658         7707      2925.71
   44728.319     0.999707         7707      3413.33
   44761.087     0.999756         7708      4096.00
   44761.087     0.999780         7708      4551.11
   44761.087     0.999805         7708      5120.00
   44761.087     0.999829         7708      5851.43
   44761.087     0.999854         7708      6826.67
   44793.855     0.999878         7709      8192.00
   44793.855     1.000000         7709          inf
#[Mean    =    20218.620, StdDeviation   =    10285.482]
#[Max     =    44761.088, Total count    =         7709]
#[Buckets =           27, SubBuckets     =         2048]
----------------------------------------------------------
  8367 requests in 2.00m, 122.37MB read
Requests/sec:     69.71
Transfer/sec:      1.02MB
