Running 2m test @ http://10.108.73.23:9080/productpage
  4 threads and 10 connections
  Thread calibration: mean lat.: 1392.163ms, rate sampling interval: 4812ms
  Thread calibration: mean lat.: 1554.972ms, rate sampling interval: 5586ms
  Thread calibration: mean lat.: 1126.389ms, rate sampling interval: 4268ms
  Thread calibration: mean lat.: 1047.282ms, rate sampling interval: 4284ms
  Thread Stats   Avg      Stdev     Max   +/- Stdev
    Latency    12.70s     8.03s   32.26s    56.26%
    Req/Sec    16.12      1.34    19.00     96.70%
  Latency Distribution (HdrHistogram - Recorded Latency)
 50.000%   11.66s 
 75.000%   19.68s 
 90.000%   24.07s 
 99.000%   29.38s 
 99.900%   32.13s 
 99.990%   32.19s 
 99.999%   32.28s 
100.000%   32.28s 

  Detailed Percentile spectrum:
       Value   Percentile   TotalCount 1/(1-Percentile)

    1140.735     0.000000            1         1.00
    3057.663     0.100000          730         1.11
    4173.823     0.200000         1457         1.25
    6311.935     0.300000         2187         1.43
    7802.879     0.400000         2913         1.67
   11657.215     0.500000         3642         2.00
   13565.951     0.550000         4007         2.22
   15171.583     0.600000         4373         2.50
   16859.135     0.650000         4738         2.86
   18333.695     0.700000         5101         3.33
   19677.183     0.750000         5466         4.00
   20381.695     0.775000         5647         4.44
   21086.207     0.800000         5826         5.00
   21676.031     0.825000         6009         5.71
   22495.231     0.850000         6190         6.67
   23347.199     0.875000         6373         8.00
   23740.415     0.887500         6466         8.89
   24068.095     0.900000         6554        10.00
   24461.311     0.912500         6651        11.43
   24854.527     0.925000         6737        13.33
   25329.663     0.937500         6831        16.00
   25509.887     0.943750         6873        17.78
   25739.263     0.950000         6921        20.00
   26132.479     0.956250         6965        22.86
   26492.927     0.962500         7011        26.67
   26820.607     0.968750         7055        32.00
   27099.135     0.971875         7078        35.56
   27361.279     0.975000         7101        40.00
   27639.807     0.978125         7123        45.71
   27852.799     0.981250         7148        53.33
   28131.327     0.984375         7169        64.00
   28278.783     0.985938         7181        71.11
   28770.303     0.987500         7191        80.00
   29229.055     0.989062         7204        91.43
   29786.111     0.990625         7215       106.67
   30441.471     0.992188         7226       128.00
   30769.151     0.992969         7231       142.22
   30982.143     0.993750         7237       160.00
   31244.287     0.994531         7243       182.86
   31440.895     0.995313         7248       213.33
   31604.735     0.996094         7254       256.00
   31719.423     0.996484         7258       284.44
   31801.343     0.996875         7260       320.00
   31834.111     0.997266         7265       365.71
   31834.111     0.997656         7265       426.67
   31883.263     0.998047         7268       512.00
   31916.031     0.998242         7270       568.89
   31932.415     0.998437         7272       640.00
   31981.567     0.998633         7273       731.43
   32079.871     0.998828         7274       853.33
   32129.023     0.999023         7276      1024.00
   32129.023     0.999121         7276      1137.78
   32145.407     0.999219         7277      1280.00
   32161.791     0.999316         7279      1462.86
   32161.791     0.999414         7279      1706.67
   32161.791     0.999512         7279      2048.00
   32161.791     0.999561         7279      2275.56
   32178.175     0.999609         7280      2560.00
   32178.175     0.999658         7280      2925.71
   32178.175     0.999707         7280      3413.33
   32194.559     0.999756         7281      4096.00
   32194.559     0.999780         7281      4551.11
   32194.559     0.999805         7281      5120.00
   32194.559     0.999829         7281      5851.43
   32194.559     0.999854         7281      6826.67
   32276.479     0.999878         7282      8192.00
   32276.479     1.000000         7282          inf
#[Mean    =    12695.853, StdDeviation   =     8029.511]
#[Max     =    32260.096, Total count    =         7282]
#[Buckets =           27, SubBuckets     =         2048]
----------------------------------------------------------
  7879 requests in 2.00m, 115.23MB read
Requests/sec:     65.65
Transfer/sec:      0.96MB
