Running 2m test @ http://10.102.123.170:11000/a?value=1
  2 threads and 10 connections
  Thread calibration: mean lat.: 3348.955ms, rate sampling interval: 10231ms
  Thread calibration: mean lat.: 3296.171ms, rate sampling interval: 10215ms
  Thread Stats   Avg      Stdev     Max   +/- Stdev
    Latency    22.26s     9.64s   40.01s    57.64%
    Req/Sec    51.65      0.73    53.00    100.00%
  Latency Distribution (HdrHistogram - Recorded Latency)
 50.000%   22.27s 
 75.000%   30.62s 
 90.000%   35.65s 
 99.000%   38.76s 
 99.900%   39.71s 
 99.990%   39.94s 
 99.999%   40.04s 
100.000%   40.04s 

  Detailed Percentile spectrum:
       Value   Percentile   TotalCount 1/(1-Percentile)

    5177.343     0.000000            1         1.00
    8904.703     0.100000         1147         1.11
   12255.231     0.200000         2296         1.25
   15761.407     0.300000         3441         1.43
   19021.823     0.400000         4590         1.67
   22265.855     0.500000         5736         2.00
   23871.487     0.550000         6311         2.22
   25493.503     0.600000         6882         2.50
   27197.439     0.650000         7459         2.86
   28917.759     0.700000         8036         3.33
   30621.695     0.750000         8607         4.00
   31522.815     0.775000         8895         4.44
   32342.015     0.800000         9176         5.00
   33112.063     0.825000         9471         5.71
   34045.951     0.850000         9753         6.67
   34865.151     0.875000        10044         8.00
   35258.367     0.887500        10186         8.89
   35651.583     0.900000        10336        10.00
   36012.031     0.912500        10482        11.43
   36405.247     0.925000        10618        13.33
   36798.463     0.937500        10764        16.00
   36995.071     0.943750        10827        17.78
   37158.911     0.950000        10906        20.00
   37355.519     0.956250        10975        22.86
   37584.895     0.962500        11045        26.67
   37781.503     0.968750        11117        32.00
   37912.575     0.971875        11158        35.56
   38010.879     0.975000        11186        40.00
   38141.951     0.978125        11233        45.71
   38240.255     0.981250        11264        53.33
   38338.559     0.984375        11292        64.00
   38436.863     0.985938        11313        71.11
   38567.935     0.987500        11334        80.00
   38666.239     0.989062        11346        91.43
   38797.311     0.990625        11365       106.67
   38928.383     0.992188        11384       128.00
   38993.919     0.992969        11396       142.22
   39026.687     0.993750        11401       160.00
   39092.223     0.994531        11412       182.86
   39157.759     0.995313        11420       213.33
   39223.295     0.996094        11426       256.00
   39256.063     0.996484        11431       284.44
   39288.831     0.996875        11435       320.00
   39387.135     0.997266        11441       365.71
   39452.671     0.997656        11444       426.67
   39550.975     0.998047        11450       512.00
   39550.975     0.998242        11450       568.89
   39616.511     0.998437        11455       640.00
   39616.511     0.998633        11455       731.43
   39649.279     0.998828        11457       853.33
   39714.815     0.999023        11460      1024.00
   39714.815     0.999121        11460      1137.78
   39780.351     0.999219        11463      1280.00
   39780.351     0.999316        11463      1462.86
   39813.119     0.999414        11464      1706.67
   39878.655     0.999512        11467      2048.00
   39878.655     0.999561        11467      2275.56
   39878.655     0.999609        11467      2560.00
   39878.655     0.999658        11467      2925.71
   39878.655     0.999707        11467      3413.33
   39944.191     0.999756        11469      4096.00
   39944.191     0.999780        11469      4551.11
   39944.191     0.999805        11469      5120.00
   39944.191     0.999829        11469      5851.43
   39944.191     0.999854        11469      6826.67
   39944.191     0.999878        11469      8192.00
   39944.191     0.999890        11469      9102.22
   39944.191     0.999902        11469     10240.00
   40042.495     0.999915        11470     11702.86
   40042.495     1.000000        11470          inf
#[Mean    =    22262.616, StdDeviation   =     9643.400]
#[Max     =    40009.728, Total count    =        11470]
#[Buckets =           27, SubBuckets     =         2048]
----------------------------------------------------------
  12179 requests in 2.00m, 2.88MB read
Requests/sec:    101.47
Transfer/sec:     24.61KB
