Running 3m test @ http://10.105.92.109:11003/d?value=1
  4 threads and 10 connections
  Thread calibration: mean lat.: 13.068ms, rate sampling interval: 46ms
  Thread calibration: mean lat.: 6.840ms, rate sampling interval: 26ms
  Thread calibration: mean lat.: 7.233ms, rate sampling interval: 26ms
  Thread calibration: mean lat.: 7.859ms, rate sampling interval: 26ms
  Thread Stats   Avg      Stdev     Max   +/- Stdev
    Latency     8.96ms    5.14ms  43.49ms   80.24%
    Req/Sec    37.89     30.23    80.00     40.39%
  Latency Distribution (HdrHistogram - Recorded Latency)
 50.000%    6.66ms
 75.000%   12.50ms
 90.000%   14.19ms
 99.000%   24.77ms
 99.900%   26.96ms
 99.990%   36.26ms
 99.999%   43.52ms
100.000%   43.52ms

  Detailed Percentile spectrum:
       Value   Percentile   TotalCount 1/(1-Percentile)

       2.601     0.000000            1         1.00
       3.847     0.100000         2554         1.11
       4.283     0.200000         5106         1.25
       4.703     0.300000         7657         1.43
       5.163     0.400000        10209         1.67
       6.659     0.500000        12748         2.00
      10.871     0.550000        14031         2.22
      11.407     0.600000        15322         2.50
      11.727     0.650000        16596         2.86
      12.079     0.700000        17883         3.33
      12.503     0.750000        19122         4.00
      12.743     0.775000        19761         4.44
      12.967     0.800000        20397         5.00
      13.183     0.825000        21049         5.71
      13.431     0.850000        21692         6.67
      13.743     0.875000        22318         8.00
      13.935     0.887500        22629         8.89
      14.191     0.900000        22955        10.00
      14.439     0.912500        23271        11.43
      14.775     0.925000        23590        13.33
      15.311     0.937500        23903        16.00
      15.695     0.943750        24062        17.78
      16.463     0.950000        24223        20.00
      18.767     0.956250        24382        22.86
      21.663     0.962500        24540        26.67
      22.895     0.968750        24704        32.00
      23.183     0.971875        24781        35.56
      23.439     0.975000        24862        40.00
      23.663     0.978125        24945        45.71
      23.887     0.981250        25021        53.33
      24.207     0.984375        25098        64.00
      24.383     0.985938        25140        71.11
      24.559     0.987500        25178        80.00
      24.719     0.989062        25223        91.43
      24.831     0.990625        25260       106.67
      25.007     0.992188        25298       128.00
      25.071     0.992969        25317       142.22
      25.183     0.993750        25337       160.00
      25.343     0.994531        25359       182.86
      25.519     0.995313        25377       213.33
      25.743     0.996094        25397       256.00
      25.887     0.996484        25408       284.44
      26.031     0.996875        25417       320.00
      26.143     0.997266        25427       365.71
      26.303     0.997656        25437       426.67
      26.431     0.998047        25448       512.00
      26.511     0.998242        25452       568.89
      26.639     0.998437        25457       640.00
      26.719     0.998633        25464       731.43
      26.847     0.998828        25467       853.33
      26.975     0.999023        25473      1024.00
      26.991     0.999121        25474      1137.78
      27.183     0.999219        25477      1280.00
      27.407     0.999316        25479      1462.86
      27.887     0.999414        25482      1706.67
      28.927     0.999512        25484      2048.00
      29.039     0.999561        25485      2275.56
      30.399     0.999609        25487      2560.00
      31.359     0.999658        25488      2925.71
      31.615     0.999707        25489      3413.33
      32.159     0.999756        25490      4096.00
      32.703     0.999780        25491      4551.11
      35.103     0.999805        25492      5120.00
      35.103     0.999829        25492      5851.43
      36.255     0.999854        25493      6826.67
      36.255     0.999878        25493      8192.00
      36.703     0.999890        25494      9102.22
      36.703     0.999902        25494     10240.00
      36.703     0.999915        25494     11702.86
      36.991     0.999927        25495     13653.33
      36.991     0.999939        25495     16384.00
      36.991     0.999945        25495     18204.44
      36.991     0.999951        25495     20480.00
      36.991     0.999957        25495     23405.71
      43.519     0.999963        25496     27306.67
      43.519     1.000000        25496          inf
#[Mean    =        8.960, StdDeviation   =        5.142]
#[Max     =       43.488, Total count    =        25496]
#[Buckets =           27, SubBuckets     =         2048]
----------------------------------------------------------
  27004 requests in 3.00m, 6.37MB read
Requests/sec:    150.01
Transfer/sec:     36.24KB
