Running 3m test @ http://10.105.92.109:11003/d?value=1
  4 threads and 10 connections
  Thread calibration: mean lat.: 7.897ms, rate sampling interval: 26ms
  Thread calibration: mean lat.: 6.681ms, rate sampling interval: 24ms
  Thread calibration: mean lat.: 13.888ms, rate sampling interval: 45ms
  Thread calibration: mean lat.: 12.594ms, rate sampling interval: 44ms
  Thread Stats   Avg      Stdev     Max   +/- Stdev
    Latency    10.40ms    5.49ms  34.08ms   61.60%
    Req/Sec    50.42     25.60   130.00     66.31%
  Latency Distribution (HdrHistogram - Recorded Latency)
 50.000%   11.48ms
 75.000%   13.14ms
 90.000%   15.53ms
 99.000%   25.06ms
 99.900%   27.47ms
 99.990%   31.04ms
 99.999%   34.11ms
100.000%   34.11ms

  Detailed Percentile spectrum:
       Value   Percentile   TotalCount 1/(1-Percentile)

       2.415     0.000000            1         1.00
       3.749     0.100000         3403         1.11
       4.279     0.200000         6823         1.25
       5.011     0.300000        10204         1.43
      10.487     0.400000        13616         1.67
      11.479     0.500000        17027         2.00
      11.759     0.550000        18702         2.22
      12.015     0.600000        20412         2.50
      12.327     0.650000        22128         2.86
      12.727     0.700000        23831         3.33
      13.135     0.750000        25510         4.00
      13.375     0.775000        26357         4.44
      13.599     0.800000        27222         5.00
      13.863     0.825000        28065         5.71
      14.215     0.850000        28908         6.67
      14.719     0.875000        29749         8.00
      15.055     0.887500        30175         8.89
      15.535     0.900000        30603        10.00
      16.735     0.912500        31022        11.43
      19.375     0.925000        31447        13.33
      21.727     0.937500        31877        16.00
      22.191     0.943750        32093        17.78
      22.559     0.950000        32300        20.00
      22.863     0.956250        32513        22.86
      23.183     0.962500        32729        26.67
      23.535     0.968750        32934        32.00
      23.711     0.971875        33050        35.56
      23.887     0.975000        33155        40.00
      24.079     0.978125        33263        45.71
      24.303     0.981250        33370        53.33
      24.511     0.984375        33467        64.00
      24.623     0.985938        33524        71.11
      24.751     0.987500        33573        80.00
      24.911     0.989062        33627        91.43
      25.103     0.990625        33680       106.67
      25.247     0.992188        33733       128.00
      25.391     0.992969        33758       142.22
      25.551     0.993750        33786       160.00
      25.663     0.994531        33815       182.86
      25.759     0.995313        33837       213.33
      26.015     0.996094        33864       256.00
      26.127     0.996484        33878       284.44
      26.223     0.996875        33892       320.00
      26.399     0.997266        33906       365.71
      26.511     0.997656        33917       426.67
      26.911     0.998047        33931       512.00
      26.991     0.998242        33937       568.89
      27.071     0.998437        33943       640.00
      27.247     0.998633        33951       731.43
      27.359     0.998828        33957       853.33
      27.487     0.999023        33963      1024.00
      27.711     0.999121        33967      1137.78
      27.791     0.999219        33970      1280.00
      27.935     0.999316        33973      1462.86
      28.303     0.999414        33977      1706.67
      28.895     0.999512        33980      2048.00
      29.039     0.999561        33982      2275.56
      29.119     0.999609        33983      2560.00
      29.775     0.999658        33986      2925.71
      29.871     0.999707        33987      3413.33
      29.951     0.999756        33988      4096.00
      30.287     0.999780        33989      4551.11
      30.511     0.999805        33990      5120.00
      30.591     0.999829        33991      5851.43
      30.719     0.999854        33992      6826.67
      30.719     0.999878        33992      8192.00
      31.039     0.999890        33993      9102.22
      31.039     0.999902        33993     10240.00
      31.183     0.999915        33994     11702.86
      31.183     0.999927        33994     13653.33
      31.183     0.999939        33994     16384.00
      32.575     0.999945        33995     18204.44
      32.575     0.999951        33995     20480.00
      32.575     0.999957        33995     23405.71
      32.575     0.999963        33995     27306.67
      32.575     0.999969        33995     32768.00
      34.111     0.999973        33996     36408.89
      34.111     1.000000        33996          inf
#[Mean    =       10.400, StdDeviation   =        5.494]
#[Max     =       34.080, Total count    =        33996]
#[Buckets =           27, SubBuckets     =         2048]
----------------------------------------------------------
  36004 requests in 3.00m, 8.50MB read
Requests/sec:    200.01
Transfer/sec:     48.32KB
