Running 2m test @ http://10.97.31.177:9080/productpage
  2 threads and 10 connections
  Thread calibration: mean lat.: 147.901ms, rate sampling interval: 713ms
  Thread calibration: mean lat.: 345.928ms, rate sampling interval: 1732ms
  Thread Stats   Avg      Stdev     Max   +/- Stdev
    Latency     2.20s     3.89s   15.46s    82.80%
    Req/Sec    38.05      2.69    51.00     81.57%
  Latency Distribution (HdrHistogram - Recorded Latency)
 50.000%   73.15ms
 75.000%    2.52s 
 90.000%    9.37s 
 99.000%   13.39s 
 99.900%   15.20s 
 99.990%   15.42s 
 99.999%   15.47s 
100.000%   15.47s 

  Detailed Percentile spectrum:
       Value   Percentile   TotalCount 1/(1-Percentile)

       8.335     0.000000            1         1.00
      29.119     0.100000          841         1.11
      34.367     0.200000         1681         1.25
      44.415     0.300000         2522         1.43
      55.551     0.400000         3361         1.67
      73.151     0.500000         4201         2.00
      79.743     0.550000         4622         2.22
      90.943     0.600000         5042         2.50
     107.071     0.650000         5462         2.86
    1096.703     0.700000         5882         3.33
    2521.087     0.750000         6302         4.00
    3682.303     0.775000         6513         4.44
    4648.959     0.800000         6722         5.00
    5926.911     0.825000         6933         5.71
    7184.383     0.850000         7143         6.67
    8105.983     0.875000         7352         8.00
    8699.903     0.887500         7457         8.89
    9371.647     0.900000         7562        10.00
   10010.623     0.912500         7668        11.43
   10641.407     0.925000         7775        13.33
   11108.351     0.937500         7877        16.00
   11370.495     0.943750         7930        17.78
   11640.831     0.950000         7985        20.00
   12017.663     0.956250         8035        22.86
   12312.575     0.962500         8089        26.67
   12492.799     0.968750         8141        32.00
   12607.487     0.971875         8166        35.56
   12804.095     0.975000         8193        40.00
   12951.551     0.978125         8219        45.71
   13049.855     0.981250         8245        53.33
   13172.735     0.984375         8271        64.00
   13205.503     0.985938         8284        71.11
   13254.655     0.987500         8299        80.00
   13303.807     0.989062         8311        91.43
   13459.455     0.990625         8324       106.67
   13729.791     0.992188         8337       128.00
   13787.135     0.992969         8344       142.22
   13811.711     0.993750         8350       160.00
   13926.399     0.994531         8357       182.86
   14155.775     0.995313         8363       213.33
   14557.183     0.996094         8371       256.00
   14712.831     0.996484         8373       284.44
   14778.367     0.996875         8376       320.00
   14901.247     0.997266         8380       365.71
   14934.015     0.997656         8383       426.67
   15032.319     0.998047         8386       512.00
   15048.703     0.998242         8388       568.89
   15097.855     0.998437         8389       640.00
   15122.431     0.998633         8391       731.43
   15171.583     0.998828         8393       853.33
   15204.351     0.999023         8394      1024.00
   15220.735     0.999121         8395      1137.78
   15237.119     0.999219         8396      1280.00
   15286.271     0.999316         8397      1462.86
   15351.807     0.999414         8398      1706.67
   15351.807     0.999512         8398      2048.00
   15359.999     0.999561         8399      2275.56
   15359.999     0.999609         8399      2560.00
   15409.151     0.999658         8400      2925.71
   15409.151     0.999707         8400      3413.33
   15409.151     0.999756         8400      4096.00
   15417.343     0.999780         8401      4551.11
   15417.343     0.999805         8401      5120.00
   15417.343     0.999829         8401      5851.43
   15417.343     0.999854         8401      6826.67
   15417.343     0.999878         8401      8192.00
   15466.495     0.999890         8402      9102.22
   15466.495     1.000000         8402          inf
#[Mean    =     2200.722, StdDeviation   =     3891.218]
#[Max     =    15458.304, Total count    =         8402]
#[Buckets =           27, SubBuckets     =         2048]
----------------------------------------------------------
  9158 requests in 2.00m, 133.93MB read
Requests/sec:     76.30
Transfer/sec:      1.12MB
