Running 2m test @ http://10.97.31.177:9080/productpage
  2 threads and 10 connections
  Thread calibration: mean lat.: 912.575ms, rate sampling interval: 3102ms
  Thread calibration: mean lat.: 1049.168ms, rate sampling interval: 3561ms
  Thread Stats   Avg      Stdev     Max   +/- Stdev
    Latency    11.51s     6.46s   31.16s    65.46%
    Req/Sec    60.74      2.46    67.00     83.08%
  Latency Distribution (HdrHistogram - Recorded Latency)
 50.000%   10.85s 
 75.000%   16.02s 
 90.000%   20.15s 
 99.000%   28.38s 
 99.900%   30.72s 
 99.990%   31.15s 
 99.999%   31.18s 
100.000%   31.18s 

  Detailed Percentile spectrum:
       Value   Percentile   TotalCount 1/(1-Percentile)

    1355.775     0.000000            1         1.00
    3557.375     0.100000         1345         1.11
    5279.743     0.200000         2689         1.25
    6914.047     0.300000         4034         1.43
    8822.783     0.400000         5377         1.67
   10854.399     0.500000         6720         2.00
   11870.207     0.550000         7391         2.22
   12935.167     0.600000         8063         2.50
   14000.127     0.650000         8739         2.86
   14983.167     0.700000         9409         3.33
   16015.359     0.750000        10082         4.00
   16474.111     0.775000        10417         4.44
   17006.591     0.800000        10758         5.00
   17498.111     0.825000        11088         5.71
   18235.391     0.850000        11425         6.67
   19103.743     0.875000        11761         8.00
   19578.879     0.887500        11930         8.89
   20152.319     0.900000        12099        10.00
   20627.455     0.912500        12265        11.43
   21200.895     0.925000        12432        13.33
   22413.311     0.937500        12599        16.00
   23068.671     0.943750        12684        17.78
   23592.959     0.950000        12768        20.00
   24264.703     0.956250        12852        22.86
   24985.599     0.962500        12935        26.67
   25640.959     0.968750        13020        32.00
   25935.871     0.971875        13062        35.56
   26198.015     0.975000        13104        40.00
   26640.383     0.978125        13145        45.71
   26984.447     0.981250        13187        53.33
   27557.887     0.984375        13230        64.00
   27770.879     0.985938        13250        71.11
   27967.487     0.987500        13271        80.00
   28246.015     0.989062        13293        91.43
   28491.775     0.990625        13314       106.67
   28819.455     0.992188        13334       128.00
   28999.679     0.992969        13344       142.22
   29196.287     0.993750        13355       160.00
   29294.591     0.994531        13365       182.86
   29540.351     0.995313        13376       213.33
   29720.575     0.996094        13386       256.00
   29884.415     0.996484        13391       284.44
   30015.487     0.996875        13397       320.00
   30179.327     0.997266        13402       365.71
   30244.863     0.997656        13407       426.67
   30343.167     0.998047        13412       512.00
   30375.935     0.998242        13415       568.89
   30457.855     0.998437        13418       640.00
   30539.775     0.998633        13420       731.43
   30638.079     0.998828        13423       853.33
   30719.999     0.999023        13425      1024.00
   30801.919     0.999121        13427      1137.78
   30834.687     0.999219        13428      1280.00
   30883.839     0.999316        13429      1462.86
   30965.759     0.999414        13431      1706.67
   30998.527     0.999512        13432      2048.00
   31014.911     0.999561        13433      2275.56
   31014.911     0.999609        13433      2560.00
   31064.063     0.999658        13434      2925.71
   31096.831     0.999707        13435      3413.33
   31096.831     0.999756        13435      4096.00
   31113.215     0.999780        13436      4551.11
   31113.215     0.999805        13436      5120.00
   31113.215     0.999829        13436      5851.43
   31145.983     0.999854        13437      6826.67
   31145.983     0.999878        13437      8192.00
   31145.983     0.999890        13437      9102.22
   31145.983     0.999902        13437     10240.00
   31145.983     0.999915        13437     11702.86
   31178.751     0.999927        13438     13653.33
   31178.751     1.000000        13438          inf
#[Mean    =    11509.885, StdDeviation   =     6456.300]
#[Max     =    31162.368, Total count    =        13438]
#[Buckets =           27, SubBuckets     =         2048]
----------------------------------------------------------
  14677 requests in 2.00m, 214.65MB read
Requests/sec:    122.27
Transfer/sec:      1.79MB
