Running 2m test @ http://10.97.31.177:9080/productpage
  2 threads and 10 connections
  Thread calibration: mean lat.: 1541.921ms, rate sampling interval: 5586ms
  Thread calibration: mean lat.: 1531.793ms, rate sampling interval: 5636ms
  Thread Stats   Avg      Stdev     Max   +/- Stdev
    Latency    15.31s     7.05s   34.14s    67.07%
    Req/Sec    38.97      1.91    42.00     78.95%
  Latency Distribution (HdrHistogram - Recorded Latency)
 50.000%   15.35s 
 75.000%   20.17s 
 90.000%   23.97s 
 99.000%   32.49s 
 99.900%   33.65s 
 99.990%   34.11s 
 99.999%   34.18s 
100.000%   34.18s 

  Detailed Percentile spectrum:
       Value   Percentile   TotalCount 1/(1-Percentile)

    2160.639     0.000000            1         1.00
    5681.151     0.100000          871         1.11
    8364.031     0.200000         1743         1.25
   11263.999     0.300000         2614         1.43
   13369.343     0.400000         3485         1.67
   15351.807     0.500000         4355         2.00
   16310.271     0.550000         4790         2.22
   17186.815     0.600000         5231         2.50
   18104.319     0.650000         5669         2.86
   19152.895     0.700000         6098         3.33
   20168.703     0.750000         6536         4.00
   20463.615     0.775000         6752         4.44
   20987.903     0.800000         6970         5.00
   21495.807     0.825000         7197         5.71
   21970.943     0.850000         7410         6.67
   22757.375     0.875000         7621         8.00
   23396.351     0.887500         7731         8.89
   23969.791     0.900000         7839        10.00
   24920.063     0.912500         7947        11.43
   26083.327     0.925000         8056        13.33
   27394.047     0.937500         8166        16.00
   28114.943     0.943750         8220        17.78
   28540.927     0.950000         8274        20.00
   29196.287     0.956250         8331        22.86
   29884.415     0.962500         8383        26.67
   30326.783     0.968750         8437        32.00
   30588.927     0.971875         8467        35.56
   30752.767     0.975000         8494        40.00
   30916.607     0.978125         8519        45.71
   31293.439     0.981250         8547        53.33
   31637.503     0.984375         8573        64.00
   31801.343     0.985938         8587        71.11
   31948.799     0.987500         8601        80.00
   32260.095     0.989062         8614        91.43
   32538.623     0.990625         8628       106.67
   32686.079     0.992188         8641       128.00
   32833.535     0.992969         8649       142.22
   33013.759     0.993750         8655       160.00
   33210.367     0.994531         8662       182.86
   33341.439     0.995313         8669       213.33
   33456.127     0.996094         8677       256.00
   33488.895     0.996484         8680       284.44
   33505.279     0.996875         8682       320.00
   33554.431     0.997266         8687       365.71
   33587.199     0.997656         8692       426.67
   33587.199     0.998047         8692       512.00
   33619.967     0.998242         8694       568.89
   33652.735     0.998437         8700       640.00
   33652.735     0.998633         8700       731.43
   33652.735     0.998828         8700       853.33
   33685.503     0.999023         8701      1024.00
   33718.271     0.999121         8702      1137.78
   33751.039     0.999219         8704      1280.00
   33751.039     0.999316         8704      1462.86
   33751.039     0.999414         8704      1706.67
   33882.111     0.999512         8705      2048.00
   33914.879     0.999561         8706      2275.56
   33914.879     0.999609         8706      2560.00
   33980.415     0.999658         8707      2925.71
   33980.415     0.999707         8707      3413.33
   33980.415     0.999756         8707      4096.00
   34111.487     0.999780         8708      4551.11
   34111.487     0.999805         8708      5120.00
   34111.487     0.999829         8708      5851.43
   34111.487     0.999854         8708      6826.67
   34111.487     0.999878         8708      8192.00
   34177.023     0.999890         8709      9102.22
   34177.023     1.000000         8709          inf
#[Mean    =    15305.133, StdDeviation   =     7048.510]
#[Max     =    34144.256, Total count    =         8709]
#[Buckets =           27, SubBuckets     =         2048]
----------------------------------------------------------
  9419 requests in 2.00m, 137.76MB read
Requests/sec:     78.47
Transfer/sec:      1.15MB
