Running 2m test @ http://10.97.31.177:9080/productpage
  2 threads and 10 connections
  Thread calibration: mean lat.: 617.728ms, rate sampling interval: 1952ms
  Thread calibration: mean lat.: 762.525ms, rate sampling interval: 3053ms
  Thread Stats   Avg      Stdev     Max   +/- Stdev
    Latency     1.50s     1.80s    7.39s    82.98%
    Req/Sec    39.14      1.67    43.00     84.78%
  Latency Distribution (HdrHistogram - Recorded Latency)
 50.000%  512.26ms
 75.000%    2.64s 
 90.000%    4.65s 
 99.000%    6.64s 
 99.900%    7.25s 
 99.990%    7.38s 
 99.999%    7.39s 
100.000%    7.39s 

  Detailed Percentile spectrum:
       Value   Percentile   TotalCount 1/(1-Percentile)

      24.447     0.000000            1         1.00
     110.015     0.100000          873         1.11
     149.887     0.200000         1747         1.25
     196.223     0.300000         2619         1.43
     278.527     0.400000         3493         1.67
     512.255     0.500000         4365         2.00
     732.159     0.550000         4801         2.22
     997.375     0.600000         5238         2.50
    1309.695     0.650000         5675         2.86
    1967.103     0.700000         6111         3.33
    2639.871     0.750000         6551         4.00
    2834.431     0.775000         6767         4.44
    3061.759     0.800000         6986         5.00
    3252.223     0.825000         7205         5.71
    3880.959     0.850000         7420         6.67
    4268.031     0.875000         7639         8.00
    4411.391     0.887500         7747         8.89
    4653.055     0.900000         7857        10.00
    4771.839     0.912500         7966        11.43
    4890.623     0.925000         8075        13.33
    5029.887     0.937500         8185        16.00
    5095.423     0.943750         8244        17.78
    5197.823     0.950000         8294        20.00
    5324.799     0.956250         8348        22.86
    5693.439     0.962500         8402        26.67
    5844.991     0.968750         8457        32.00
    5926.911     0.971875         8486        35.56
    5988.351     0.975000         8511        40.00
    6127.615     0.978125         8539        45.71
    6201.343     0.981250         8567        53.33
    6291.455     0.984375         8593        64.00
    6402.047     0.985938         8607        71.11
    6500.351     0.987500         8620        80.00
    6602.751     0.989062         8635        91.43
    6664.191     0.990625         8648       106.67
    6770.687     0.992188         8661       128.00
    6856.703     0.992969         8668       142.22
    6897.663     0.993750         8675       160.00
    7049.215     0.994531         8682       182.86
    7114.751     0.995313         8690       213.33
    7147.519     0.996094         8697       256.00
    7172.095     0.996484         8701       284.44
    7176.191     0.996875         8702       320.00
    7196.671     0.997266         8706       365.71
    7204.863     0.997656         8709       426.67
    7208.959     0.998047         8712       512.00
    7217.151     0.998242         8715       568.89
    7221.247     0.998437         8716       640.00
    7229.439     0.998633         8718       731.43
    7249.919     0.998828         8719       853.33
    7254.015     0.999023         8721      1024.00
    7266.303     0.999121         8722      1137.78
    7270.399     0.999219         8723      1280.00
    7274.495     0.999316         8724      1462.86
    7274.495     0.999414         8724      1706.67
    7348.223     0.999512         8726      2048.00
    7348.223     0.999561         8726      2275.56
    7348.223     0.999609         8726      2560.00
    7356.415     0.999658         8727      2925.71
    7356.415     0.999707         8727      3413.33
    7356.415     0.999756         8727      4096.00
    7380.991     0.999780         8728      4551.11
    7380.991     0.999805         8728      5120.00
    7380.991     0.999829         8728      5851.43
    7380.991     0.999854         8728      6826.67
    7380.991     0.999878         8728      8192.00
    7389.183     0.999890         8729      9102.22
    7389.183     1.000000         8729          inf
#[Mean    =     1497.953, StdDeviation   =     1803.108]
#[Max     =     7385.088, Total count    =         8729]
#[Buckets =           27, SubBuckets     =         2048]
----------------------------------------------------------
  9461 requests in 2.00m, 138.37MB read
Requests/sec:     78.82
Transfer/sec:      1.15MB
