Running 2m test @ http://10.97.31.177:9080/productpage
  2 threads and 10 connections
  Thread calibration: mean lat.: 394.537ms, rate sampling interval: 1966ms
  Thread calibration: mean lat.: 231.677ms, rate sampling interval: 1085ms
  Thread Stats   Avg      Stdev     Max   +/- Stdev
    Latency     3.22s     4.53s   13.85s    77.47%
    Req/Sec    48.40      6.15    62.00     70.51%
  Latency Distribution (HdrHistogram - Recorded Latency)
 50.000%  224.90ms
 75.000%    6.74s 
 90.000%   11.41s 
 99.000%   13.53s 
 99.900%   13.77s 
 99.990%   13.84s 
 99.999%   13.86s 
100.000%   13.86s 

  Detailed Percentile spectrum:
       Value   Percentile   TotalCount 1/(1-Percentile)

      10.239     0.000000            1         1.00
      57.983     0.100000         1075         1.11
      79.103     0.200000         2151         1.25
     101.887     0.300000         3227         1.43
     130.687     0.400000         4300         1.67
     224.895     0.500000         5375         2.00
     477.183     0.550000         5912         2.22
    1129.471     0.600000         6450         2.50
    1466.367     0.650000         6987         2.86
    4411.391     0.700000         7527         3.33
    6737.919     0.750000         8062         4.00
    7766.015     0.775000         8332         4.44
    8609.791     0.800000         8602         5.00
    9306.111     0.825000         8870         5.71
   10067.967     0.850000         9139         6.67
   10764.287     0.875000         9406         8.00
   11100.159     0.887500         9540         8.89
   11411.455     0.900000         9677        10.00
   11665.407     0.912500         9810        11.43
   11919.359     0.925000         9944        13.33
   12115.967     0.937500        10078        16.00
   12287.999     0.943750        10147        17.78
   12419.071     0.950000        10213        20.00
   12509.183     0.956250        10280        22.86
   12648.447     0.962500        10348        26.67
   12730.367     0.968750        10418        32.00
   12763.135     0.971875        10448        35.56
   12845.055     0.975000        10487        40.00
   13025.279     0.978125        10514        45.71
   13238.271     0.981250        10549        53.33
   13426.687     0.984375        10583        64.00
   13443.071     0.985938        10599        71.11
   13484.031     0.987500        10620        80.00
   13508.607     0.989062        10632        91.43
   13549.567     0.990625        10651       106.67
   13590.527     0.992188        10667       128.00
   13631.487     0.992969        10677       142.22
   13647.871     0.993750        10687       160.00
   13656.063     0.994531        10691       182.86
   13688.831     0.995313        10702       213.33
   13705.215     0.996094        10709       256.00
   13713.407     0.996484        10713       284.44
   13721.599     0.996875        10716       320.00
   13729.791     0.997266        10720       365.71
   13737.983     0.997656        10724       426.67
   13746.175     0.998047        10729       512.00
   13754.367     0.998242        10735       568.89
   13754.367     0.998437        10735       640.00
   13754.367     0.998633        10735       731.43
   13770.751     0.998828        10740       853.33
   13770.751     0.999023        10740      1024.00
   13770.751     0.999121        10740      1137.78
   13787.135     0.999219        10741      1280.00
   13795.327     0.999316        10742      1462.86
   13803.519     0.999414        10743      1706.67
   13811.711     0.999512        10746      2048.00
   13811.711     0.999561        10746      2275.56
   13811.711     0.999609        10746      2560.00
   13811.711     0.999658        10746      2925.71
   13811.711     0.999707        10746      3413.33
   13828.095     0.999756        10747      4096.00
   13828.095     0.999780        10747      4551.11
   13828.095     0.999805        10747      5120.00
   13844.479     0.999829        10748      5851.43
   13844.479     0.999854        10748      6826.67
   13844.479     0.999878        10748      8192.00
   13844.479     0.999890        10748      9102.22
   13844.479     0.999902        10748     10240.00
   13860.863     0.999915        10749     11702.86
   13860.863     1.000000        10749          inf
#[Mean    =     3216.164, StdDeviation   =     4531.700]
#[Max     =    13852.672, Total count    =        10749]
#[Buckets =           27, SubBuckets     =         2048]
----------------------------------------------------------
  11705 requests in 2.00m, 171.17MB read
Requests/sec:     97.52
Transfer/sec:      1.43MB
