Running 2m test @ http://10.97.31.177:9080/productpage
  2 threads and 10 connections
  Thread calibration: mean lat.: 152.747ms, rate sampling interval: 805ms
  Thread calibration: mean lat.: 142.380ms, rate sampling interval: 710ms
  Thread Stats   Avg      Stdev     Max   +/- Stdev
    Latency   329.93ms  461.14ms   2.33s    84.33%
    Req/Sec    39.59      4.07    57.00     83.10%
  Latency Distribution (HdrHistogram - Recorded Latency)
 50.000%   79.49ms
 75.000%  497.41ms
 90.000%    1.06s 
 99.000%    1.83s 
 99.900%    2.16s 
 99.990%    2.32s 
 99.999%    2.33s 
100.000%    2.33s 

  Detailed Percentile spectrum:
       Value   Percentile   TotalCount 1/(1-Percentile)

       9.951     0.000000            1         1.00
      29.215     0.100000          884         1.11
      39.295     0.200000         1763         1.25
      50.111     0.300000         2646         1.43
      61.311     0.400000         3524         1.67
      79.487     0.500000         4401         2.00
      89.023     0.550000         4846         2.22
      99.263     0.600000         5283         2.50
     188.287     0.650000         5722         2.86
     347.391     0.700000         6163         3.33
     497.407     0.750000         6602         4.00
     583.679     0.775000         6822         4.44
     659.967     0.800000         7042         5.00
     727.039     0.825000         7263         5.71
     817.663     0.850000         7482         6.67
     925.183     0.875000         7702         8.00
     978.943     0.887500         7812         8.89
    1055.743     0.900000         7923        10.00
    1115.135     0.912500         8033        11.43
    1190.911     0.925000         8142        13.33
    1298.431     0.937500         8253        16.00
    1357.823     0.943750         8308        17.78
    1417.215     0.950000         8362        20.00
    1480.703     0.956250         8417        22.86
    1549.311     0.962500         8472        26.67
    1611.775     0.968750         8528        32.00
    1644.543     0.971875         8555        35.56
    1682.431     0.975000         8583        40.00
    1707.007     0.978125         8611        45.71
    1735.679     0.981250         8638        53.33
    1770.495     0.984375         8665        64.00
    1785.855     0.985938         8680        71.11
    1801.215     0.987500         8692        80.00
    1816.575     0.989062         8706        91.43
    1841.151     0.990625         8720       106.67
    1864.703     0.992188         8735       128.00
    1880.063     0.992969         8741       142.22
    1898.495     0.993750         8747       160.00
    1914.879     0.994531         8754       182.86
    1930.239     0.995313         8762       213.33
    1942.527     0.996094         8768       256.00
    1949.695     0.996484         8772       284.44
    1956.863     0.996875         8775       320.00
    1993.727     0.997266         8779       365.71
    2023.423     0.997656         8782       426.67
    2064.383     0.998047         8786       512.00
    2076.671     0.998242         8787       568.89
    2113.535     0.998437         8789       640.00
    2123.775     0.998633         8790       731.43
    2152.447     0.998828         8792       853.33
    2220.031     0.999023         8794      1024.00
    2226.175     0.999121         8795      1137.78
    2230.271     0.999219         8796      1280.00
    2230.271     0.999316         8796      1462.86
    2252.799     0.999414         8797      1706.67
    2271.231     0.999512         8798      2048.00
    2299.903     0.999561         8799      2275.56
    2299.903     0.999609         8799      2560.00
    2299.903     0.999658         8799      2925.71
    2310.143     0.999707         8800      3413.33
    2310.143     0.999756         8800      4096.00
    2316.287     0.999780         8801      4551.11
    2316.287     0.999805         8801      5120.00
    2316.287     0.999829         8801      5851.43
    2316.287     0.999854         8801      6826.67
    2316.287     0.999878         8801      8192.00
    2334.719     0.999890         8802      9102.22
    2334.719     1.000000         8802          inf
#[Mean    =      329.930, StdDeviation   =      461.144]
#[Max     =     2332.672, Total count    =         8802]
#[Buckets =           27, SubBuckets     =         2048]
----------------------------------------------------------
  9576 requests in 2.00m, 140.04MB read
Requests/sec:     79.78
Transfer/sec:      1.17MB
