Running 2m test @ http://10.97.31.177:9080/productpage
  2 threads and 10 connections
  Thread calibration: mean lat.: 1587.421ms, rate sampling interval: 5545ms
  Thread calibration: mean lat.: 1617.052ms, rate sampling interval: 5758ms
  Thread Stats   Avg      Stdev     Max   +/- Stdev
    Latency    18.05s     7.80s   31.51s    57.22%
    Req/Sec    57.47      6.13    67.00     73.68%
  Latency Distribution (HdrHistogram - Recorded Latency)
 50.000%   18.61s 
 75.000%   25.43s 
 90.000%   27.92s 
 99.000%   30.26s 
 99.900%   31.39s 
 99.990%   31.51s 
 99.999%   31.52s 
100.000%   31.52s 

  Detailed Percentile spectrum:
       Value   Percentile   TotalCount 1/(1-Percentile)

    2955.263     0.000000            1         1.00
    7012.351     0.100000         1279         1.11
   10100.735     0.200000         2559         1.25
   13000.703     0.300000         3837         1.43
   15253.503     0.400000         5117         1.67
   18612.223     0.500000         6396         2.00
   19644.415     0.550000         7035         2.22
   21544.959     0.600000         7678         2.50
   23101.439     0.650000         8317         2.86
   24363.007     0.700000         8956         3.33
   25427.967     0.750000         9595         4.00
   25804.799     0.775000         9922         4.44
   26230.783     0.800000        10235         5.00
   26722.303     0.825000        10560         5.71
   27017.215     0.850000        10874         6.67
   27410.431     0.875000        11193         8.00
   27688.959     0.887500        11354         8.89
   27918.335     0.900000        11511        10.00
   28114.943     0.912500        11672        11.43
   28409.855     0.925000        11840        13.33
   28688.383     0.937500        11993        16.00
   28819.455     0.943750        12082        17.78
   28966.911     0.950000        12168        20.00
   29114.367     0.956250        12233        22.86
   29278.207     0.962500        12311        26.67
   29491.199     0.968750        12391        32.00
   29573.119     0.971875        12434        35.56
   29671.423     0.975000        12473        40.00
   29818.879     0.978125        12517        45.71
   29884.415     0.981250        12552        53.33
   29966.335     0.984375        12591        64.00
   30015.487     0.985938        12613        71.11
   30130.175     0.987500        12639        80.00
   30179.327     0.989062        12651        91.43
   30359.551     0.990625        12671       106.67
   30588.927     0.992188        12691       128.00
   30703.615     0.992969        12702       142.22
   30785.535     0.993750        12711       160.00
   30834.687     0.994531        12721       182.86
   30949.375     0.995313        12731       213.33
   31031.295     0.996094        12741       256.00
   31064.063     0.996484        12746       284.44
   31096.831     0.996875        12751       320.00
   31195.135     0.997266        12756       365.71
   31309.823     0.997656        12761       426.67
   31342.591     0.998047        12767       512.00
   31358.975     0.998242        12769       568.89
   31375.359     0.998437        12774       640.00
   31375.359     0.998633        12774       731.43
   31391.743     0.998828        12779       853.33
   31391.743     0.999023        12779      1024.00
   31391.743     0.999121        12779      1137.78
   31408.127     0.999219        12783      1280.00
   31408.127     0.999316        12783      1462.86
   31408.127     0.999414        12783      1706.67
   31424.511     0.999512        12784      2048.00
   31440.895     0.999561        12785      2275.56
   31457.279     0.999609        12786      2560.00
   31457.279     0.999658        12786      2925.71
   31490.047     0.999707        12788      3413.33
   31490.047     0.999756        12788      4096.00
   31490.047     0.999780        12788      4551.11
   31490.047     0.999805        12788      5120.00
   31490.047     0.999829        12788      5851.43
   31506.431     0.999854        12789      6826.67
   31506.431     0.999878        12789      8192.00
   31506.431     0.999890        12789      9102.22
   31506.431     0.999902        12789     10240.00
   31506.431     0.999915        12789     11702.86
   31522.815     0.999927        12790     13653.33
   31522.815     1.000000        12790          inf
#[Mean    =    18049.421, StdDeviation   =     7795.819]
#[Max     =    31506.432, Total count    =        12790]
#[Buckets =           27, SubBuckets     =         2048]
----------------------------------------------------------
  13819 requests in 2.00m, 202.09MB read
Requests/sec:    115.13
Transfer/sec:      1.68MB
