Running 3m test @ http://10.108.73.23:9080/productpage
  4 threads and 10 connections
  Thread calibration: mean lat.: 1613.577ms, rate sampling interval: 7643ms
  Thread calibration: mean lat.: 1753.309ms, rate sampling interval: 8069ms
  Thread calibration: mean lat.: 1666.081ms, rate sampling interval: 7131ms
  Thread calibration: mean lat.: 1323.025ms, rate sampling interval: 4894ms
  Thread Stats   Avg      Stdev     Max   +/- Stdev
    Latency    26.04s    21.25s    1.56m    77.59%
    Req/Sec    25.62      2.03    32.00     88.00%
  Latency Distribution (HdrHistogram - Recorded Latency)
 50.000%   19.69s 
 75.000%   30.70s 
 90.000%    1.00m 
 99.000%    1.50m 
 99.900%    1.55m 
 99.990%    1.55m 
 99.999%    1.56m 
100.000%    1.56m 

  Detailed Percentile spectrum:
       Value   Percentile   TotalCount 1/(1-Percentile)

    1874.943     0.000000            1         1.00
    6107.135     0.100000         1757         1.11
    9617.407     0.200000         3512         1.25
   13271.039     0.300000         5269         1.43
   16179.199     0.400000         7028         1.67
   19693.567     0.500000         8784         2.00
   21397.503     0.550000         9658         2.22
   23035.903     0.600000        10537         2.50
   24723.455     0.650000        11422         2.86
   26804.223     0.700000        12293         3.33
   30703.615     0.750000        13170         4.00
   35356.671     0.775000        13611         4.44
   39878.655     0.800000        14049         5.00
   44826.623     0.825000        14490         5.71
   49545.215     0.850000        14927         6.67
   54362.111     0.875000        15367         8.00
   56721.407     0.887500        15588         8.89
   59736.063     0.900000        15804        10.00
   64061.439     0.912500        16025        11.43
   68485.119     0.925000        16248        13.33
   72613.887     0.937500        16466        16.00
   74514.431     0.943750        16573        17.78
   76480.511     0.950000        16683        20.00
   78512.127     0.956250        16795        22.86
   80674.815     0.962500        16903        26.67
   82771.967     0.968750        17017        32.00
   83820.543     0.971875        17068        35.56
   84869.119     0.975000        17122        40.00
   85917.695     0.978125        17177        45.71
   86900.735     0.981250        17232        53.33
   87949.311     0.984375        17287        64.00
   88539.135     0.985938        17314        71.11
   89063.423     0.987500        17343        80.00
   89456.639     0.989062        17368        91.43
   90046.463     0.990625        17397       106.67
   90505.215     0.992188        17424       128.00
   90767.359     0.992969        17437       142.22
   91160.575     0.993750        17455       160.00
   91357.183     0.994531        17468       182.86
   91553.791     0.995313        17480       213.33
   91815.935     0.996094        17492       256.00
   91947.007     0.996484        17499       284.44
   92143.615     0.996875        17510       320.00
   92209.151     0.997266        17514       365.71
   92340.223     0.997656        17521       426.67
   92471.295     0.998047        17527       512.00
   92536.831     0.998242        17530       568.89
   92602.367     0.998437        17533       640.00
   92733.439     0.998633        17540       731.43
   92733.439     0.998828        17540       853.33
   92798.975     0.999023        17546      1024.00
   92798.975     0.999121        17546      1137.78
   92930.047     0.999219        17547      1280.00
   92995.583     0.999316        17552      1462.86
   92995.583     0.999414        17552      1706.67
   92995.583     0.999512        17552      2048.00
   93061.119     0.999561        17554      2275.56
   93061.119     0.999609        17554      2560.00
   93061.119     0.999658        17554      2925.71
   93126.655     0.999707        17556      3413.33
   93126.655     0.999756        17556      4096.00
   93192.191     0.999780        17558      4551.11
   93192.191     0.999805        17558      5120.00
   93192.191     0.999829        17558      5851.43
   93192.191     0.999854        17558      6826.67
   93192.191     0.999878        17558      8192.00
   93257.727     0.999890        17559      9102.22
   93257.727     0.999902        17559     10240.00
   93257.727     0.999915        17559     11702.86
   93257.727     0.999927        17559     13653.33
   93257.727     0.999939        17559     16384.00
   93388.799     0.999945        17560     18204.44
   93388.799     1.000000        17560          inf
#[Mean    =    26037.531, StdDeviation   =    21248.596]
#[Max     =    93323.264, Total count    =        17560]
#[Buckets =           27, SubBuckets     =         2048]
----------------------------------------------------------
  18558 requests in 3.00m, 271.39MB read
Requests/sec:    103.09
Transfer/sec:      1.51MB
