Running 2m test @ http://10.97.31.177:9080/productpage
  2 threads and 4 connections
  Thread calibration: mean lat.: 1204.793ms, rate sampling interval: 5279ms
  Thread calibration: mean lat.: 1680.940ms, rate sampling interval: 6094ms
  Thread Stats   Avg      Stdev     Max   +/- Stdev
    Latency    14.52s    12.47s   40.60s    45.40%
    Req/Sec    38.32      3.80    45.00     78.95%
  Latency Distribution (HdrHistogram - Recorded Latency)
 50.000%   14.32s 
 75.000%   25.61s 
 90.000%   31.65s 
 99.000%   39.03s 
 99.900%   40.50s 
 99.990%   40.63s 
 99.999%   40.63s 
100.000%   40.63s 

  Detailed Percentile spectrum:
       Value   Percentile   TotalCount 1/(1-Percentile)

       8.663     0.000000            1         1.00
     170.111     0.100000          850         1.11
     553.983     0.200000         1701         1.25
    1307.647     0.300000         2550         1.43
    7454.719     0.400000         3400         1.67
   14319.615     0.500000         4252         2.00
   17268.735     0.550000         4675         2.22
   19857.407     0.600000         5101         2.50
   21626.879     0.650000         5525         2.86
   23543.807     0.700000         5950         3.33
   25608.191     0.750000         6378         4.00
   26755.071     0.775000         6589         4.44
   27803.647     0.800000         6803         5.00
   28622.847     0.825000         7015         5.71
   29622.271     0.850000         7226         6.67
   30621.695     0.875000         7438         8.00
   31145.983     0.887500         7544         8.89
   31653.887     0.900000         7650        10.00
   32145.407     0.912500         7759        11.43
   32636.927     0.925000         7864        13.33
   33374.207     0.937500         7971        16.00
   33718.271     0.943750         8026        17.78
   33980.415     0.950000         8075        20.00
   34373.631     0.956250         8130        22.86
   34701.311     0.962500         8183        26.67
   35356.671     0.968750         8236        32.00
   35782.655     0.971875         8261        35.56
   36306.943     0.975000         8289        40.00
   36929.535     0.978125         8317        45.71
   37453.823     0.981250         8341        53.33
   38207.487     0.984375         8372        64.00
   38436.863     0.985938         8381        71.11
   38764.543     0.987500         8395        80.00
   38895.615     0.989062         8409        91.43
   39124.991     0.990625         8421       106.67
   39419.903     0.992188         8434       128.00
   39616.511     0.992969         8441       142.22
   39682.047     0.993750         8447       160.00
   39780.351     0.994531         8454       182.86
   40042.495     0.995313         8461       213.33
   40140.799     0.996094         8472       256.00
   40140.799     0.996484         8472       284.44
   40173.567     0.996875         8474       320.00
   40206.335     0.997266         8479       365.71
   40271.871     0.997656         8481       426.67
   40402.943     0.998047         8487       512.00
   40402.943     0.998242         8487       568.89
   40402.943     0.998437         8487       640.00
   40468.479     0.998633         8491       731.43
   40468.479     0.998828         8491       853.33
   40501.247     0.999023         8492      1024.00
   40534.015     0.999121         8493      1137.78
   40599.551     0.999219         8495      1280.00
   40599.551     0.999316         8495      1462.86
   40632.319     0.999414         8500      1706.67
   40632.319     1.000000         8500          inf
#[Mean    =    14520.910, StdDeviation   =    12474.266]
#[Max     =    40599.552, Total count    =         8500]
#[Buckets =           27, SubBuckets     =         2048]
----------------------------------------------------------
  9233 requests in 2.00m, 135.03MB read
Requests/sec:     76.93
Transfer/sec:      1.13MB
