Running 2m test @ http://10.97.31.177:9080/productpage
  2 threads and 4 connections
  Thread calibration: mean lat.: 3706.946ms, rate sampling interval: 13017ms
  Thread calibration: mean lat.: 3512.451ms, rate sampling interval: 12935ms
  Thread Stats   Avg      Stdev     Max   +/- Stdev
    Latency    48.22s    23.35s    1.54m    58.52%
    Req/Sec    32.12      2.29    36.00     81.25%
  Latency Distribution (HdrHistogram - Recorded Latency)
 50.000%   49.05s 
 75.000%    1.13m 
 90.000%    1.33m 
 99.000%    1.51m 
 99.900%    1.54m 
 99.990%    1.54m 
 99.999%    1.55m 
100.000%    1.55m 

  Detailed Percentile spectrum:
       Value   Percentile   TotalCount 1/(1-Percentile)

    7135.231     0.000000            1         1.00
   15237.119     0.100000          718         1.11
   23740.415     0.200000         1436         1.25
   32407.551     0.300000         2155         1.43
   41123.839     0.400000         2870         1.67
   49053.695     0.500000         3589         2.00
   52953.087     0.550000         3948         2.22
   56492.031     0.600000         4305         2.50
   60358.655     0.650000         4665         2.86
   64487.423     0.700000         5026         3.33
   67895.295     0.750000         5382         4.00
   69861.375     0.775000         5561         4.44
   71761.919     0.800000         5748         5.00
   73727.999     0.825000         5925         5.71
   75628.543     0.850000         6099         6.67
   77725.695     0.875000         6283         8.00
   78643.199     0.887500         6368         8.89
   79626.239     0.900000         6460        10.00
   80674.815     0.912500         6552        11.43
   81526.783     0.925000         6638        13.33
   82706.431     0.937500         6729        16.00
   83492.863     0.943750         6773        17.78
   84213.759     0.950000         6819        20.00
   84934.655     0.956250         6862        22.86
   85590.015     0.962500         6909        26.67
   86245.375     0.968750         6953        32.00
   86638.591     0.971875         6974        35.56
   87097.343     0.975000         6997        40.00
   87752.703     0.978125         7019        45.71
   88473.599     0.981250         7041        53.33
   89194.495     0.984375         7064        64.00
   89522.175     0.985938         7076        71.11
   89849.855     0.987500         7087        80.00
   90177.535     0.989062         7099        91.43
   90439.679     0.990625         7108       106.67
   90767.359     0.992188         7119       128.00
   90963.967     0.992969         7125       142.22
   91160.575     0.993750         7132       160.00
   91291.647     0.994531         7136       182.86
   91488.255     0.995313         7143       213.33
   91619.327     0.996094         7148       256.00
   91684.863     0.996484         7150       284.44
   91815.935     0.996875         7154       320.00
   91881.471     0.997266         7158       365.71
   92012.543     0.997656         7161       426.67
   92012.543     0.998047         7161       512.00
   92078.079     0.998242         7163       568.89
   92143.615     0.998437         7164       640.00
   92209.151     0.998633         7167       731.43
   92209.151     0.998828         7167       853.33
   92274.687     0.999023         7169      1024.00
   92274.687     0.999121         7169      1137.78
   92405.759     0.999219         7170      1280.00
   92471.295     0.999316         7171      1462.86
   92471.295     0.999414         7171      1706.67
   92536.831     0.999512         7172      2048.00
   92536.831     0.999561         7172      2275.56
   92602.367     0.999609         7173      2560.00
   92602.367     0.999658         7173      2925.71
   92602.367     0.999707         7173      3413.33
   92667.903     0.999756         7174      4096.00
   92667.903     0.999780         7174      4551.11
   92667.903     0.999805         7174      5120.00
   92667.903     0.999829         7174      5851.43
   92667.903     0.999854         7174      6826.67
   92733.439     0.999878         7175      8192.00
   92733.439     1.000000         7175          inf
#[Mean    =    48218.649, StdDeviation   =    23347.869]
#[Max     =    92667.904, Total count    =         7175]
#[Buckets =           27, SubBuckets     =         2048]
----------------------------------------------------------
  7869 requests in 2.00m, 115.08MB read
Requests/sec:     65.56
Transfer/sec:      0.96MB
