Running 2m test @ http://10.97.31.177:9080/productpage
  2 threads and 4 connections
  Thread calibration: mean lat.: 3559.639ms, rate sampling interval: 12918ms
  Thread calibration: mean lat.: 3869.748ms, rate sampling interval: 13516ms
  Thread Stats   Avg      Stdev     Max   +/- Stdev
    Latency    47.81s    23.00s    1.50m    58.05%
    Req/Sec    27.06      1.48    30.00     93.75%
  Latency Distribution (HdrHistogram - Recorded Latency)
 50.000%   48.10s 
 75.000%    1.13m 
 90.000%    1.32m 
 99.000%    1.45m 
 99.900%    1.49m 
 99.990%    1.50m 
 99.999%    1.50m 
100.000%    1.50m 

  Detailed Percentile spectrum:
       Value   Percentile   TotalCount 1/(1-Percentile)

    7176.191     0.000000            1         1.00
   15761.407     0.100000          605         1.11
   24002.559     0.200000         1210         1.25
   31932.415     0.300000         1815         1.43
   40140.799     0.400000         2422         1.67
   48103.423     0.500000         3027         2.00
   52166.655     0.550000         3328         2.22
   56328.191     0.600000         3630         2.50
   60227.583     0.650000         3934         2.86
   64028.671     0.700000         4235         3.33
   67895.295     0.750000         4540         4.00
   69861.375     0.775000         4693         4.44
   71434.239     0.800000         4840         5.00
   73334.783     0.825000         4994         5.71
   75300.863     0.850000         5151         6.67
   77070.335     0.875000         5294         8.00
   78118.911     0.887500         5375         8.89
   79101.951     0.900000         5449        10.00
   80150.527     0.912500         5526        11.43
   81068.031     0.925000         5597        13.33
   82116.607     0.937500         5675        16.00
   82575.359     0.943750         5712        17.78
   83099.647     0.950000         5751        20.00
   83623.935     0.956250         5788        22.86
   84082.687     0.962500         5824        26.67
   84541.439     0.968750         5861        32.00
   84803.583     0.971875         5884        35.56
   85000.191     0.975000         5899        40.00
   85327.871     0.978125         5923        45.71
   85524.479     0.981250         5937        53.33
   85983.231     0.984375         5956        64.00
   86245.375     0.985938         5965        71.11
   86573.055     0.987500         5976        80.00
   86769.663     0.989062         5985        91.43
   87097.343     0.990625         5996       106.67
   87359.487     0.992188         6004       128.00
   87556.095     0.992969         6008       142.22
   87883.775     0.993750         6014       160.00
   88014.847     0.994531         6017       182.86
   88342.527     0.995313         6022       213.33
   88539.135     0.996094         6027       256.00
   88670.207     0.996484         6029       284.44
   88866.815     0.996875         6032       320.00
   88932.351     0.997266         6034       365.71
   89063.423     0.997656         6036       426.67
   89325.567     0.998047         6040       512.00
   89325.567     0.998242         6040       568.89
   89391.103     0.998437         6041       640.00
   89456.639     0.998633         6043       731.43
   89456.639     0.998828         6043       853.33
   89587.711     0.999023         6045      1024.00
   89587.711     0.999121         6045      1137.78
   89653.247     0.999219         6046      1280.00
   89653.247     0.999316         6046      1462.86
   89718.783     0.999414         6047      1706.67
   89784.319     0.999512         6048      2048.00
   89784.319     0.999561         6048      2275.56
   89784.319     0.999609         6048      2560.00
   89784.319     0.999658         6048      2925.71
   89849.855     0.999707         6049      3413.33
   89849.855     0.999756         6049      4096.00
   89849.855     0.999780         6049      4551.11
   89849.855     0.999805         6049      5120.00
   89849.855     0.999829         6049      5851.43
   89980.927     0.999854         6050      6826.67
   89980.927     1.000000         6050          inf
#[Mean    =    47805.686, StdDeviation   =    22995.529]
#[Max     =    89915.392, Total count    =         6050]
#[Buckets =           27, SubBuckets     =         2048]
----------------------------------------------------------
  6584 requests in 2.00m, 96.29MB read
Requests/sec:     54.86
Transfer/sec:    821.55KB
