Running 2m test @ http://10.97.31.177:9080/productpage
  2 threads and 4 connections
  Thread calibration: mean lat.: 4011.987ms, rate sampling interval: 14000ms
  Thread calibration: mean lat.: 4269.348ms, rate sampling interval: 14680ms
  Thread Stats   Avg      Stdev     Max   +/- Stdev
    Latency     0.86m    27.14s    1.73m    56.98%
    Req/Sec    23.43      4.88    31.00     85.71%
  Latency Distribution (HdrHistogram - Recorded Latency)
 50.000%    0.86m 
 75.000%    1.25m 
 90.000%    1.48m 
 99.000%    1.70m 
 99.900%    1.73m 
 99.990%    1.73m 
 99.999%    1.73m 
100.000%    1.73m 

  Detailed Percentile spectrum:
       Value   Percentile   TotalCount 1/(1-Percentile)

    7643.135     0.000000            1         1.00
   14974.975     0.100000          527         1.11
   22478.847     0.200000         1053         1.25
   31555.583     0.300000         1579         1.43
   41713.663     0.400000         2107         1.67
   51642.367     0.500000         2632         2.00
   56197.119     0.550000         2896         2.22
   60817.407     0.600000         3158         2.50
   65568.767     0.650000         3421         2.86
   69992.447     0.700000         3685         3.33
   74711.039     0.750000         3950         4.00
   77201.407     0.775000         4081         4.44
   79626.239     0.800000         4211         5.00
   82051.071     0.825000         4343         5.71
   84017.151     0.850000         4474         6.67
   86376.447     0.875000         4608         8.00
   87359.487     0.887500         4673         8.89
   88539.135     0.900000         4738        10.00
   89784.319     0.912500         4805        11.43
   91226.111     0.925000         4870        13.33
   93192.191     0.937500         4935        16.00
   94306.303     0.943750         4969        17.78
   95354.879     0.950000         5000        20.00
   96337.919     0.956250         5033        22.86
   97517.567     0.962500         5066        26.67
   98697.215     0.968750         5099        32.00
   99090.431     0.971875         5115        35.56
   99745.791     0.975000         5133        40.00
  100335.615     0.978125         5150        45.71
  100859.903     0.981250         5167        53.33
  101187.583     0.984375         5181        64.00
  101449.727     0.985938         5191        71.11
  101646.335     0.987500         5200        80.00
  101842.943     0.989062         5206        91.43
  102170.623     0.990625         5216       106.67
  102432.767     0.992188         5222       128.00
  102563.839     0.992969         5227       142.22
  102694.911     0.993750         5231       160.00
  102891.519     0.994531         5235       182.86
  103022.591     0.995313         5240       213.33
  103088.127     0.996094         5244       256.00
  103153.663     0.996484         5245       284.44
  103219.199     0.996875         5248       320.00
  103284.735     0.997266         5249       365.71
  103350.271     0.997656         5251       426.67
  103415.807     0.998047         5253       512.00
  103481.343     0.998242         5255       568.89
  103481.343     0.998437         5255       640.00
  103546.879     0.998633         5257       731.43
  103546.879     0.998828         5257       853.33
  103612.415     0.999023         5259      1024.00
  103612.415     0.999121         5259      1137.78
  103612.415     0.999219         5259      1280.00
  103677.951     0.999316         5260      1462.86
  103677.951     0.999414         5260      1706.67
  103743.487     0.999512         5262      2048.00
  103743.487     0.999561         5262      2275.56
  103743.487     0.999609         5262      2560.00
  103743.487     0.999658         5262      2925.71
  103743.487     0.999707         5262      3413.33
  103743.487     0.999756         5262      4096.00
  103743.487     0.999780         5262      4551.11
  103743.487     0.999805         5262      5120.00
  103809.023     0.999829         5263      5851.43
  103809.023     1.000000         5263          inf
#[Mean    =    51657.687, StdDeviation   =    27138.381]
#[Max     =   103743.488, Total count    =         5263]
#[Buckets =           27, SubBuckets     =         2048]
----------------------------------------------------------
  5851 requests in 2.00m, 85.57MB read
Requests/sec:     48.75
Transfer/sec:    730.08KB
