Running 3m test @ http://10.99.205.204:11000/a?value=1
  4 threads and 10 connections
  Thread calibration: mean lat.: 57.422ms, rate sampling interval: 227ms
  Thread calibration: mean lat.: 127.860ms, rate sampling interval: 517ms
  Thread calibration: mean lat.: 61.398ms, rate sampling interval: 242ms
  Thread calibration: mean lat.: 108.343ms, rate sampling interval: 497ms
  Thread Stats   Avg      Stdev     Max   +/- Stdev
    Latency    88.67ms   90.91ms   1.05s    89.00%
    Req/Sec    24.60      4.05    41.00     80.05%
  Latency Distribution (HdrHistogram - Recorded Latency)
 50.000%   52.58ms
 75.000%  116.99ms
 90.000%  185.73ms
 99.000%  458.24ms
 99.900%  823.81ms
 99.990%  990.21ms
 99.999%    1.05s 
100.000%    1.05s 

  Detailed Percentile spectrum:
       Value   Percentile   TotalCount 1/(1-Percentile)

       8.543     0.000000            1         1.00
      20.207     0.100000         1702         1.11
      38.687     0.200000         3404         1.25
      42.815     0.300000         5112         1.43
      47.423     0.400000         6807         1.67
      52.575     0.500000         8504         2.00
      57.055     0.550000         9355         2.22
      63.519     0.600000        10205         2.50
      80.383     0.650000        11058         2.86
     101.759     0.700000        11905         3.33
     116.991     0.750000        12757         4.00
     121.663     0.775000        13183         4.44
     125.823     0.800000        13610         5.00
     131.583     0.825000        14032         5.71
     145.663     0.850000        14456         6.67
     166.911     0.875000        14883         8.00
     178.431     0.887500        15093         8.89
     185.855     0.900000        15306        10.00
     196.479     0.912500        15518        11.43
     212.863     0.925000        15733        13.33
     229.247     0.937500        15944        16.00
     243.327     0.943750        16050        17.78
     256.511     0.950000        16156        20.00
     273.407     0.956250        16262        22.86
     289.535     0.962500        16369        26.67
     311.551     0.968750        16475        32.00
     325.631     0.971875        16529        35.56
     339.199     0.975000        16581        40.00
     355.839     0.978125        16634        45.71
     375.039     0.981250        16688        53.33
     400.127     0.984375        16741        64.00
     415.231     0.985938        16768        71.11
     429.567     0.987500        16795        80.00
     447.231     0.989062        16821        91.43
     466.943     0.990625        16847       106.67
     493.055     0.992188        16874       128.00
     509.439     0.992969        16887       142.22
     525.311     0.993750        16900       160.00
     544.255     0.994531        16913       182.86
     578.559     0.995313        16927       213.33
     605.183     0.996094        16940       256.00
     638.975     0.996484        16947       284.44
     666.623     0.996875        16954       320.00
     695.295     0.997266        16960       365.71
     726.015     0.997656        16967       426.67
     744.959     0.998047        16973       512.00
     761.343     0.998242        16977       568.89
     771.583     0.998437        16980       640.00
     785.919     0.998633        16983       731.43
     799.743     0.998828        16987       853.33
     840.703     0.999023        16990      1024.00
     845.823     0.999121        16992      1137.78
     855.039     0.999219        16993      1280.00
     870.399     0.999316        16996      1462.86
     907.263     0.999414        16997      1706.67
     913.407     0.999512        16998      2048.00
     921.087     0.999561        16999      2275.56
     921.599     0.999609        17000      2560.00
     940.543     0.999658        17001      2925.71
     949.247     0.999707        17002      3413.33
     949.247     0.999756        17002      4096.00
     976.895     0.999780        17003      4551.11
     976.895     0.999805        17003      5120.00
     990.207     0.999829        17004      5851.43
     990.207     0.999854        17004      6826.67
     990.207     0.999878        17004      8192.00
    1015.295     0.999890        17005      9102.22
    1015.295     0.999902        17005     10240.00
    1015.295     0.999915        17005     11702.86
    1015.295     0.999927        17005     13653.33
    1015.295     0.999939        17005     16384.00
    1046.015     0.999945        17006     18204.44
    1046.015     1.000000        17006          inf
#[Mean    =       88.667, StdDeviation   =       90.906]
#[Max     =     1045.504, Total count    =        17006]
#[Buckets =           27, SubBuckets     =         2048]
----------------------------------------------------------
  17996 requests in 3.00m, 4.26MB read
Requests/sec:     99.97
Transfer/sec:     24.22KB
