Running 2m test @ http://10.97.31.177:9080/productpage
  2 threads and 10 connections
  Thread calibration: mean lat.: 741.744ms, rate sampling interval: 2588ms
  Thread calibration: mean lat.: 1685.003ms, rate sampling interval: 8028ms
  Thread Stats   Avg      Stdev     Max   +/- Stdev
    Latency     8.58s    11.98s   36.67s    79.92%
    Req/Sec    69.04     10.00    94.00     70.91%
  Latency Distribution (HdrHistogram - Recorded Latency)
 50.000%    2.72s 
 75.000%    8.45s 
 90.000%   32.69s 
 99.000%   36.11s 
 99.900%   36.54s 
 99.990%   36.67s 
 99.999%   36.70s 
100.000%   36.70s 

  Detailed Percentile spectrum:
       Value   Percentile   TotalCount 1/(1-Percentile)

      10.663     0.000000            1         1.00
      64.895     0.100000         1494         1.11
     193.279     0.200000         2985         1.25
     790.527     0.300000         4478         1.43
    1456.127     0.400000         5970         1.67
    2719.743     0.500000         7462         2.00
    3706.879     0.550000         8209         2.22
    4775.935     0.600000         8957         2.50
    5283.839     0.650000         9705         2.86
    5869.567     0.700000        10450         3.33
    8445.951     0.750000        11193         4.00
   13680.639     0.775000        11567         4.44
   20807.679     0.800000        11940         5.00
   23232.511     0.825000        12316         5.71
   29671.423     0.850000        12686         6.67
   31883.263     0.875000        13062         8.00
   32276.479     0.887500        13252         8.89
   32686.079     0.900000        13435        10.00
   33357.823     0.912500        13630        11.43
   33751.039     0.925000        13817        13.33
   33980.415     0.937500        14001        16.00
   34242.559     0.943750        14104        17.78
   34471.935     0.950000        14187        20.00
   34734.079     0.956250        14273        22.86
   34963.455     0.962500        14367        26.67
   35258.367     0.968750        14468        32.00
   35356.671     0.971875        14511        35.56
   35487.743     0.975000        14559        40.00
   35684.351     0.978125        14601        45.71
   35815.423     0.981250        14646        53.33
   35946.495     0.984375        14707        64.00
   35979.263     0.985938        14720        71.11
   36044.799     0.987500        14747        80.00
   36077.567     0.989062        14771        91.43
   36143.103     0.990625        14790       106.67
   36208.639     0.992188        14822       128.00
   36208.639     0.992969        14822       142.22
   36274.175     0.993750        14844       160.00
   36274.175     0.994531        14844       182.86
   36339.711     0.995313        14872       213.33
   36339.711     0.996094        14872       256.00
   36339.711     0.996484        14872       284.44
   36372.479     0.996875        14887       320.00
   36372.479     0.997266        14887       365.71
   36405.247     0.997656        14895       426.67
   36405.247     0.998047        14895       512.00
   36438.015     0.998242        14898       568.89
   36470.783     0.998437        14904       640.00
   36470.783     0.998633        14904       731.43
   36536.319     0.998828        14909       853.33
   36569.087     0.999023        14917      1024.00
   36569.087     0.999121        14917      1137.78
   36569.087     0.999219        14917      1280.00
   36569.087     0.999316        14917      1462.86
   36569.087     0.999414        14917      1706.67
   36569.087     0.999512        14917      2048.00
   36601.855     0.999561        14919      2275.56
   36601.855     0.999609        14919      2560.00
   36601.855     0.999658        14919      2925.71
   36634.623     0.999707        14921      3413.33
   36634.623     0.999756        14921      4096.00
   36634.623     0.999780        14921      4551.11
   36667.391     0.999805        14923      5120.00
   36667.391     0.999829        14923      5851.43
   36667.391     0.999854        14923      6826.67
   36667.391     0.999878        14923      8192.00
   36667.391     0.999890        14923      9102.22
   36667.391     0.999902        14923     10240.00
   36667.391     0.999915        14923     11702.86
   36667.391     0.999927        14923     13653.33
   36700.159     0.999939        14924     16384.00
   36700.159     1.000000        14924          inf
#[Mean    =     8581.145, StdDeviation   =    11984.728]
#[Max     =    36667.392, Total count    =        14924]
#[Buckets =           27, SubBuckets     =         2048]
----------------------------------------------------------
  16104 requests in 2.00m, 235.49MB read
Requests/sec:    134.16
Transfer/sec:      1.96MB
