Running 3m test @ http://10.105.92.109:11003/d?value=1
  4 threads and 10 connections
  Thread calibration: mean lat.: 9.055ms, rate sampling interval: 26ms
  Thread calibration: mean lat.: 9.526ms, rate sampling interval: 27ms
  Thread calibration: mean lat.: 10.542ms, rate sampling interval: 33ms
  Thread calibration: mean lat.: 10.584ms, rate sampling interval: 33ms
  Thread Stats   Avg      Stdev     Max   +/- Stdev
    Latency     9.90ms    4.14ms  31.34ms   61.92%
    Req/Sec    37.88     30.50    80.00     44.62%
  Latency Distribution (HdrHistogram - Recorded Latency)
 50.000%    9.54ms
 75.000%   13.10ms
 90.000%   15.69ms
 99.000%   18.94ms
 99.900%   22.08ms
 99.990%   26.90ms
 99.999%   31.36ms
100.000%   31.36ms

  Detailed Percentile spectrum:
       Value   Percentile   TotalCount 1/(1-Percentile)

       2.693     0.000000            1         1.00
       4.515     0.100000         2553         1.11
       5.887     0.200000         5102         1.25
       6.983     0.300000         7653         1.43
       7.975     0.400000        10207         1.67
       9.543     0.500000        12752         2.00
      10.375     0.550000        14028         2.22
      11.135     0.600000        15308         2.50
      11.871     0.650000        16590         2.86
      12.455     0.700000        17858         3.33
      13.095     0.750000        19132         4.00
      13.471     0.775000        19763         4.44
      13.879     0.800000        20402         5.00
      14.247     0.825000        21037         5.71
      14.655     0.850000        21680         6.67
      15.151     0.875000        22310         8.00
      15.407     0.887500        22630         8.89
      15.687     0.900000        22956        10.00
      15.951     0.912500        23274        11.43
      16.199     0.925000        23586        13.33
      16.543     0.937500        23914        16.00
      16.703     0.943750        24066        17.78
      16.895     0.950000        24224        20.00
      17.087     0.956250        24387        22.86
      17.295     0.962500        24548        26.67
      17.551     0.968750        24705        32.00
      17.695     0.971875        24785        35.56
      17.839     0.975000        24861        40.00
      18.015     0.978125        24945        45.71
      18.191     0.981250        25019        53.33
      18.383     0.984375        25100        64.00
      18.527     0.985938        25142        71.11
      18.671     0.987500        25178        80.00
      18.831     0.989062        25222        91.43
      18.991     0.990625        25258       106.67
      19.183     0.992188        25297       128.00
      19.311     0.992969        25317       142.22
      19.439     0.993750        25338       160.00
      19.599     0.994531        25358       182.86
      19.807     0.995313        25377       213.33
      20.015     0.996094        25397       256.00
      20.127     0.996484        25408       284.44
      20.367     0.996875        25419       320.00
      20.479     0.997266        25428       365.71
      20.655     0.997656        25437       426.67
      20.959     0.998047        25449       512.00
      21.023     0.998242        25452       568.89
      21.199     0.998437        25457       640.00
      21.455     0.998633        25463       731.43
      21.855     0.998828        25467       853.33
      22.271     0.999023        25473      1024.00
      22.351     0.999121        25474      1137.78
      22.511     0.999219        25477      1280.00
      22.783     0.999316        25480      1462.86
      23.455     0.999414        25482      1706.67
      23.647     0.999512        25484      2048.00
      23.791     0.999561        25485      2275.56
      24.079     0.999609        25487      2560.00
      24.335     0.999658        25488      2925.71
      24.735     0.999707        25489      3413.33
      24.847     0.999756        25490      4096.00
      25.167     0.999780        25491      4551.11
      26.415     0.999805        25492      5120.00
      26.415     0.999829        25492      5851.43
      26.895     0.999854        25493      6826.67
      26.895     0.999878        25493      8192.00
      27.071     0.999890        25494      9102.22
      27.071     0.999902        25494     10240.00
      27.071     0.999915        25494     11702.86
      28.255     0.999927        25495     13653.33
      28.255     0.999939        25495     16384.00
      28.255     0.999945        25495     18204.44
      28.255     0.999951        25495     20480.00
      28.255     0.999957        25495     23405.71
      31.359     0.999963        25496     27306.67
      31.359     1.000000        25496          inf
#[Mean    =        9.895, StdDeviation   =        4.139]
#[Max     =       31.344, Total count    =        25496]
#[Buckets =           27, SubBuckets     =         2048]
----------------------------------------------------------
  27005 requests in 3.00m, 6.37MB read
Requests/sec:    150.02
Transfer/sec:     36.23KB
