Running 3m test @ http://10.105.92.109:11003/d?value=1
  4 threads and 10 connections
  Thread calibration: mean lat.: 7.602ms, rate sampling interval: 25ms
  Thread calibration: mean lat.: 7.694ms, rate sampling interval: 23ms
  Thread calibration: mean lat.: 10.283ms, rate sampling interval: 29ms
  Thread calibration: mean lat.: 7.779ms, rate sampling interval: 24ms
  Thread Stats   Avg      Stdev     Max   +/- Stdev
    Latency     7.31ms    2.77ms  79.68ms   66.70%
    Req/Sec    25.33     34.34   103.00     76.11%
  Latency Distribution (HdrHistogram - Recorded Latency)
 50.000%    7.03ms
 75.000%    8.74ms
 90.000%   11.25ms
 99.000%   14.59ms
 99.900%   16.30ms
 99.990%   21.26ms
 99.999%   79.74ms
100.000%   79.74ms

  Detailed Percentile spectrum:
       Value   Percentile   TotalCount 1/(1-Percentile)

       2.525     0.000000            1         1.00
       4.163     0.100000         1704         1.11
       4.631     0.200000         3412         1.25
       5.283     0.300000         5105         1.43
       6.359     0.400000         6805         1.67
       7.035     0.500000         8500         2.00
       7.359     0.550000         9352         2.22
       7.735     0.600000        10207         2.50
       8.059     0.650000        11052         2.86
       8.375     0.700000        11919         3.33
       8.743     0.750000        12757         4.00
       8.999     0.775000        13176         4.44
       9.335     0.800000        13608         5.00
       9.719     0.825000        14033         5.71
      10.127     0.850000        14450         6.67
      10.639     0.875000        14874         8.00
      10.919     0.887500        15088         8.89
      11.247     0.900000        15302        10.00
      11.543     0.912500        15517        11.43
      11.919     0.925000        15725        13.33
      12.335     0.937500        15941        16.00
      12.535     0.943750        16044        17.78
      12.751     0.950000        16151        20.00
      12.951     0.956250        16258        22.86
      13.175     0.962500        16363        26.67
      13.447     0.968750        16469        32.00
      13.583     0.971875        16520        35.56
      13.743     0.975000        16575        40.00
      13.863     0.978125        16629        45.71
      14.039     0.981250        16680        53.33
      14.247     0.984375        16734        64.00
      14.335     0.985938        16759        71.11
      14.439     0.987500        16787        80.00
      14.535     0.989062        16814        91.43
      14.679     0.990625        16839       106.67
      14.887     0.992188        16866       128.00
      14.983     0.992969        16881       142.22
      15.055     0.993750        16892       160.00
      15.135     0.994531        16906       182.86
      15.271     0.995313        16919       213.33
      15.383     0.996094        16932       256.00
      15.423     0.996484        16939       284.44
      15.463     0.996875        16945       320.00
      15.695     0.997266        16952       365.71
      15.823     0.997656        16960       426.67
      15.863     0.998047        16965       512.00
      15.983     0.998242        16969       568.89
      16.039     0.998437        16972       640.00
      16.095     0.998633        16975       731.43
      16.279     0.998828        16979       853.33
      16.367     0.999023        16982      1024.00
      16.671     0.999121        16984      1137.78
      16.863     0.999219        16985      1280.00
      17.663     0.999316        16987      1462.86
      17.919     0.999414        16989      1706.67
      17.935     0.999512        16990      2048.00
      18.031     0.999561        16991      2275.56
      19.599     0.999609        16992      2560.00
      20.623     0.999658        16993      2925.71
      20.639     0.999707        16994      3413.33
      20.639     0.999756        16994      4096.00
      20.895     0.999780        16995      4551.11
      20.895     0.999805        16995      5120.00
      21.263     0.999829        16996      5851.43
      21.263     0.999854        16996      6826.67
      21.263     0.999878        16996      8192.00
      21.951     0.999890        16997      9102.22
      21.951     0.999902        16997     10240.00
      21.951     0.999915        16997     11702.86
      21.951     0.999927        16997     13653.33
      21.951     0.999939        16997     16384.00
      79.743     0.999945        16998     18204.44
      79.743     1.000000        16998          inf
#[Mean    =        7.309, StdDeviation   =        2.774]
#[Max     =       79.680, Total count    =        16998]
#[Buckets =           27, SubBuckets     =         2048]
----------------------------------------------------------
  18004 requests in 3.00m, 4.24MB read
Requests/sec:    100.02
Transfer/sec:     24.13KB
