Running 3m test @ http://10.105.92.109:11003/d?value=1
  4 threads and 10 connections
  Thread calibration: mean lat.: 5.278ms, rate sampling interval: 15ms
  Thread calibration: mean lat.: 8.798ms, rate sampling interval: 26ms
  Thread calibration: mean lat.: 8.678ms, rate sampling interval: 26ms
  Thread calibration: mean lat.: 12.300ms, rate sampling interval: 29ms
  Thread Stats   Avg      Stdev     Max   +/- Stdev
    Latency     8.85ms    3.98ms  32.99ms   52.41%
    Req/Sec    50.90     41.72   142.00     60.40%
  Latency Distribution (HdrHistogram - Recorded Latency)
 50.000%    8.39ms
 75.000%   12.50ms
 90.000%   13.81ms
 99.000%   16.09ms
 99.900%   18.98ms
 99.990%   27.02ms
 99.999%   33.02ms
100.000%   33.02ms

  Detailed Percentile spectrum:
       Value   Percentile   TotalCount 1/(1-Percentile)

       2.519     0.000000            1         1.00
       4.055     0.100000         3405         1.11
       4.507     0.200000         6815         1.25
       5.095     0.300000        10206         1.43
       6.579     0.400000        13609         1.67
       8.391     0.500000        16999         2.00
      10.407     0.550000        18703         2.22
      11.295     0.600000        20404         2.50
      11.791     0.650000        22112         2.86
      12.119     0.700000        23843         3.33
      12.503     0.750000        25555         4.00
      12.695     0.775000        26388         4.44
      12.887     0.800000        27208         5.00
      13.103     0.825000        28053         5.71
      13.327     0.850000        28902         6.67
      13.551     0.875000        29774         8.00
      13.671     0.887500        30186         8.89
      13.807     0.900000        30618        10.00
      13.959     0.912500        31028        11.43
      14.119     0.925000        31451        13.33
      14.319     0.937500        31877        16.00
      14.439     0.943750        32089        17.78
      14.583     0.950000        32305        20.00
      14.735     0.956250        32520        22.86
      14.879     0.962500        32724        26.67
      15.063     0.968750        32939        32.00
      15.159     0.971875        33046        35.56
      15.255     0.975000        33154        40.00
      15.399     0.978125        33258        45.71
      15.551     0.981250        33361        53.33
      15.703     0.984375        33469        64.00
      15.799     0.985938        33519        71.11
      15.927     0.987500        33578        80.00
      16.031     0.989062        33628        91.43
      16.143     0.990625        33680       106.67
      16.335     0.992188        33733       128.00
      16.431     0.992969        33762       142.22
      16.527     0.993750        33789       160.00
      16.639     0.994531        33812       182.86
      16.783     0.995313        33841       213.33
      17.055     0.996094        33865       256.00
      17.167     0.996484        33880       284.44
      17.263     0.996875        33891       320.00
      17.487     0.997266        33905       365.71
      17.663     0.997656        33918       426.67
      17.919     0.998047        33931       512.00
      18.095     0.998242        33938       568.89
      18.223     0.998437        33945       640.00
      18.527     0.998633        33951       731.43
      18.783     0.998828        33958       853.33
      18.991     0.999023        33964      1024.00
      19.103     0.999121        33968      1137.78
      19.279     0.999219        33971      1280.00
      19.375     0.999316        33974      1462.86
      19.647     0.999414        33978      1706.67
      19.935     0.999512        33981      2048.00
      20.063     0.999561        33983      2275.56
      20.175     0.999609        33984      2560.00
      21.391     0.999658        33986      2925.71
      23.103     0.999707        33988      3413.33
      23.231     0.999756        33989      4096.00
      24.479     0.999780        33990      4551.11
      24.799     0.999805        33991      5120.00
      25.311     0.999829        33992      5851.43
      26.831     0.999854        33993      6826.67
      26.831     0.999878        33993      8192.00
      27.023     0.999890        33994      9102.22
      27.023     0.999902        33994     10240.00
      27.567     0.999915        33995     11702.86
      27.567     0.999927        33995     13653.33
      27.567     0.999939        33995     16384.00
      31.183     0.999945        33996     18204.44
      31.183     0.999951        33996     20480.00
      31.183     0.999957        33996     23405.71
      31.183     0.999963        33996     27306.67
      31.183     0.999969        33996     32768.00
      33.023     0.999973        33997     36408.89
      33.023     1.000000        33997          inf
#[Mean    =        8.850, StdDeviation   =        3.980]
#[Max     =       32.992, Total count    =        33997]
#[Buckets =           27, SubBuckets     =         2048]
----------------------------------------------------------
  36004 requests in 3.00m, 8.49MB read
Requests/sec:    200.01
Transfer/sec:     48.30KB
