Running 3m test @ http://10.105.92.109:11003/d?value=1
  4 threads and 10 connections
  Thread calibration: mean lat.: 14.926ms, rate sampling interval: 38ms
  Thread calibration: mean lat.: 14.538ms, rate sampling interval: 39ms
  Thread calibration: mean lat.: 5.373ms, rate sampling interval: 15ms
  Thread calibration: mean lat.: 11.324ms, rate sampling interval: 38ms
  Thread Stats   Avg      Stdev     Max   +/- Stdev
    Latency    11.73ms    6.01ms  62.88ms   59.29%
    Req/Sec    63.52     41.44   200.00     65.25%
  Latency Distribution (HdrHistogram - Recorded Latency)
 50.000%   12.45ms
 75.000%   16.03ms
 90.000%   19.01ms
 99.000%   26.98ms
 99.900%   41.69ms
 99.990%   55.39ms
 99.999%   62.91ms
100.000%   62.91ms

  Detailed Percentile spectrum:
       Value   Percentile   TotalCount 1/(1-Percentile)

       2.405     0.000000            1         1.00
       4.187     0.100000         4274         1.11
       5.087     0.200000         8515         1.25
       6.643     0.300000        12749         1.43
      10.007     0.400000        16999         1.67
      12.447     0.500000        21259         2.00
      13.167     0.550000        23380         2.22
      13.711     0.600000        25519         2.50
      14.343     0.650000        27642         2.86
      15.175     0.700000        29766         3.33
      16.031     0.750000        31883         4.00
      16.511     0.775000        32950         4.44
      17.007     0.800000        34007         5.00
      17.503     0.825000        35073         5.71
      17.999     0.850000        36145         6.67
      18.479     0.875000        37219         8.00
      18.735     0.887500        37721         8.89
      19.007     0.900000        38279        10.00
      19.279     0.912500        38791        11.43
      19.615     0.925000        39323        13.33
      19.999     0.937500        39856        16.00
      20.207     0.943750        40111        17.78
      20.447     0.950000        40374        20.00
      20.719     0.956250        40645        22.86
      21.055     0.962500        40903        26.67
      21.487     0.968750        41175        32.00
      21.807     0.971875        41307        35.56
      22.159     0.975000        41437        40.00
      22.671     0.978125        41567        45.71
      23.359     0.981250        41702        53.33
      24.351     0.984375        41832        64.00
      24.911     0.985938        41900        71.11
      25.647     0.987500        41966        80.00
      26.495     0.989062        42033        91.43
      27.343     0.990625        42098       106.67
      28.623     0.992188        42164       128.00
      29.359     0.992969        42200       142.22
      30.031     0.993750        42231       160.00
      31.135     0.994531        42265       182.86
      31.855     0.995313        42298       213.33
      33.503     0.996094        42331       256.00
      34.047     0.996484        42348       284.44
      34.783     0.996875        42365       320.00
      35.423     0.997266        42380       365.71
      36.287     0.997656        42400       426.67
      37.279     0.998047        42414       512.00
      38.239     0.998242        42422       568.89
      39.071     0.998437        42430       640.00
      39.775     0.998633        42438       731.43
      40.287     0.998828        42447       853.33
      41.727     0.999023        42455      1024.00
      42.207     0.999121        42459      1137.78
      42.655     0.999219        42463      1280.00
      42.879     0.999316        42467      1462.86
      43.775     0.999414        42472      1706.67
      44.831     0.999512        42477      2048.00
      45.151     0.999561        42478      2275.56
      46.303     0.999609        42480      2560.00
      46.687     0.999658        42482      2925.71
      46.879     0.999707        42484      3413.33
      49.151     0.999756        42486      4096.00
      49.183     0.999780        42487      4551.11
      49.823     0.999805        42488      5120.00
      51.135     0.999829        42489      5851.43
      53.727     0.999854        42490      6826.67
      53.855     0.999878        42491      8192.00
      55.391     0.999890        42492      9102.22
      55.391     0.999902        42492     10240.00
      56.095     0.999915        42493     11702.86
      56.095     0.999927        42493     13653.33
      57.951     0.999939        42494     16384.00
      57.951     0.999945        42494     18204.44
      57.951     0.999951        42494     20480.00
      62.111     0.999957        42495     23405.71
      62.111     0.999963        42495     27306.67
      62.111     0.999969        42495     32768.00
      62.111     0.999973        42495     36408.89
      62.111     0.999976        42495     40960.00
      62.911     0.999979        42496     46811.43
      62.911     1.000000        42496          inf
#[Mean    =       11.733, StdDeviation   =        6.005]
#[Max     =       62.880, Total count    =        42496]
#[Buckets =           27, SubBuckets     =         2048]
----------------------------------------------------------
  45004 requests in 3.00m, 10.62MB read
Requests/sec:    250.00
Transfer/sec:     60.43KB
