Running 3m test @ http://10.105.92.109:11003/d?value=1
  4 threads and 10 connections
  Thread calibration: mean lat.: 10.634ms, rate sampling interval: 34ms
  Thread calibration: mean lat.: 9.804ms, rate sampling interval: 32ms
  Thread calibration: mean lat.: 6.355ms, rate sampling interval: 17ms
  Thread calibration: mean lat.: 13.874ms, rate sampling interval: 36ms
  Thread Stats   Avg      Stdev     Max   +/- Stdev
    Latency    10.12ms    4.80ms  26.16ms   61.38%
    Req/Sec    12.67     28.05   125.00     84.43%
  Latency Distribution (HdrHistogram - Recorded Latency)
 50.000%    8.59ms
 75.000%   14.16ms
 90.000%   17.07ms
 99.000%   21.18ms
 99.900%   23.28ms
 99.990%   25.77ms
 99.999%   26.17ms
100.000%   26.17ms

  Detailed Percentile spectrum:
       Value   Percentile   TotalCount 1/(1-Percentile)

       2.495     0.000000            1         1.00
       4.503     0.100000          855         1.11
       5.539     0.200000         1702         1.25
       6.751     0.300000         2550         1.43
       7.571     0.400000         3399         1.67
       8.591     0.500000         4251         2.00
       9.343     0.550000         4674         2.22
      11.007     0.600000         5099         2.50
      12.359     0.650000         5525         2.86
      13.303     0.700000         5949         3.33
      14.159     0.750000         6373         4.00
      14.575     0.775000         6591         4.44
      14.983     0.800000         6801         5.00
      15.431     0.825000         7012         5.71
      15.935     0.850000         7223         6.67
      16.495     0.875000         7441         8.00
      16.751     0.887500         7542         8.89
      17.071     0.900000         7649        10.00
      17.375     0.912500         7758        11.43
      17.759     0.925000         7859        13.33
      18.191     0.937500         7971        16.00
      18.367     0.943750         8019        17.78
      18.639     0.950000         8074        20.00
      18.895     0.956250         8127        22.86
      19.183     0.962500         8180        26.67
      19.423     0.968750         8231        32.00
      19.599     0.971875         8259        35.56
      19.759     0.975000         8284        40.00
      19.967     0.978125         8312        45.71
      20.223     0.981250         8337        53.33
      20.511     0.984375         8367        64.00
      20.671     0.985938         8377        71.11
      20.847     0.987500         8390        80.00
      21.055     0.989062         8404        91.43
      21.231     0.990625         8418       106.67
      21.407     0.992188         8430       128.00
      21.551     0.992969         8437       142.22
      21.631     0.993750         8444       160.00
      21.743     0.994531         8450       182.86
      21.951     0.995313         8457       213.33
      22.303     0.996094         8464       256.00
      22.383     0.996484         8467       284.44
      22.463     0.996875         8471       320.00
      22.527     0.997266         8473       365.71
      22.639     0.997656         8477       426.67
      22.815     0.998047         8480       512.00
      22.863     0.998242         8482       568.89
      22.959     0.998437         8483       640.00
      23.167     0.998633         8485       731.43
      23.231     0.998828         8487       853.33
      23.279     0.999023         8488      1024.00
      23.343     0.999121         8489      1137.78
      23.519     0.999219         8490      1280.00
      23.567     0.999316         8491      1462.86
      23.663     0.999414         8492      1706.67
      23.663     0.999512         8492      2048.00
      24.351     0.999561         8493      2275.56
      24.351     0.999609         8493      2560.00
      24.831     0.999658         8494      2925.71
      24.831     0.999707         8494      3413.33
      24.831     0.999756         8494      4096.00
      25.775     0.999780         8495      4551.11
      25.775     0.999805         8495      5120.00
      25.775     0.999829         8495      5851.43
      25.775     0.999854         8495      6826.67
      25.775     0.999878         8495      8192.00
      26.175     0.999890         8496      9102.22
      26.175     1.000000         8496          inf
#[Mean    =       10.121, StdDeviation   =        4.804]
#[Max     =       26.160, Total count    =         8496]
#[Buckets =           27, SubBuckets     =         2048]
----------------------------------------------------------
  9004 requests in 3.00m, 2.12MB read
Requests/sec:     50.02
Transfer/sec:     12.08KB
