Running 3m test @ http://10.105.92.109:11003/d?value=1
  4 threads and 10 connections
  Thread calibration: mean lat.: 5.848ms, rate sampling interval: 16ms
  Thread calibration: mean lat.: 5.622ms, rate sampling interval: 15ms
  Thread calibration: mean lat.: 13.638ms, rate sampling interval: 35ms
  Thread calibration: mean lat.: 9.850ms, rate sampling interval: 34ms
  Thread Stats   Avg      Stdev     Max   +/- Stdev
    Latency     8.42ms    4.70ms  25.62ms   72.08%
    Req/Sec    12.77     32.44   142.00     85.26%
  Latency Distribution (HdrHistogram - Recorded Latency)
 50.000%    6.62ms
 75.000%   12.61ms
 90.000%   15.69ms
 99.000%   19.89ms
 99.900%   22.24ms
 99.990%   23.39ms
 99.999%   25.63ms
100.000%   25.63ms

  Detailed Percentile spectrum:
       Value   Percentile   TotalCount 1/(1-Percentile)

       2.471     0.000000            1         1.00
       3.937     0.100000          851         1.11
       4.315     0.200000         1711         1.25
       4.699     0.300000         2550         1.43
       5.183     0.400000         3403         1.67
       6.619     0.500000         4248         2.00
       7.263     0.550000         4677         2.22
       8.027     0.600000         5098         2.50
       9.063     0.650000         5523         2.86
      11.359     0.700000         5948         3.33
      12.615     0.750000         6375         4.00
      13.039     0.775000         6585         4.44
      13.543     0.800000         6801         5.00
      14.007     0.825000         7011         5.71
      14.503     0.850000         7223         6.67
      15.119     0.875000         7436         8.00
      15.415     0.887500         7542         8.89
      15.687     0.900000         7648        10.00
      15.975     0.912500         7755        11.43
      16.279     0.925000         7860        13.33
      16.671     0.937500         7968        16.00
      16.927     0.943750         8021        17.78
      17.215     0.950000         8073        20.00
      17.503     0.956250         8125        22.86
      17.855     0.962500         8179        26.67
      18.207     0.968750         8234        32.00
      18.335     0.971875         8260        35.56
      18.527     0.975000         8288        40.00
      18.735     0.978125         8311        45.71
      18.991     0.981250         8338        53.33
      19.247     0.984375         8366        64.00
      19.375     0.985938         8378        71.11
      19.535     0.987500         8390        80.00
      19.791     0.989062         8408        91.43
      19.935     0.990625         8417       106.67
      20.111     0.992188         8431       128.00
      20.223     0.992969         8437       142.22
      20.383     0.993750         8444       160.00
      20.447     0.994531         8450       182.86
      20.607     0.995313         8457       213.33
      20.799     0.996094         8463       256.00
      20.879     0.996484         8467       284.44
      21.007     0.996875         8470       320.00
      21.167     0.997266         8474       365.71
      21.455     0.997656         8477       426.67
      21.823     0.998047         8480       512.00
      21.903     0.998242         8483       568.89
      21.903     0.998437         8483       640.00
      21.983     0.998633         8485       731.43
      22.223     0.998828         8487       853.33
      22.239     0.999023         8488      1024.00
      22.351     0.999121         8489      1137.78
      22.383     0.999219         8490      1280.00
      22.479     0.999316         8491      1462.86
      22.623     0.999414         8492      1706.67
      22.623     0.999512         8492      2048.00
      22.719     0.999561         8494      2275.56
      22.719     0.999609         8494      2560.00
      22.719     0.999658         8494      2925.71
      22.719     0.999707         8494      3413.33
      22.719     0.999756         8494      4096.00
      23.391     0.999780         8495      4551.11
      23.391     0.999805         8495      5120.00
      23.391     0.999829         8495      5851.43
      23.391     0.999854         8495      6826.67
      23.391     0.999878         8495      8192.00
      25.631     0.999890         8496      9102.22
      25.631     1.000000         8496          inf
#[Mean    =        8.418, StdDeviation   =        4.705]
#[Max     =       25.616, Total count    =         8496]
#[Buckets =           27, SubBuckets     =         2048]
----------------------------------------------------------
  9004 requests in 3.00m, 2.12MB read
Requests/sec:     50.02
Transfer/sec:     12.08KB
