Running 2m test @ http://10.97.31.177:9080/productpage
  2 threads and 10 connections
  Thread calibration: mean lat.: 315.560ms, rate sampling interval: 2338ms
  Thread calibration: mean lat.: 365.762ms, rate sampling interval: 2971ms
  Thread Stats   Avg      Stdev     Max   +/- Stdev
    Latency     4.68s     7.58s   26.18s    81.66%
    Req/Sec    45.38      2.50    53.00     88.10%
  Latency Distribution (HdrHistogram - Recorded Latency)
 50.000%   55.26ms
 75.000%    8.16s 
 90.000%   19.17s 
 99.000%   24.07s 
 99.900%   26.08s 
 99.990%   26.18s 
 99.999%   26.20s 
100.000%   26.20s 

  Detailed Percentile spectrum:
       Value   Percentile   TotalCount 1/(1-Percentile)

       8.191     0.000000            1         1.00
      12.015     0.100000         1009         1.11
      14.295     0.200000         2019         1.25
      20.639     0.300000         3025         1.43
      35.967     0.400000         4033         1.67
      55.263     0.500000         5049         2.00
      60.927     0.550000         5546         2.22
      71.807     0.600000         6050         2.50
      81.791     0.650000         6553         2.86
    4698.111     0.700000         7058         3.33
    8155.135     0.750000         7562         4.00
    9691.135     0.775000         7816         4.44
   11190.271     0.800000         8069         5.00
   13066.239     0.825000         8318         5.71
   14770.175     0.850000         8569         6.67
   16957.439     0.875000         8821         8.00
   18087.935     0.887500         8947         8.89
   19169.279     0.900000         9075        10.00
   20185.087     0.912500         9204        11.43
   21102.591     0.925000         9326        13.33
   21692.415     0.937500         9452        16.00
   21970.943     0.943750         9518        17.78
   22200.319     0.950000         9584        20.00
   22396.927     0.956250         9656        22.86
   22609.919     0.962500         9703        26.67
   22888.447     0.968750         9772        32.00
   22986.751     0.971875         9805        35.56
   23085.055     0.975000         9836        40.00
   23183.359     0.978125         9861        45.71
   23363.583     0.981250         9892        53.33
   23576.575     0.984375         9925        64.00
   23756.799     0.985938         9940        71.11
   23904.255     0.987500         9958        80.00
   23986.175     0.989062         9972        91.43
   24084.479     0.990625         9990       106.67
   24281.087     0.992188        10004       128.00
   24395.775     0.992969        10012       142.22
   24575.999     0.993750        10018       160.00
   24690.687     0.994531        10027       182.86
   24969.215     0.995313        10034       213.33
   25182.207     0.996094        10042       256.00
   25280.511     0.996484        10048       284.44
   25296.895     0.996875        10052       320.00
   25378.815     0.997266        10055       365.71
   25477.119     0.997656        10059       426.67
   25673.727     0.998047        10062       512.00
   25804.799     0.998242        10064       568.89
   25886.719     0.998437        10066       640.00
   26066.943     0.998633        10070       731.43
   26066.943     0.998828        10070       853.33
   26099.711     0.999023        10074      1024.00
   26099.711     0.999121        10074      1137.78
   26099.711     0.999219        10074      1280.00
   26132.479     0.999316        10075      1462.86
   26165.247     0.999414        10079      1706.67
   26165.247     0.999512        10079      2048.00
   26165.247     0.999561        10079      2275.56
   26165.247     0.999609        10079      2560.00
   26165.247     0.999658        10079      2925.71
   26165.247     0.999707        10079      3413.33
   26165.247     0.999756        10079      4096.00
   26165.247     0.999780        10079      4551.11
   26181.631     0.999805        10080      5120.00
   26181.631     0.999829        10080      5851.43
   26181.631     0.999854        10080      6826.67
   26181.631     0.999878        10080      8192.00
   26181.631     0.999890        10080      9102.22
   26198.015     0.999902        10081     10240.00
   26198.015     1.000000        10081          inf
#[Mean    =     4684.534, StdDeviation   =     7582.334]
#[Max     =    26181.632, Total count    =        10081]
#[Buckets =           27, SubBuckets     =         2048]
----------------------------------------------------------
  11010 requests in 2.00m, 161.02MB read
Requests/sec:     91.73
Transfer/sec:      1.34MB
