Running 2m test @ http://10.97.31.177:9080/productpage
  2 threads and 10 connections
  Thread calibration: mean lat.: 107.829ms, rate sampling interval: 420ms
  Thread calibration: mean lat.: 131.526ms, rate sampling interval: 548ms
  Thread Stats   Avg      Stdev     Max   +/- Stdev
    Latency   202.88ms  391.28ms   2.54s    90.81%
    Req/Sec    74.61      5.31   102.00     83.51%
  Latency Distribution (HdrHistogram - Recorded Latency)
 50.000%   68.74ms
 75.000%  125.38ms
 90.000%  530.94ms
 99.000%    2.14s 
 99.900%    2.39s 
 99.990%    2.49s 
 99.999%    2.55s 
100.000%    2.55s 

  Detailed Percentile spectrum:
       Value   Percentile   TotalCount 1/(1-Percentile)

       8.391     0.000000            1         1.00
      18.287     0.100000         1653         1.11
      31.695     0.200000         3304         1.25
      55.583     0.300000         4956         1.43
      61.535     0.400000         6610         1.67
      68.735     0.500000         8270         2.00
      74.623     0.550000         9091         2.22
      83.903     0.600000         9913         2.50
      94.783     0.650000        10739         2.86
     108.223     0.700000        11565         3.33
     125.375     0.750000        12390         4.00
     141.055     0.775000        12804         4.44
     167.295     0.800000        13217         5.00
     210.943     0.825000        13629         5.71
     286.975     0.850000        14042         6.67
     392.703     0.875000        14456         8.00
     444.415     0.887500        14662         8.89
     530.943     0.900000        14868        10.00
     632.319     0.912500        15077        11.43
     750.591     0.925000        15282        13.33
     869.887     0.937500        15488        16.00
     959.999     0.943750        15592        17.78
    1044.479     0.950000        15694        20.00
    1130.495     0.956250        15798        22.86
    1207.295     0.962500        15901        26.67
    1343.487     0.968750        16004        32.00
    1562.623     0.971875        16056        35.56
    1738.751     0.975000        16107        40.00
    1886.207     0.978125        16159        45.71
    1951.743     0.981250        16211        53.33
    2001.919     0.984375        16262        64.00
    2023.423     0.985938        16288        71.11
    2057.215     0.987500        16314        80.00
    2107.391     0.989062        16341        91.43
    2146.303     0.990625        16368       106.67
    2183.167     0.992188        16391       128.00
    2197.503     0.992969        16404       142.22
    2209.791     0.993750        16418       160.00
    2226.175     0.994531        16432       182.86
    2234.367     0.995313        16443       213.33
    2256.895     0.996094        16456       256.00
    2283.519     0.996484        16462       284.44
    2289.663     0.996875        16470       320.00
    2314.239     0.997266        16477       365.71
    2332.671     0.997656        16482       426.67
    2347.007     0.998047        16488       512.00
    2353.151     0.998242        16491       568.89
    2357.247     0.998437        16496       640.00
    2365.439     0.998633        16498       731.43
    2381.823     0.998828        16501       853.33
    2387.967     0.999023        16504      1024.00
    2390.015     0.999121        16506      1137.78
    2408.447     0.999219        16508      1280.00
    2412.543     0.999316        16510      1462.86
    2420.735     0.999414        16511      1706.67
    2430.975     0.999512        16512      2048.00
    2433.023     0.999561        16514      2275.56
    2433.023     0.999609        16514      2560.00
    2457.599     0.999658        16515      2925.71
    2461.695     0.999707        16516      3413.33
    2461.695     0.999756        16516      4096.00
    2486.271     0.999780        16517      4551.11
    2486.271     0.999805        16517      5120.00
    2492.415     0.999829        16518      5851.43
    2492.415     0.999854        16518      6826.67
    2492.415     0.999878        16518      8192.00
    2508.799     0.999890        16519      9102.22
    2508.799     0.999902        16519     10240.00
    2508.799     0.999915        16519     11702.86
    2508.799     0.999927        16519     13653.33
    2508.799     0.999939        16519     16384.00
    2545.663     0.999945        16520     18204.44
    2545.663     1.000000        16520          inf
#[Mean    =      202.880, StdDeviation   =      391.283]
#[Max     =     2543.616, Total count    =        16520]
#[Buckets =           27, SubBuckets     =         2048]
----------------------------------------------------------
  17999 requests in 2.00m, 263.21MB read
Requests/sec:    149.98
Transfer/sec:      2.19MB
