Running 2m test @ http://10.102.123.170:11000/a?value=1
  2 threads and 4 connections
  Thread calibration: mean lat.: 2229.061ms, rate sampling interval: 5300ms
  Thread calibration: mean lat.: 2220.859ms, rate sampling interval: 5107ms
  Thread Stats   Avg      Stdev     Max   +/- Stdev
    Latency   440.22ms  623.45ms   2.59s    82.76%
    Req/Sec    25.05      1.06    28.00     97.56%
  Latency Distribution (HdrHistogram - Recorded Latency)
 50.000%  111.68ms
 75.000%  545.28ms
 90.000%    1.49s 
 99.000%    2.43s 
 99.900%    2.57s 
 99.990%    2.59s 
 99.999%    2.59s 
100.000%    2.59s 

  Detailed Percentile spectrum:
       Value   Percentile   TotalCount 1/(1-Percentile)

      48.415     0.000000            1         1.00
      66.815     0.100000          564         1.11
      76.735     0.200000         1128         1.25
      90.175     0.300000         1688         1.43
      98.495     0.400000         2253         1.67
     111.679     0.500000         2811         2.00
     120.959     0.550000         3093         2.22
     135.295     0.600000         3373         2.50
     156.159     0.650000         3654         2.86
     205.183     0.700000         3935         3.33
     545.279     0.750000         4216         4.00
     819.711     0.775000         4357         4.44
     911.359     0.800000         4498         5.00
    1050.623     0.825000         4638         5.71
    1226.751     0.850000         4778         6.67
    1347.583     0.875000         4920         8.00
    1405.951     0.887500         4989         8.89
    1487.871     0.900000         5059        10.00
    1554.431     0.912500         5133        11.43
    1604.607     0.925000         5200        13.33
    1705.983     0.937500         5270        16.00
    1806.335     0.943750         5305        17.78
    1907.711     0.950000         5340        20.00
    2018.303     0.956250         5376        22.86
    2099.199     0.962500         5411        26.67
    2187.263     0.968750         5447        32.00
    2217.983     0.971875         5463        35.56
    2250.751     0.975000         5481        40.00
    2310.143     0.978125         5499        45.71
    2336.767     0.981250         5516        53.33
    2375.679     0.984375         5535        64.00
    2392.063     0.985938         5543        71.11
    2404.351     0.987500         5551        80.00
    2416.639     0.989062         5560        91.43
    2437.119     0.990625         5569       106.67
    2471.935     0.992188         5580       128.00
    2476.031     0.992969         5582       142.22
    2482.175     0.993750         5586       160.00
    2494.463     0.994531         5592       182.86
    2508.799     0.995313         5595       213.33
    2535.423     0.996094         5603       256.00
    2535.423     0.996484         5603       284.44
    2543.615     0.996875         5604       320.00
    2547.711     0.997266         5606       365.71
    2551.807     0.997656         5608       426.67
    2557.951     0.998047         5611       512.00
    2559.999     0.998242         5612       568.89
    2562.047     0.998437         5613       640.00
    2568.191     0.998633         5615       731.43
    2568.191     0.998828         5615       853.33
    2580.479     0.999023         5616      1024.00
    2584.575     0.999121         5617      1137.78
    2584.575     0.999219         5617      1280.00
    2586.623     0.999316         5619      1462.86
    2586.623     0.999414         5619      1706.67
    2586.623     0.999512         5619      2048.00
    2586.623     0.999561         5619      2275.56
    2586.623     0.999609         5619      2560.00
    2592.767     0.999658         5620      2925.71
    2592.767     0.999707         5620      3413.33
    2592.767     0.999756         5620      4096.00
    2592.767     0.999780         5620      4551.11
    2592.767     0.999805         5620      5120.00
    2594.815     0.999829         5621      5851.43
    2594.815     1.000000         5621          inf
#[Mean    =      440.216, StdDeviation   =      623.446]
#[Max     =     2592.768, Total count    =         5621]
#[Buckets =           27, SubBuckets     =         2048]
----------------------------------------------------------
  5997 requests in 2.00m, 1.42MB read
Requests/sec:     49.97
Transfer/sec:     12.10KB
