Running 2m test @ http://10.102.123.170:11000/a?value=1
  2 threads and 4 connections
  Thread calibration: mean lat.: 4065.961ms, rate sampling interval: 12845ms
  Thread calibration: mean lat.: 3939.812ms, rate sampling interval: 12492ms
  Thread Stats   Avg      Stdev     Max   +/- Stdev
    Latency    41.61s    20.28s    1.29m    57.93%
    Req/Sec    26.75      0.56    28.00    100.00%
  Latency Distribution (HdrHistogram - Recorded Latency)
 50.000%   41.68s 
 75.000%    0.98m 
 90.000%    1.17m 
 99.000%    1.27m 
 99.900%    1.29m 
 99.990%    1.29m 
 99.999%    1.29m 
100.000%    1.29m 

  Detailed Percentile spectrum:
       Value   Percentile   TotalCount 1/(1-Percentile)

    6823.935     0.000000            1         1.00
   13639.679     0.100000          597         1.11
   20791.295     0.200000         1196         1.25
   27410.431     0.300000         1791         1.43
   34209.791     0.400000         2389         1.67
   41680.895     0.500000         2985         2.00
   45088.767     0.550000         3284         2.22
   48496.639     0.600000         3583         2.50
   51904.511     0.650000         3881         2.86
   55476.223     0.700000         4178         3.33
   59080.703     0.750000         4478         4.00
   60981.247     0.775000         4628         4.44
   62717.951     0.800000         4775         5.00
   64552.959     0.825000         4926         5.71
   66322.431     0.850000         5074         6.67
   68157.439     0.875000         5226         8.00
   69074.943     0.887500         5300         8.89
   70057.983     0.900000         5373        10.00
   70975.487     0.912500         5452        11.43
   71761.919     0.925000         5523        13.33
   72613.887     0.937500         5596        16.00
   73072.639     0.943750         5633        17.78
   73531.391     0.950000         5670        20.00
   73990.143     0.956250         5710        22.86
   74448.895     0.962500         5747        26.67
   74842.111     0.968750         5784        32.00
   75104.255     0.971875         5805        35.56
   75300.863     0.975000         5821        40.00
   75497.471     0.978125         5839        45.71
   75759.615     0.981250         5862        53.33
   75956.223     0.984375         5875        64.00
   76087.295     0.985938         5885        71.11
   76218.367     0.987500         5898        80.00
   76349.439     0.989062         5908        91.43
   76480.511     0.990625         5916       106.67
   76611.583     0.992188         5923       128.00
   76677.119     0.992969         5928       142.22
   76742.655     0.993750         5933       160.00
   76808.191     0.994531         5936       182.86
   76939.263     0.995313         5944       213.33
   77004.799     0.996094         5948       256.00
   77004.799     0.996484         5948       284.44
   77070.335     0.996875         5953       320.00
   77070.335     0.997266         5953       365.71
   77135.871     0.997656         5956       426.67
   77201.407     0.998047         5961       512.00
   77201.407     0.998242         5961       568.89
   77201.407     0.998437         5961       640.00
   77201.407     0.998633         5961       731.43
   77266.943     0.998828         5964       853.33
   77266.943     0.999023         5964      1024.00
   77266.943     0.999121         5964      1137.78
   77266.943     0.999219         5964      1280.00
   77266.943     0.999316         5964      1462.86
   77332.479     0.999414         5966      1706.67
   77332.479     0.999512         5966      2048.00
   77332.479     0.999561         5966      2275.56
   77332.479     0.999609         5966      2560.00
   77332.479     0.999658         5966      2925.71
   77398.015     0.999707         5967      3413.33
   77398.015     0.999756         5967      4096.00
   77398.015     0.999780         5967      4551.11
   77398.015     0.999805         5967      5120.00
   77398.015     0.999829         5967      5851.43
   77463.551     0.999854         5968      6826.67
   77463.551     1.000000         5968          inf
#[Mean    =    41605.025, StdDeviation   =    20276.313]
#[Max     =    77398.016, Total count    =         5968]
#[Buckets =           27, SubBuckets     =         2048]
----------------------------------------------------------
  6441 requests in 2.00m, 1.52MB read
Requests/sec:     53.67
Transfer/sec:     13.00KB
