Running 2m test @ http://10.102.123.170:11000/a?value=1
  2 threads and 4 connections
  Thread calibration: mean lat.: 2978.825ms, rate sampling interval: 9388ms
  Thread calibration: mean lat.: 3046.195ms, rate sampling interval: 9723ms
  Thread Stats   Avg      Stdev     Max   +/- Stdev
    Latency    30.75s    14.89s    0.95m    57.66%
    Req/Sec    26.23      0.60    27.00    100.00%
  Latency Distribution (HdrHistogram - Recorded Latency)
 50.000%   30.82s 
 75.000%   43.61s 
 90.000%    0.86m 
 99.000%    0.93m 
 99.900%    0.94m 
 99.990%    0.95m 
 99.999%    0.95m 
100.000%    0.95m 

  Detailed Percentile spectrum:
       Value   Percentile   TotalCount 1/(1-Percentile)

    5128.191     0.000000            1         1.00
   10043.391     0.100000          589         1.11
   15228.927     0.200000         1176         1.25
   20365.311     0.300000         1762         1.43
   25640.959     0.400000         2349         1.67
   30818.303     0.500000         2938         2.00
   33161.215     0.550000         3231         2.22
   35782.655     0.600000         3525         2.50
   38436.863     0.650000         3817         2.86
   41123.839     0.700000         4111         3.33
   43614.207     0.750000         4405         4.00
   45023.231     0.775000         4552         4.44
   46268.415     0.800000         4698         5.00
   47546.367     0.825000         4847         5.71
   48955.391     0.850000         4993         6.67
   50233.343     0.875000         5140         8.00
   50855.935     0.887500         5215         8.89
   51445.759     0.900000         5287        10.00
   52068.351     0.912500         5363        11.43
   52625.407     0.925000         5435        13.33
   53280.767     0.937500         5505        16.00
   53608.447     0.943750         5545        17.78
   53903.359     0.950000         5582        20.00
   54198.271     0.956250         5617        22.86
   54460.415     0.962500         5653        26.67
   54755.327     0.968750         5691        32.00
   54919.167     0.971875         5709        35.56
   55115.775     0.975000         5727        40.00
   55312.383     0.978125         5747        45.71
   55508.991     0.981250         5764        53.33
   55672.831     0.984375         5783        64.00
   55738.367     0.985938         5791        71.11
   55803.903     0.987500         5799        80.00
   55902.207     0.989062         5811        91.43
   55967.743     0.990625         5818       106.67
   56066.047     0.992188         5831       128.00
   56066.047     0.992969         5831       142.22
   56164.351     0.993750         5838       160.00
   56229.887     0.994531         5842       182.86
   56262.655     0.995313         5845       213.33
   56360.959     0.996094         5852       256.00
   56360.959     0.996484         5852       284.44
   56426.495     0.996875         5855       320.00
   56459.263     0.997266         5856       365.71
   56524.799     0.997656         5860       426.67
   56557.567     0.998047         5862       512.00
   56557.567     0.998242         5862       568.89
   56590.335     0.998437         5864       640.00
   56590.335     0.998633         5864       731.43
   56623.103     0.998828         5866       853.33
   56688.639     0.999023         5868      1024.00
   56688.639     0.999121         5868      1137.78
   56688.639     0.999219         5868      1280.00
   56688.639     0.999316         5868      1462.86
   56754.175     0.999414         5869      1706.67
   56819.711     0.999512         5870      2048.00
   56819.711     0.999561         5870      2275.56
   56819.711     0.999609         5870      2560.00
   56819.711     0.999658         5870      2925.71
   56852.479     0.999707         5872      3413.33
   56852.479     1.000000         5872          inf
#[Mean    =    30745.803, StdDeviation   =    14891.219]
#[Max     =    56819.712, Total count    =         5872]
#[Buckets =           27, SubBuckets     =         2048]
----------------------------------------------------------
  6354 requests in 2.00m, 1.50MB read
Requests/sec:     52.94
Transfer/sec:     12.82KB
