Running 3m test @ http://10.105.92.109:11003/d?value=1
  4 threads and 10 connections
  Thread calibration: mean lat.: 14.368ms, rate sampling interval: 47ms
  Thread calibration: mean lat.: 8.009ms, rate sampling interval: 26ms
  Thread calibration: mean lat.: 13.994ms, rate sampling interval: 49ms
  Thread calibration: mean lat.: 17.860ms, rate sampling interval: 52ms
  Thread Stats   Avg      Stdev     Max   +/- Stdev
    Latency    13.58ms    6.97ms  39.81ms   60.84%
    Req/Sec    37.60     24.17    86.00     64.26%
  Latency Distribution (HdrHistogram - Recorded Latency)
 50.000%   13.17ms
 75.000%   17.41ms
 90.000%   24.11ms
 99.000%   30.35ms
 99.900%   33.76ms
 99.990%   36.06ms
 99.999%   39.84ms
100.000%   39.84ms

  Detailed Percentile spectrum:
       Value   Percentile   TotalCount 1/(1-Percentile)

       2.623     0.000000            1         1.00
       4.183     0.100000         2560         1.11
       5.319     0.200000         5100         1.25
      10.951     0.300000         7656         1.43
      12.087     0.400000        10205         1.67
      13.167     0.500000        12774         2.00
      13.679     0.550000        14023         2.22
      14.359     0.600000        15298         2.50
      15.207     0.650000        16579         2.86
      16.183     0.700000        17854         3.33
      17.407     0.750000        19129         4.00
      18.191     0.775000        19768         4.44
      18.991     0.800000        20407         5.00
      20.015     0.825000        21038         5.71
      21.359     0.850000        21673         6.67
      22.863     0.875000        22310         8.00
      23.519     0.887500        22628         8.89
      24.111     0.900000        22950        10.00
      24.735     0.912500        23269        11.43
      25.423     0.925000        23584        13.33
      26.047     0.937500        23904        16.00
      26.383     0.943750        24064        17.78
      26.703     0.950000        24222        20.00
      27.071     0.956250        24388        22.86
      27.439     0.962500        24544        26.67
      27.919     0.968750        24704        32.00
      28.207     0.971875        24783        35.56
      28.463     0.975000        24860        40.00
      28.783     0.978125        24942        45.71
      29.119     0.981250        25021        53.33
      29.551     0.984375        25099        64.00
      29.679     0.985938        25139        71.11
      29.903     0.987500        25178        80.00
      30.191     0.989062        25218        91.43
      30.415     0.990625        25258       106.67
      30.639     0.992188        25297       128.00
      30.799     0.992969        25317       142.22
      30.959     0.993750        25338       160.00
      31.199     0.994531        25357       182.86
      31.407     0.995313        25377       213.33
      31.615     0.996094        25397       256.00
      31.759     0.996484        25407       284.44
      31.983     0.996875        25417       320.00
      32.319     0.997266        25427       365.71
      32.591     0.997656        25437       426.67
      32.927     0.998047        25448       512.00
      32.991     0.998242        25452       568.89
      33.119     0.998437        25458       640.00
      33.407     0.998633        25462       731.43
      33.567     0.998828        25468       853.33
      33.887     0.999023        25472      1024.00
      33.983     0.999121        25474      1137.78
      34.047     0.999219        25477      1280.00
      34.207     0.999316        25479      1462.86
      34.271     0.999414        25482      1706.67
      34.655     0.999512        25484      2048.00
      34.783     0.999561        25485      2275.56
      35.199     0.999609        25487      2560.00
      35.487     0.999658        25488      2925.71
      35.551     0.999707        25489      3413.33
      35.839     0.999756        25490      4096.00
      35.871     0.999780        25491      4551.11
      35.999     0.999805        25492      5120.00
      35.999     0.999829        25492      5851.43
      36.063     0.999854        25493      6826.67
      36.063     0.999878        25493      8192.00
      36.447     0.999890        25494      9102.22
      36.447     0.999902        25494     10240.00
      36.447     0.999915        25494     11702.86
      36.639     0.999927        25495     13653.33
      36.639     0.999939        25495     16384.00
      36.639     0.999945        25495     18204.44
      36.639     0.999951        25495     20480.00
      36.639     0.999957        25495     23405.71
      39.839     0.999963        25496     27306.67
      39.839     1.000000        25496          inf
#[Mean    =       13.583, StdDeviation   =        6.969]
#[Max     =       39.808, Total count    =        25496]
#[Buckets =           27, SubBuckets     =         2048]
----------------------------------------------------------
  27004 requests in 3.00m, 6.38MB read
Requests/sec:    150.01
Transfer/sec:     36.27KB
