Running 3m test @ http://10.99.205.204:11000/a?value=1
  4 threads and 10 connections
  Thread calibration: mean lat.: 3168.741ms, rate sampling interval: 10895ms
  Thread calibration: mean lat.: 3095.579ms, rate sampling interval: 10706ms
  Thread calibration: mean lat.: 3039.235ms, rate sampling interval: 10690ms
  Thread calibration: mean lat.: 3033.113ms, rate sampling interval: 10616ms
  Thread Stats   Avg      Stdev     Max   +/- Stdev
    Latency     0.93m    28.81s    1.78m    57.92%
    Req/Sec    14.95      0.38    16.00    100.00%
  Latency Distribution (HdrHistogram - Recorded Latency)
 50.000%    0.93m 
 75.000%    1.35m 
 90.000%    1.60m 
 99.000%    1.75m 
 99.900%    1.77m 
 99.990%    1.78m 
 99.999%    1.78m 
100.000%    1.78m 

  Detailed Percentile spectrum:
       Value   Percentile   TotalCount 1/(1-Percentile)

    5734.399     0.000000            1         1.00
   15925.247     0.100000         1050         1.11
   26165.247     0.200000         2100         1.25
   36012.031     0.300000         3149         1.43
   46170.111     0.400000         4198         1.67
   56033.279     0.500000         5250         2.00
   61079.551     0.550000         5772         2.22
   65994.751     0.600000         6300         2.50
   70844.415     0.650000         6824         2.86
   75825.151     0.700000         7350         3.33
   81002.495     0.750000         7870         4.00
   83427.327     0.775000         8137         4.44
   85786.623     0.800000         8394         5.00
   88342.527     0.825000         8659         5.71
   90832.895     0.850000         8919         6.67
   93454.335     0.875000         9184         8.00
   94765.055     0.887500         9314         8.89
   96010.239     0.900000         9444        10.00
   97189.887     0.912500         9578        11.43
   98369.535     0.925000         9707        13.33
   99614.719     0.937500         9841        16.00
  100139.007     0.943750         9902        17.78
  100794.367     0.950000         9968        20.00
  101449.727     0.956250        10038        22.86
  102105.087     0.962500        10105        26.67
  102694.911     0.968750        10165        32.00
  103088.127     0.971875        10201        35.56
  103415.807     0.975000        10233        40.00
  103743.487     0.978125        10268        45.71
  104071.167     0.981250        10299        53.33
  104398.847     0.984375        10331        64.00
  104529.919     0.985938        10346        71.11
  104726.527     0.987500        10367        80.00
  104857.599     0.989062        10382        91.43
  104988.671     0.990625        10396       106.67
  105250.815     0.992188        10417       128.00
  105316.351     0.992969        10421       142.22
  105381.887     0.993750        10427       160.00
  105512.959     0.994531        10435       182.86
  105644.031     0.995313        10445       213.33
  105775.103     0.996094        10457       256.00
  105775.103     0.996484        10457       284.44
  105840.639     0.996875        10460       320.00
  105906.175     0.997266        10466       365.71
  105971.711     0.997656        10470       426.67
  106037.247     0.998047        10472       512.00
  106102.783     0.998242        10477       568.89
  106102.783     0.998437        10477       640.00
  106168.319     0.998633        10480       731.43
  106168.319     0.998828        10480       853.33
  106233.855     0.999023        10482      1024.00
  106299.391     0.999121        10484      1137.78
  106299.391     0.999219        10484      1280.00
  106364.927     0.999316        10485      1462.86
  106430.463     0.999414        10486      1706.67
  106561.535     0.999512        10488      2048.00
  106561.535     0.999561        10488      2275.56
  106561.535     0.999609        10488      2560.00
  106627.071     0.999658        10489      2925.71
  106627.071     0.999707        10489      3413.33
  106758.143     0.999756        10490      4096.00
  106758.143     0.999780        10490      4551.11
  106758.143     0.999805        10490      5120.00
  106823.679     0.999829        10491      5851.43
  106823.679     0.999854        10491      6826.67
  106823.679     0.999878        10491      8192.00
  106823.679     0.999890        10491      9102.22
  106823.679     0.999902        10491     10240.00
  106954.751     0.999915        10492     11702.86
  106954.751     1.000000        10492          inf
#[Mean    =    55966.675, StdDeviation   =    28811.477]
#[Max     =   106889.216, Total count    =        10492]
#[Buckets =           27, SubBuckets     =         2048]
----------------------------------------------------------
  11109 requests in 3.00m, 2.63MB read
Requests/sec:     61.71
Transfer/sec:     14.99KB
