Running 2m test @ http://10.105.92.109:11003/d?value=1
  4 threads and 10 connections
  Thread calibration: mean lat.: 10.869ms, rate sampling interval: 33ms
  Thread calibration: mean lat.: 10.371ms, rate sampling interval: 31ms
  Thread calibration: mean lat.: 14.543ms, rate sampling interval: 35ms
  Thread calibration: mean lat.: 9.883ms, rate sampling interval: 33ms
  Thread Stats   Avg      Stdev     Max   +/- Stdev
    Latency    11.08ms    4.41ms  28.40ms   59.94%
    Req/Sec    20.13     25.72    66.00     75.46%
  Latency Distribution (HdrHistogram - Recorded Latency)
 50.000%   11.95ms
 75.000%   14.89ms
 90.000%   16.50ms
 99.000%   18.80ms
 99.900%   21.12ms
 99.990%   27.81ms
 99.999%   28.42ms
100.000%   28.42ms

  Detailed Percentile spectrum:
       Value   Percentile   TotalCount 1/(1-Percentile)

       2.623     0.000000            1         1.00
       4.879     0.100000          882         1.11
       6.459     0.200000         1762         1.25
       7.695     0.300000         2640         1.43
       9.135     0.400000         3519         1.67
      11.951     0.500000         4401         2.00
      12.695     0.550000         4843         2.22
      13.343     0.600000         5281         2.50
      13.879     0.650000         5719         2.86
      14.367     0.700000         6160         3.33
      14.887     0.750000         6606         4.00
      15.103     0.775000         6824         4.44
      15.343     0.800000         7043         5.00
      15.623     0.825000         7260         5.71
      15.903     0.850000         7481         6.67
      16.199     0.875000         7699         8.00
      16.359     0.887500         7808         8.89
      16.495     0.900000         7933        10.00
      16.671     0.912500         8032        11.43
      16.879     0.925000         8139        13.33
      17.071     0.937500         8248        16.00
      17.183     0.943750         8305        17.78
      17.311     0.950000         8360        20.00
      17.407     0.956250         8415        22.86
      17.567     0.962500         8470        26.67
      17.791     0.968750         8525        32.00
      17.903     0.971875         8553        35.56
      17.999     0.975000         8581        40.00
      18.111     0.978125         8609        45.71
      18.255     0.981250         8639        53.33
      18.383     0.984375         8661        64.00
      18.479     0.985938         8674        71.11
      18.623     0.987500         8688        80.00
      18.719     0.989062         8702        91.43
      18.847     0.990625         8716       106.67
      19.071     0.992188         8730       128.00
      19.215     0.992969         8736       142.22
      19.327     0.993750         8746       160.00
      19.359     0.994531         8749       182.86
      19.519     0.995313         8756       213.33
      19.663     0.996094         8763       256.00
      19.839     0.996484         8768       284.44
      19.951     0.996875         8770       320.00
      20.063     0.997266         8773       365.71
      20.239     0.997656         8777       426.67
      20.303     0.998047         8780       512.00
      20.367     0.998242         8782       568.89
      20.607     0.998437         8784       640.00
      20.687     0.998633         8785       731.43
      20.959     0.998828         8787       853.33
      21.231     0.999023         8789      1024.00
      21.967     0.999121         8790      1137.78
      22.639     0.999219         8791      1280.00
      22.639     0.999316         8791      1462.86
      22.783     0.999414         8792      1706.67
      23.647     0.999512         8793      2048.00
      25.375     0.999561         8794      2275.56
      25.375     0.999609         8794      2560.00
      25.375     0.999658         8794      2925.71
      25.615     0.999707         8795      3413.33
      25.615     0.999756         8795      4096.00
      27.807     0.999780         8796      4551.11
      27.807     0.999805         8796      5120.00
      27.807     0.999829         8796      5851.43
      27.807     0.999854         8796      6826.67
      27.807     0.999878         8796      8192.00
      28.415     0.999890         8797      9102.22
      28.415     1.000000         8797          inf
#[Mean    =       11.084, StdDeviation   =        4.414]
#[Max     =       28.400, Total count    =         8797]
#[Buckets =           27, SubBuckets     =         2048]
----------------------------------------------------------
  9604 requests in 2.00m, 2.27MB read
Requests/sec:     80.02
Transfer/sec:     19.34KB
