Running 2m test @ http://10.110.152.34:11000/a?value=1
  4 threads and 30 connections
  Thread calibration: mean lat.: 797.269ms, rate sampling interval: 2736ms
  Thread calibration: mean lat.: 702.537ms, rate sampling interval: 2443ms
  Thread calibration: mean lat.: 845.796ms, rate sampling interval: 2887ms
  Thread calibration: mean lat.: 557.082ms, rate sampling interval: 2785ms
  Thread Stats   Avg      Stdev     Max   +/- Stdev
    Latency   244.28ms  229.30ms   2.09s    87.80%
    Req/Sec    62.21      2.07    68.00     91.98%
  Latency Distribution (HdrHistogram - Recorded Latency)
 50.000%  174.46ms
 75.000%  289.02ms
 90.000%  498.69ms
 99.000%    1.18s 
 99.900%    1.81s 
 99.990%    2.03s 
 99.999%    2.09s 
100.000%    2.09s 

  Detailed Percentile spectrum:
       Value   Percentile   TotalCount 1/(1-Percentile)

      11.303     0.000000            1         1.00
      65.471     0.100000         2759         1.11
      93.503     0.200000         5513         1.25
     121.663     0.300000         8275         1.43
     150.655     0.400000        11029         1.67
     174.463     0.500000        13781         2.00
     190.975     0.550000        15166         2.22
     209.663     0.600000        16548         2.50
     230.783     0.650000        17921         2.86
     256.767     0.700000        19297         3.33
     289.023     0.750000        20674         4.00
     311.295     0.775000        21364         4.44
     333.823     0.800000        22053         5.00
     361.983     0.825000        22744         5.71
     396.543     0.850000        23434         6.67
     440.831     0.875000        24118         8.00
     465.151     0.887500        24466         8.89
     498.687     0.900000        24806        10.00
     544.255     0.912500        25154        11.43
     593.919     0.925000        25497        13.33
     648.703     0.937500        25843        16.00
     682.495     0.943750        26014        17.78
     720.383     0.950000        26184        20.00
     754.175     0.956250        26357        22.86
     796.671     0.962500        26529        26.67
     866.303     0.968750        26702        32.00
     905.727     0.971875        26788        35.56
     947.199     0.975000        26874        40.00
     986.111     0.978125        26963        45.71
    1021.951     0.981250        27046        53.33
    1067.007     0.984375        27134        64.00
    1090.559     0.985938        27176        71.11
    1123.327     0.987500        27218        80.00
    1155.071     0.989062        27261        91.43
    1189.887     0.990625        27304       106.67
    1232.895     0.992188        27348       128.00
    1262.591     0.992969        27369       142.22
    1295.359     0.993750        27390       160.00
    1321.983     0.994531        27413       182.86
    1346.559     0.995313        27433       213.33
    1382.399     0.996094        27455       256.00
    1403.903     0.996484        27467       284.44
    1427.455     0.996875        27476       320.00
    1475.583     0.997266        27487       365.71
    1554.431     0.997656        27498       426.67
    1643.519     0.998047        27509       512.00
    1679.359     0.998242        27514       568.89
    1694.719     0.998437        27519       640.00
    1730.559     0.998633        27525       731.43
    1762.303     0.998828        27530       853.33
    1833.983     0.999023        27536      1024.00
    1842.175     0.999121        27538      1137.78
    1860.607     0.999219        27541      1280.00
    1876.991     0.999316        27544      1462.86
    1904.639     0.999414        27546      1706.67
    1916.927     0.999512        27549      2048.00
    1923.071     0.999561        27550      2275.56
    1933.311     0.999609        27552      2560.00
    1961.983     0.999658        27553      2925.71
    1966.079     0.999707        27554      3413.33
    1978.367     0.999756        27557      4096.00
    1978.367     0.999780        27557      4551.11
    1978.367     0.999805        27557      5120.00
    2026.495     0.999829        27558      5851.43
    2026.495     0.999854        27558      6826.67
    2027.519     0.999878        27559      8192.00
    2027.519     0.999890        27559      9102.22
    2028.543     0.999902        27560     10240.00
    2028.543     0.999915        27560     11702.86
    2028.543     0.999927        27560     13653.33
    2057.215     0.999939        27561     16384.00
    2057.215     0.999945        27561     18204.44
    2057.215     0.999951        27561     20480.00
    2057.215     0.999957        27561     23405.71
    2057.215     0.999963        27561     27306.67
    2092.031     0.999969        27562     32768.00
    2092.031     1.000000        27562          inf
#[Mean    =      244.278, StdDeviation   =      229.297]
#[Max     =     2091.008, Total count    =        27562]
#[Buckets =           27, SubBuckets     =         2048]
----------------------------------------------------------
  29972 requests in 2.00m, 7.18MB read
Requests/sec:    249.72
Transfer/sec:     61.28KB
