Running 2m test @ http://10.99.205.204:11000/a?value=1
  4 threads and 10 connections
  Thread calibration: mean lat.: 1105.734ms, rate sampling interval: 3977ms
  Thread calibration: mean lat.: 1560.403ms, rate sampling interval: 5529ms
  Thread calibration: mean lat.: 1271.833ms, rate sampling interval: 4620ms
  Thread calibration: mean lat.: 1294.270ms, rate sampling interval: 4485ms
  Thread Stats   Avg      Stdev     Max   +/- Stdev
    Latency    15.78s     8.26s   34.90s    64.64%
    Req/Sec    28.12      1.58    31.00     91.40%
  Latency Distribution (HdrHistogram - Recorded Latency)
 50.000%   15.30s 
 75.000%   21.46s 
 90.000%   28.15s 
 99.000%   33.95s 
 99.900%   34.80s 
 99.990%   34.93s 
 99.999%   34.93s 
100.000%   34.93s 

  Detailed Percentile spectrum:
       Value   Percentile   TotalCount 1/(1-Percentile)

    2160.639     0.000000            1         1.00
    5001.215     0.100000         1256         1.11
    7761.919     0.200000         2509         1.25
   10215.423     0.300000         3763         1.43
   12754.943     0.400000         5022         1.67
   15302.655     0.500000         6273         2.00
   16482.303     0.550000         6895         2.22
   17661.951     0.600000         7522         2.50
   18956.287     0.650000         8158         2.86
   20185.087     0.700000         8778         3.33
   21463.039     0.750000         9408         4.00
   22118.399     0.775000         9718         4.44
   22757.375     0.800000        10034         5.00
   23478.271     0.825000        10348         5.71
   24772.607     0.850000        10655         6.67
   26492.927     0.875000        10970         8.00
   27246.591     0.887500        11126         8.89
   28147.711     0.900000        11282        10.00
   28934.143     0.912500        11440        11.43
   29736.959     0.925000        11596        13.33
   30457.855     0.937500        11755        16.00
   30801.919     0.943750        11832        17.78
   31260.671     0.950000        11910        20.00
   31719.423     0.956250        11987        22.86
   32096.255     0.962500        12066        26.67
   32505.855     0.968750        12149        32.00
   32702.463     0.971875        12183        35.56
   32964.607     0.975000        12223        40.00
   33193.983     0.978125        12262        45.71
   33423.359     0.981250        12303        53.33
   33619.967     0.984375        12340        64.00
   33718.271     0.985938        12362        71.11
   33783.807     0.987500        12380        80.00
   33882.111     0.989062        12401        91.43
   33980.415     0.990625        12420       106.67
   34111.487     0.992188        12439       128.00
   34177.023     0.992969        12450       142.22
   34242.559     0.993750        12461       160.00
   34275.327     0.994531        12469       182.86
   34340.863     0.995313        12480       213.33
   34406.399     0.996094        12488       256.00
   34471.935     0.996484        12493       284.44
   34504.703     0.996875        12496       320.00
   34570.239     0.997266        12504       365.71
   34635.775     0.997656        12511       426.67
   34635.775     0.998047        12511       512.00
   34668.543     0.998242        12515       568.89
   34701.311     0.998437        12517       640.00
   34734.079     0.998633        12520       731.43
   34766.847     0.998828        12521       853.33
   34799.615     0.999023        12524      1024.00
   34799.615     0.999121        12524      1137.78
   34832.383     0.999219        12526      1280.00
   34865.151     0.999316        12530      1462.86
   34865.151     0.999414        12530      1706.67
   34865.151     0.999512        12530      2048.00
   34865.151     0.999561        12530      2275.56
   34897.919     0.999609        12533      2560.00
   34897.919     0.999658        12533      2925.71
   34897.919     0.999707        12533      3413.33
   34897.919     0.999756        12533      4096.00
   34897.919     0.999780        12533      4551.11
   34897.919     0.999805        12533      5120.00
   34897.919     0.999829        12533      5851.43
   34930.687     0.999854        12535      6826.67
   34930.687     1.000000        12535          inf
#[Mean    =    15778.269, StdDeviation   =     8258.560]
#[Max     =    34897.920, Total count    =        12535]
#[Buckets =           27, SubBuckets     =         2048]
----------------------------------------------------------
  13650 requests in 2.00m, 3.23MB read
Requests/sec:    113.73
Transfer/sec:     27.55KB
