Running 3m test @ http://10.108.73.23:9080/productpage
  4 threads and 10 connections
  Thread calibration: mean lat.: 802.241ms, rate sampling interval: 6209ms
  Thread calibration: mean lat.: 885.978ms, rate sampling interval: 6561ms
  Thread calibration: mean lat.: 93.116ms, rate sampling interval: 339ms
  Thread calibration: mean lat.: 2270.994ms, rate sampling interval: 8286ms
  Thread Stats   Avg      Stdev     Max   +/- Stdev
    Latency    15.51s    25.06s    1.42m    80.95%
    Req/Sec    23.47      4.19    35.00     75.39%
  Latency Distribution (HdrHistogram - Recorded Latency)
 50.000%  189.57ms
 75.000%   26.30s 
 90.000%    1.02m 
 99.000%    1.37m 
 99.900%    1.41m 
 99.990%    1.42m 
 99.999%    1.42m 
100.000%    1.42m 

  Detailed Percentile spectrum:
       Value   Percentile   TotalCount 1/(1-Percentile)

      13.935     0.000000            1         1.00
      40.831     0.100000         1299         1.11
      71.423     0.200000         2603         1.25
      97.343     0.300000         3904         1.43
     125.439     0.400000         5194         1.67
     189.567     0.500000         6493         2.00
     338.943     0.550000         7142         2.22
     602.111     0.600000         7792         2.50
     875.007     0.650000         8440         2.86
   15302.655     0.700000         9089         3.33
   26296.319     0.750000         9738         4.00
   32309.247     0.775000        10063         4.44
   38305.791     0.800000        10388         5.00
   44040.191     0.825000        10712         5.71
   49709.055     0.850000        11039         6.67
   55246.847     0.875000        11362         8.00
   58261.503     0.887500        11525         8.89
   61439.999     0.900000        11689        10.00
   64192.511     0.912500        11849        11.43
   67174.399     0.925000        12015        13.33
   69992.447     0.937500        12178        16.00
   71499.775     0.943750        12255        17.78
   72941.567     0.950000        12335        20.00
   74448.895     0.956250        12417        22.86
   75890.687     0.962500        12500        26.67
   77266.943     0.968750        12579        32.00
   78118.911     0.971875        12621        35.56
   78905.343     0.975000        12661        40.00
   79626.239     0.978125        12701        45.71
   80412.671     0.981250        12741        53.33
   81068.031     0.984375        12783        64.00
   81461.247     0.985938        12803        71.11
   81788.927     0.987500        12825        80.00
   82182.143     0.989062        12845        91.43
   82640.895     0.990625        12865       106.67
   82968.575     0.992188        12884       128.00
   83165.183     0.992969        12897       142.22
   83361.791     0.993750        12906       160.00
   83558.399     0.994531        12913       182.86
   83755.007     0.995313        12925       213.33
   83951.615     0.996094        12938       256.00
   84017.151     0.996484        12939       284.44
   84082.687     0.996875        12945       320.00
   84213.759     0.997266        12952       365.71
   84279.295     0.997656        12954       426.67
   84410.367     0.998047        12959       512.00
   84475.903     0.998242        12963       568.89
   84541.439     0.998437        12964       640.00
   84672.511     0.998633        12968       731.43
   84738.047     0.998828        12969       853.33
   84934.655     0.999023        12973      1024.00
   84934.655     0.999121        12973      1137.78
   85000.191     0.999219        12974      1280.00
   85065.727     0.999316        12977      1462.86
   85065.727     0.999414        12977      1706.67
   85131.263     0.999512        12978      2048.00
   85196.799     0.999561        12980      2275.56
   85196.799     0.999609        12980      2560.00
   85196.799     0.999658        12980      2925.71
   85262.335     0.999707        12981      3413.33
   85262.335     0.999756        12981      4096.00
   85327.871     0.999780        12982      4551.11
   85327.871     0.999805        12982      5120.00
   85327.871     0.999829        12982      5851.43
   85458.943     0.999854        12984      6826.67
   85458.943     1.000000        12984          inf
#[Mean    =    15505.637, StdDeviation   =    25063.794]
#[Max     =    85393.408, Total count    =        12984]
#[Buckets =           27, SubBuckets     =         2048]
----------------------------------------------------------
  13745 requests in 3.00m, 200.99MB read
Requests/sec:     76.35
Transfer/sec:      1.12MB
