Running 3m test @ http://10.99.205.204:11000/a?value=1
  4 threads and 10 connections
  Thread calibration: mean lat.: 53.831ms, rate sampling interval: 258ms
  Thread calibration: mean lat.: 2649.980ms, rate sampling interval: 9060ms
  Thread calibration: mean lat.: 953.035ms, rate sampling interval: 7102ms
  Thread calibration: mean lat.: 2736.933ms, rate sampling interval: 9134ms
  Thread Stats   Avg      Stdev     Max   +/- Stdev
    Latency    21.11s    28.05s    1.66m    79.38%
    Req/Sec    48.04      8.88    77.00     70.85%
  Latency Distribution (HdrHistogram - Recorded Latency)
 50.000%   96.96ms
 75.000%   41.84s 
 90.000%    1.13m 
 99.000%    1.57m 
 99.900%    1.65m 
 99.990%    1.66m 
 99.999%    1.66m 
100.000%    1.66m 

  Detailed Percentile spectrum:
       Value   Percentile   TotalCount 1/(1-Percentile)

       8.255     0.000000            1         1.00
      10.903     0.100000         2384         1.11
      12.183     0.200000         4745         1.25
      28.159     0.300000         7116         1.43
      57.823     0.400000         9486         1.67
      96.959     0.500000        11861         2.00
    7036.927     0.550000        13043         2.22
   15949.823     0.600000        14229         2.50
   24428.543     0.650000        15415         2.86
   33030.143     0.700000        16602         3.33
   41844.735     0.750000        17786         4.00
   46006.271     0.775000        18380         4.44
   50298.879     0.800000        18974         5.00
   54886.399     0.825000        19568         5.71
   59310.079     0.850000        20162         6.67
   63635.455     0.875000        20750         8.00
   65765.375     0.887500        21049         8.89
   67895.295     0.900000        21348        10.00
   69992.447     0.912500        21646        11.43
   72089.599     0.925000        21936        13.33
   74383.359     0.937500        22240        16.00
   75497.471     0.943750        22389        17.78
   76546.047     0.950000        22533        20.00
   77594.623     0.956250        22677        22.86
   78774.271     0.962500        22831        26.67
   81330.175     0.968750        22974        32.00
   83296.255     0.971875        23048        35.56
   85196.799     0.975000        23122        40.00
   87031.807     0.978125        23196        45.71
   88932.351     0.981250        23271        53.33
   90701.823     0.984375        23345        64.00
   91684.863     0.985938        23381        71.11
   92602.367     0.987500        23418        80.00
   93585.407     0.989062        23457        91.43
   94437.375     0.990625        23493       106.67
   95354.879     0.992188        23529       128.00
   95879.167     0.992969        23550       142.22
   96337.919     0.993750        23568       160.00
   96796.671     0.994531        23586       182.86
   97255.423     0.995313        23606       213.33
   97583.103     0.996094        23622       256.00
   97845.247     0.996484        23633       284.44
   98041.855     0.996875        23642       320.00
   98238.463     0.997266        23652       365.71
   98500.607     0.997656        23660       426.67
   98762.751     0.998047        23671       512.00
   98828.287     0.998242        23674       568.89
   98959.359     0.998437        23680       640.00
   99024.895     0.998633        23682       731.43
   99155.967     0.998828        23687       853.33
   99287.039     0.999023        23692      1024.00
   99352.575     0.999121        23694      1137.78
   99418.111     0.999219        23697      1280.00
   99483.647     0.999316        23700      1462.86
   99549.183     0.999414        23702      1706.67
   99614.719     0.999512        23705      2048.00
   99614.719     0.999561        23705      2275.56
   99614.719     0.999609        23705      2560.00
   99680.255     0.999658        23708      2925.71
   99680.255     0.999707        23708      3413.33
   99745.791     0.999756        23710      4096.00
   99745.791     0.999780        23710      4551.11
   99745.791     0.999805        23710      5120.00
   99745.791     0.999829        23710      5851.43
   99811.327     0.999854        23713      6826.67
   99811.327     0.999878        23713      8192.00
   99811.327     0.999890        23713      9102.22
   99811.327     0.999902        23713     10240.00
   99811.327     0.999915        23713     11702.86
   99811.327     0.999927        23713     13653.33
   99811.327     0.999939        23713     16384.00
   99811.327     0.999945        23713     18204.44
   99811.327     0.999951        23713     20480.00
   99811.327     0.999957        23713     23405.71
   99876.863     0.999963        23714     27306.67
   99876.863     1.000000        23714          inf
#[Mean    =    21111.218, StdDeviation   =    28046.817]
#[Max     =    99811.328, Total count    =        23714]
#[Buckets =           27, SubBuckets     =         2048]
----------------------------------------------------------
  25078 requests in 3.00m, 5.93MB read
Requests/sec:    139.31
Transfer/sec:     33.71KB
