Running 3m test @ http://10.99.205.204:11000/a?value=1
  4 threads and 10 connections
  Thread calibration: mean lat.: 3993.970ms, rate sampling interval: 12574ms
  Thread calibration: mean lat.: 4239.226ms, rate sampling interval: 13549ms
  Thread calibration: mean lat.: 4064.832ms, rate sampling interval: 13139ms
  Thread calibration: mean lat.: 4423.945ms, rate sampling interval: 14008ms
  Thread Stats   Avg      Stdev     Max   +/- Stdev
    Latency     1.11m    34.32s    2.18m    58.03%
    Req/Sec    14.55      0.97    16.00    100.00%
  Latency Distribution (HdrHistogram - Recorded Latency)
 50.000%    1.11m 
 75.000%    1.61m 
 90.000%    1.90m 
 99.000%    2.11m 
 99.900%    2.17m 
 99.990%    2.18m 
 99.999%    2.18m 
100.000%    2.18m 

  Detailed Percentile spectrum:
       Value   Percentile   TotalCount 1/(1-Percentile)

    7053.311     0.000000            1         1.00
   19300.351     0.100000         1022         1.11
   31277.055     0.200000         2041         1.25
   43352.063     0.300000         3062         1.43
   55115.775     0.400000         4083         1.67
   66748.415     0.500000         5102         2.00
   72679.423     0.550000         5614         2.22
   78708.735     0.600000         6128         2.50
   84475.903     0.650000         6636         2.86
   90505.215     0.700000         7143         3.33
   96600.063     0.750000         7657         4.00
   99418.111     0.775000         7912         4.44
  102432.767     0.800000         8167         5.00
  105512.959     0.825000         8419         5.71
  108527.615     0.850000         8675         6.67
  111411.199     0.875000         8930         8.00
  112787.455     0.887500         9058         8.89
  114229.247     0.900000         9185        10.00
  115736.575     0.912500         9315        11.43
  117374.975     0.925000         9444        13.33
  118882.303     0.937500         9568        16.00
  119668.735     0.943750         9634        17.78
  120389.631     0.950000         9698        20.00
  121110.527     0.956250         9759        22.86
  121962.495     0.962500         9825        26.67
  123142.143     0.968750         9890        32.00
  123469.823     0.971875         9918        35.56
  124059.647     0.975000         9953        40.00
  124518.399     0.978125         9981        45.71
  125042.687     0.981250        10014        53.33
  125566.975     0.984375        10046        64.00
  125763.583     0.985938        10062        71.11
  126091.263     0.987500        10079        80.00
  126353.407     0.989062        10093        91.43
  126615.551     0.990625        10109       106.67
  127074.303     0.992188        10126       128.00
  127270.911     0.992969        10133       142.22
  127467.519     0.993750        10144       160.00
  127664.127     0.994531        10149       182.86
  127926.271     0.995313        10158       213.33
  128319.487     0.996094        10165       256.00
  128450.559     0.996484        10169       284.44
  128647.167     0.996875        10173       320.00
  128909.311     0.997266        10177       365.71
  129171.455     0.997656        10181       426.67
  129630.207     0.998047        10185       512.00
  129826.815     0.998242        10187       568.89
  129957.887     0.998437        10190       640.00
  130088.959     0.998633        10191       731.43
  130416.639     0.998828        10194       853.33
  130482.175     0.999023        10197      1024.00
  130482.175     0.999121        10197      1137.78
  130482.175     0.999219        10197      1280.00
  130547.711     0.999316        10199      1462.86
  130547.711     0.999414        10199      1706.67
  130613.247     0.999512        10200      2048.00
  130613.247     0.999561        10200      2275.56
  130875.391     0.999609        10201      2560.00
  130875.391     0.999658        10201      2925.71
  130940.927     0.999707        10203      3413.33
  130940.927     0.999756        10203      4096.00
  130940.927     0.999780        10203      4551.11
  130940.927     0.999805        10203      5120.00
  130940.927     0.999829        10203      5851.43
  130940.927     0.999854        10203      6826.67
  130940.927     0.999878        10203      8192.00
  130940.927     0.999890        10203      9102.22
  131071.999     0.999902        10204     10240.00
  131071.999     1.000000        10204          inf
#[Mean    =    66895.366, StdDeviation   =    34320.027]
#[Max     =   131006.464, Total count    =        10204]
#[Buckets =           27, SubBuckets     =         2048]
----------------------------------------------------------
  10735 requests in 3.00m, 2.55MB read
Requests/sec:     59.63
Transfer/sec:     14.48KB
