Running 2m test @ http://10.97.31.177:9080/productpage
  2 threads and 10 connections
  Thread calibration: mean lat.: 153.107ms, rate sampling interval: 940ms
  Thread calibration: mean lat.: 110.820ms, rate sampling interval: 467ms
  Thread Stats   Avg      Stdev     Max   +/- Stdev
    Latency     1.10s     2.01s    9.47s    83.68%
    Req/Sec    48.89      2.96    57.00     78.12%
  Latency Distribution (HdrHistogram - Recorded Latency)
 50.000%   69.63ms
 75.000%    1.38s 
 90.000%    4.53s 
 99.000%    8.49s 
 99.900%    9.37s 
 99.990%    9.48s 
 99.999%    9.48s 
100.000%    9.48s 

  Detailed Percentile spectrum:
       Value   Percentile   TotalCount 1/(1-Percentile)

       8.503     0.000000            1         1.00
      30.783     0.100000         1085         1.11
      36.863     0.200000         2166         1.25
      45.407     0.300000         3250         1.43
      54.175     0.400000         4330         1.67
      69.631     0.500000         5411         2.00
      76.479     0.550000         5954         2.22
      83.391     0.600000         6492         2.50
      92.991     0.650000         7037         2.86
     109.823     0.700000         7574         3.33
    1387.519     0.750000         8116         4.00
    1654.783     0.775000         8387         4.44
    1990.655     0.800000         8657         5.00
    2541.567     0.825000         8926         5.71
    3407.871     0.850000         9197         6.67
    4077.567     0.875000         9468         8.00
    4292.607     0.887500         9604         8.89
    4534.271     0.900000         9741        10.00
    4653.055     0.912500         9873        11.43
    4870.143     0.925000        10008        13.33
    5070.847     0.937500        10144        16.00
    5201.919     0.943750        10211        17.78
    5296.127     0.950000        10281        20.00
    5767.167     0.956250        10346        22.86
    6279.167     0.962500        10414        26.67
    6774.783     0.968750        10482        32.00
    7000.063     0.971875        10515        35.56
    7446.527     0.975000        10551        40.00
    7593.983     0.978125        10583        45.71
    7745.535     0.981250        10617        53.33
    7966.719     0.984375        10651        64.00
    8151.039     0.985938        10669        71.11
    8257.535     0.987500        10684        80.00
    8372.223     0.989062        10701        91.43
    8552.447     0.990625        10718       106.67
    8667.135     0.992188        10736       128.00
    8765.439     0.992969        10743       142.22
    8839.167     0.993750        10752       160.00
    8855.551     0.994531        10760       182.86
    8880.127     0.995313        10772       213.33
    8978.431     0.996094        10778       256.00
    9043.967     0.996484        10781       284.44
    9068.543     0.996875        10786       320.00
    9150.463     0.997266        10790       365.71
    9256.959     0.997656        10794       426.67
    9297.919     0.998047        10799       512.00
    9338.879     0.998242        10800       568.89
    9347.071     0.998437        10804       640.00
    9355.263     0.998633        10806       731.43
    9363.455     0.998828        10807       853.33
    9371.647     0.999023        10809      1024.00
    9379.839     0.999121        10810      1137.78
    9388.031     0.999219        10812      1280.00
    9388.031     0.999316        10812      1462.86
    9404.415     0.999414        10813      1706.67
    9453.567     0.999512        10815      2048.00
    9453.567     0.999561        10815      2275.56
    9453.567     0.999609        10815      2560.00
    9469.951     0.999658        10817      2925.71
    9469.951     0.999707        10817      3413.33
    9469.951     0.999756        10817      4096.00
    9469.951     0.999780        10817      4551.11
    9469.951     0.999805        10817      5120.00
    9478.143     0.999829        10819      5851.43
    9478.143     1.000000        10819          inf
#[Mean    =     1101.103, StdDeviation   =     2013.561]
#[Max     =     9469.952, Total count    =        10819]
#[Buckets =           27, SubBuckets     =         2048]
----------------------------------------------------------
  11800 requests in 2.00m, 172.57MB read
Requests/sec:     98.31
Transfer/sec:      1.44MB
