Running 2m test @ http://10.97.31.177:9080/productpage
  2 threads and 10 connections
  Thread calibration: mean lat.: 1092.063ms, rate sampling interval: 5083ms
  Thread calibration: mean lat.: 571.639ms, rate sampling interval: 4024ms
  Thread Stats   Avg      Stdev     Max   +/- Stdev
    Latency    11.39s    10.90s   35.36s    50.27%
    Req/Sec    59.83      2.90    67.00     89.58%
  Latency Distribution (HdrHistogram - Recorded Latency)
 50.000%    8.83s 
 75.000%   19.96s 
 90.000%   28.98s 
 99.000%   34.41s 
 99.900%   35.19s 
 99.990%   35.36s 
 99.999%   35.39s 
100.000%   35.39s 

  Detailed Percentile spectrum:
       Value   Percentile   TotalCount 1/(1-Percentile)

      21.999     0.000000            1         1.00
      52.607     0.100000         1321         1.11
      89.599     0.200000         2641         1.25
    1339.391     0.300000         3960         1.43
    5591.039     0.400000         5281         1.67
    8830.975     0.500000         6602         2.00
   10469.375     0.550000         7262         2.22
   12091.391     0.600000         7920         2.50
   13869.055     0.650000         8580         2.86
   16891.903     0.700000         9240         3.33
   19955.711     0.750000         9900         4.00
   21463.039     0.775000        10233         4.44
   23003.135     0.800000        10561         5.00
   24494.079     0.825000        10893         5.71
   25985.023     0.850000        11220         6.67
   27508.735     0.875000        11551         8.00
   28229.631     0.887500        11715         8.89
   28983.295     0.900000        11880        10.00
   29720.575     0.912500        12046        11.43
   30457.855     0.925000        12214        13.33
   31195.135     0.937500        12375        16.00
   31604.735     0.943750        12460        17.78
   31981.567     0.950000        12540        20.00
   32374.783     0.956250        12626        22.86
   32735.231     0.962500        12705        26.67
   33079.295     0.968750        12790        32.00
   33308.671     0.971875        12829        35.56
   33488.895     0.975000        12870        40.00
   33751.039     0.978125        12918        45.71
   33914.879     0.981250        12957        53.33
   34013.183     0.984375        12993        64.00
   34111.487     0.985938        13017        71.11
   34242.559     0.987500        13040        80.00
   34308.095     0.989062        13055        91.43
   34471.935     0.990625        13080       106.67
   34570.239     0.992188        13100       128.00
   34668.543     0.992969        13108       142.22
   34734.079     0.993750        13119       160.00
   34799.615     0.994531        13133       182.86
   34865.151     0.995313        13142       213.33
   34930.687     0.996094        13155       256.00
   34930.687     0.996484        13155       284.44
   34996.223     0.996875        13160       320.00
   35028.991     0.997266        13166       365.71
   35061.759     0.997656        13171       426.67
   35094.527     0.998047        13176       512.00
   35094.527     0.998242        13176       568.89
   35160.063     0.998437        13182       640.00
   35160.063     0.998633        13182       731.43
   35192.831     0.998828        13186       853.33
   35225.599     0.999023        13188      1024.00
   35225.599     0.999121        13188      1137.78
   35258.367     0.999219        13193      1280.00
   35258.367     0.999316        13193      1462.86
   35258.367     0.999414        13193      1706.67
   35258.367     0.999512        13193      2048.00
   35291.135     0.999561        13195      2275.56
   35291.135     0.999609        13195      2560.00
   35291.135     0.999658        13195      2925.71
   35356.671     0.999707        13198      3413.33
   35356.671     0.999756        13198      4096.00
   35356.671     0.999780        13198      4551.11
   35356.671     0.999805        13198      5120.00
   35356.671     0.999829        13198      5851.43
   35356.671     0.999854        13198      6826.67
   35356.671     0.999878        13198      8192.00
   35356.671     0.999890        13198      9102.22
   35356.671     0.999902        13198     10240.00
   35356.671     0.999915        13198     11702.86
   35389.439     0.999927        13199     13653.33
   35389.439     1.000000        13199          inf
#[Mean    =    11387.513, StdDeviation   =    10904.564]
#[Max     =    35356.672, Total count    =        13199]
#[Buckets =           27, SubBuckets     =         2048]
----------------------------------------------------------
  14442 requests in 2.00m, 211.21MB read
Requests/sec:    120.34
Transfer/sec:      1.76MB
