Running 2m test @ http://10.108.73.23:9080/productpage
  4 threads and 10 connections
  Thread calibration: mean lat.: 1184.430ms, rate sampling interval: 4902ms
  Thread calibration: mean lat.: 1826.111ms, rate sampling interval: 6316ms
  Thread calibration: mean lat.: 1230.137ms, rate sampling interval: 4702ms
  Thread calibration: mean lat.: 1071.998ms, rate sampling interval: 4222ms
  Thread Stats   Avg      Stdev     Max   +/- Stdev
    Latency     8.84s     6.82s   25.17s    65.76%
    Req/Sec    17.40      1.55    21.00     90.91%
  Latency Distribution (HdrHistogram - Recorded Latency)
 50.000%    7.31s 
 75.000%   13.95s 
 90.000%   19.15s 
 99.000%   24.05s 
 99.900%   24.89s 
 99.990%   25.15s 
 99.999%   25.18s 
100.000%   25.18s 

  Detailed Percentile spectrum:
       Value   Percentile   TotalCount 1/(1-Percentile)

      18.015     0.000000            1         1.00
    1149.951     0.100000          782         1.11
    2873.343     0.200000         1565         1.25
    3414.015     0.300000         2350         1.43
    4143.103     0.400000         3129         1.67
    7311.359     0.500000         3910         2.00
    8790.015     0.550000         4303         2.22
   10493.951     0.600000         4694         2.50
   11509.759     0.650000         5083         2.86
   12697.599     0.700000         5474         3.33
   13959.167     0.750000         5866         4.00
   14737.407     0.775000         6064         4.44
   15400.959     0.800000         6257         5.00
   16375.807     0.825000         6451         5.71
   17252.351     0.850000         6648         6.67
   18104.319     0.875000         6843         8.00
   18579.455     0.887500         6940         8.89
   19152.895     0.900000         7038        10.00
   19939.327     0.912500         7138        11.43
   20381.695     0.925000         7233        13.33
   21217.279     0.937500         7334        16.00
   21561.343     0.943750         7380        17.78
   21774.335     0.950000         7430        20.00
   22102.015     0.956250         7477        22.86
   22380.543     0.962500         7527        26.67
   22708.223     0.968750         7575        32.00
   22904.831     0.971875         7602        35.56
   22986.751     0.975000         7624        40.00
   23232.511     0.978125         7648        45.71
   23494.655     0.981250         7677        53.33
   23592.959     0.984375         7701        64.00
   23658.495     0.985938         7712        71.11
   23756.799     0.987500         7723        80.00
   23904.255     0.989062         7736        91.43
   24150.015     0.990625         7746       106.67
   24264.703     0.992188         7762       128.00
   24281.087     0.992969         7768       142.22
   24313.855     0.993750         7773       160.00
   24363.007     0.994531         7782       182.86
   24395.775     0.995313         7784       213.33
   24494.079     0.996094         7790       256.00
   24543.231     0.996484         7792       284.44
   24641.535     0.996875         7796       320.00
   24674.303     0.997266         7798       365.71
   24739.839     0.997656         7801       426.67
   24772.607     0.998047         7806       512.00
   24772.607     0.998242         7806       568.89
   24805.375     0.998437         7807       640.00
   24838.143     0.998633         7809       731.43
   24870.911     0.998828         7810       853.33
   24903.679     0.999023         7813      1024.00
   24903.679     0.999121         7813      1137.78
   24903.679     0.999219         7813      1280.00
   25051.135     0.999316         7814      1462.86
   25067.519     0.999414         7815      1706.67
   25083.903     0.999512         7816      2048.00
   25083.903     0.999561         7816      2275.56
   25083.903     0.999609         7816      2560.00
   25133.055     0.999658         7817      2925.71
   25133.055     0.999707         7817      3413.33
   25149.439     0.999756         7818      4096.00
   25149.439     0.999780         7818      4551.11
   25149.439     0.999805         7818      5120.00
   25149.439     0.999829         7818      5851.43
   25149.439     0.999854         7818      6826.67
   25182.207     0.999878         7819      8192.00
   25182.207     1.000000         7819          inf
#[Mean    =     8842.078, StdDeviation   =     6815.732]
#[Max     =    25165.824, Total count    =         7819]
#[Buckets =           27, SubBuckets     =         2048]
----------------------------------------------------------
  8435 requests in 2.00m, 123.35MB read
Requests/sec:     70.28
Transfer/sec:      1.03MB
