Running 2m test @ http://10.108.73.23:9080/productpage
  4 threads and 10 connections
  Thread calibration: mean lat.: 679.742ms, rate sampling interval: 4337ms
  Thread calibration: mean lat.: 1575.379ms, rate sampling interval: 5115ms
  Thread calibration: mean lat.: 707.293ms, rate sampling interval: 4808ms
  Thread calibration: mean lat.: 1332.587ms, rate sampling interval: 4464ms
  Thread Stats   Avg      Stdev     Max   +/- Stdev
    Latency     8.25s     7.53s   26.12s    50.28%
    Req/Sec    10.23      1.38    16.00     94.57%
  Latency Distribution (HdrHistogram - Recorded Latency)
 50.000%    6.30s 
 75.000%   14.20s 
 90.000%   20.12s 
 99.000%   24.84s 
 99.900%   25.90s 
 99.990%   26.13s 
 99.999%   26.13s 
100.000%   26.13s 

  Detailed Percentile spectrum:
       Value   Percentile   TotalCount 1/(1-Percentile)

      14.431     0.000000            1         1.00
      40.127     0.100000          470         1.11
      77.439     0.200000          942         1.25
    2971.647     0.300000         1411         1.43
    4947.967     0.400000         1883         1.67
    6303.743     0.500000         2350         2.00
    7143.423     0.550000         2586         2.22
    8429.567     0.600000         2820         2.50
   10248.191     0.650000         3055         2.86
   12206.079     0.700000         3290         3.33
   14196.735     0.750000         3525         4.00
   15073.279     0.775000         3643         4.44
   16048.127     0.800000         3760         5.00
   17022.975     0.825000         3882         5.71
   17973.247     0.850000         3997         6.67
   19185.663     0.875000         4116         8.00
   19693.567     0.887500         4172         8.89
   20119.551     0.900000         4230        10.00
   20725.759     0.912500         4291        11.43
   21184.511     0.925000         4348        13.33
   21692.415     0.937500         4407        16.00
   21905.407     0.943750         4436        17.78
   22249.471     0.950000         4466        20.00
   22544.383     0.956250         4497        22.86
   22888.447     0.962500         4525        26.67
   23199.743     0.968750         4554        32.00
   23281.663     0.971875         4568        35.56
   23412.735     0.975000         4584        40.00
   23543.807     0.978125         4598        45.71
   23904.255     0.981250         4612        53.33
   24395.775     0.984375         4628        64.00
   24461.311     0.985938         4634        71.11
   24543.231     0.987500         4642        80.00
   24739.839     0.989062         4649        91.43
   24870.911     0.990625         4656       106.67
   25182.207     0.992188         4665       128.00
   25264.127     0.992969         4668       142.22
   25346.047     0.993750         4671       160.00
   25411.583     0.994531         4675       182.86
   25526.271     0.995313         4679       213.33
   25559.039     0.996094         4682       256.00
   25575.423     0.996484         4684       284.44
   25591.807     0.996875         4686       320.00
   25657.343     0.997266         4688       365.71
   25690.111     0.997656         4689       426.67
   25788.415     0.998047         4691       512.00
   25804.799     0.998242         4692       568.89
   25821.183     0.998437         4693       640.00
   25853.951     0.998633         4694       731.43
   25903.103     0.998828         4695       853.33
   25935.871     0.999023         4696      1024.00
   25935.871     0.999121         4696      1137.78
   25985.023     0.999219         4697      1280.00
   25985.023     0.999316         4697      1462.86
   26116.095     0.999414         4699      1706.67
   26116.095     0.999512         4699      2048.00
   26116.095     0.999561         4699      2275.56
   26116.095     0.999609         4699      2560.00
   26116.095     0.999658         4699      2925.71
   26116.095     0.999707         4699      3413.33
   26116.095     0.999756         4699      4096.00
   26116.095     0.999780         4699      4551.11
   26132.479     0.999805         4700      5120.00
   26132.479     1.000000         4700          inf
#[Mean    =     8246.206, StdDeviation   =     7532.090]
#[Max     =    26116.096, Total count    =         4700]
#[Buckets =           27, SubBuckets     =         2048]
----------------------------------------------------------
  5105 requests in 2.00m, 74.66MB read
Requests/sec:     42.53
Transfer/sec:    636.95KB
