Running 2m test @ http://10.105.92.109:11003/d?value=1
  4 threads and 10 connections
  Thread calibration: mean lat.: 10.442ms, rate sampling interval: 24ms
  Thread calibration: mean lat.: 10.199ms, rate sampling interval: 23ms
  Thread calibration: mean lat.: 10.116ms, rate sampling interval: 23ms
  Thread calibration: mean lat.: 10.123ms, rate sampling interval: 23ms
  Thread Stats   Avg      Stdev     Max   +/- Stdev
    Latency    10.37ms    2.49ms  36.77ms   83.79%
    Req/Sec    50.61     36.44   173.00     58.48%
  Latency Distribution (HdrHistogram - Recorded Latency)
 50.000%   10.16ms
 75.000%   11.18ms
 90.000%   12.43ms
 99.000%   19.04ms
 99.900%   33.73ms
 99.990%   36.00ms
 99.999%   36.80ms
100.000%   36.80ms

  Detailed Percentile spectrum:
       Value   Percentile   TotalCount 1/(1-Percentile)

       5.215     0.000000            1         1.00
       8.027     0.100000         2207         1.11
       8.855     0.200000         4402         1.25
       9.391     0.300000         6621         1.43
       9.799     0.400000         8826         1.67
      10.159     0.500000        11003         2.00
      10.335     0.550000        12131         2.22
      10.511     0.600000        13228         2.50
      10.703     0.650000        14308         2.86
      10.927     0.700000        15402         3.33
      11.175     0.750000        16512         4.00
      11.311     0.775000        17053         4.44
      11.471     0.800000        17622         5.00
      11.655     0.825000        18152         5.71
      11.863     0.850000        18705         6.67
      12.111     0.875000        19263         8.00
      12.255     0.887500        19528         8.89
      12.431     0.900000        19804        10.00
      12.631     0.912500        20080        11.43
      12.855     0.925000        20354        13.33
      13.159     0.937500        20628        16.00
      13.343     0.943750        20765        17.78
      13.519     0.950000        20901        20.00
      13.727     0.956250        21038        22.86
      14.047     0.962500        21176        26.67
      14.455     0.968750        21313        32.00
      14.679     0.971875        21382        35.56
      15.015     0.975000        21450        40.00
      15.431     0.978125        21519        45.71
      15.919     0.981250        21588        53.33
      16.767     0.984375        21657        64.00
      17.151     0.985938        21692        71.11
      17.791     0.987500        21726        80.00
      18.463     0.989062        21760        91.43
      19.487     0.990625        21795       106.67
      21.391     0.992188        21829       128.00
      22.015     0.992969        21846       142.22
      22.607     0.993750        21863       160.00
      26.095     0.994531        21880       182.86
      28.799     0.995313        21897       213.33
      30.287     0.996094        21915       256.00
      30.687     0.996484        21926       284.44
      30.815     0.996875        21932       320.00
      31.263     0.997266        21941       365.71
      31.855     0.997656        21949       426.67
      32.127     0.998047        21958       512.00
      32.303     0.998242        21962       568.89
      32.831     0.998437        21966       640.00
      33.151     0.998633        21970       731.43
      33.407     0.998828        21975       853.33
      33.823     0.999023        21979      1024.00
      33.951     0.999121        21981      1137.78
      34.143     0.999219        21984      1280.00
      34.207     0.999316        21985      1462.86
      34.559     0.999414        21988      1706.67
      34.751     0.999512        21990      2048.00
      35.039     0.999561        21991      2275.56
      35.327     0.999609        21992      2560.00
      35.615     0.999658        21993      2925.71
      35.679     0.999707        21994      3413.33
      35.743     0.999756        21995      4096.00
      35.807     0.999780        21997      4551.11
      35.807     0.999805        21997      5120.00
      35.807     0.999829        21997      5851.43
      35.807     0.999854        21997      6826.67
      35.999     0.999878        21998      8192.00
      35.999     0.999890        21998      9102.22
      35.999     0.999902        21998     10240.00
      36.255     0.999915        21999     11702.86
      36.255     0.999927        21999     13653.33
      36.255     0.999939        21999     16384.00
      36.255     0.999945        21999     18204.44
      36.255     0.999951        21999     20480.00
      36.799     0.999957        22000     23405.71
      36.799     1.000000        22000          inf
#[Mean    =       10.368, StdDeviation   =        2.490]
#[Max     =       36.768, Total count    =        22000]
#[Buckets =           27, SubBuckets     =         2048]
----------------------------------------------------------
  24004 requests in 2.00m, 5.66MB read
Requests/sec:    200.01
Transfer/sec:     48.28KB
