Running 3m test @ http://10.99.205.204:11000/a?value=1
  4 threads and 10 connections
  Thread calibration: mean lat.: 145.796ms, rate sampling interval: 397ms
  Thread calibration: mean lat.: 165.847ms, rate sampling interval: 397ms
  Thread calibration: mean lat.: 149.418ms, rate sampling interval: 398ms
  Thread calibration: mean lat.: 148.107ms, rate sampling interval: 402ms
  Thread Stats   Avg      Stdev     Max   +/- Stdev
    Latency   153.54ms   78.89ms   1.62s    99.14%
    Req/Sec     7.16      2.20    17.00     99.30%
  Latency Distribution (HdrHistogram - Recorded Latency)
 50.000%  124.35ms
 75.000%  193.41ms
 90.000%  199.42ms
 99.000%  210.94ms
 99.900%    1.27s 
 99.990%    1.53s 
 99.999%    1.62s 
100.000%    1.62s 

  Detailed Percentile spectrum:
       Value   Percentile   TotalCount 1/(1-Percentile)

      94.975     0.000000            1         1.00
     112.255     0.100000          515         1.11
     116.159     0.200000         1027         1.25
     119.039     0.300000         1541         1.43
     121.407     0.400000         2051         1.67
     124.351     0.500000         2557         2.00
     126.463     0.550000         2807         2.22
     131.199     0.600000         3061         2.50
     187.263     0.650000         3320         2.86
     191.103     0.700000         3586         3.33
     193.407     0.750000         3846         4.00
     194.303     0.775000         3960         4.44
     195.327     0.800000         4089         5.00
     196.479     0.825000         4218         5.71
     197.375     0.850000         4348         6.67
     198.271     0.875000         4468         8.00
     198.911     0.887500         4540         8.89
     199.423     0.900000         4600        10.00
     199.935     0.912500         4657        11.43
     200.703     0.925000         4725        13.33
     201.471     0.937500         4789        16.00
     201.727     0.943750         4813        17.78
     202.239     0.950000         4849        20.00
     202.751     0.956250         4878        22.86
     203.263     0.962500         4913        26.67
     203.775     0.968750         4943        32.00
     204.159     0.971875         4956        35.56
     204.543     0.975000         4975        40.00
     205.311     0.978125         4988        45.71
     205.951     0.981250         5005        53.33
     206.719     0.984375         5023        64.00
     206.975     0.985938         5029        71.11
     207.743     0.987500         5036        80.00
     210.047     0.989062         5044        91.43
     213.503     0.990625         5052       106.67
     263.167     0.992188         5060       128.00
     420.863     0.992969         5064       142.22
     530.431     0.993750         5068       160.00
     657.919     0.994531         5072       182.86
     762.367     0.995313         5076       213.33
     853.503     0.996094         5080       256.00
     892.415     0.996484         5082       284.44
     932.863     0.996875         5084       320.00
    1022.463     0.997266         5086       365.71
    1029.631     0.997656         5088       426.67
    1084.415     0.998047         5090       512.00
    1106.943     0.998242         5091       568.89
    1192.959     0.998437         5092       640.00
    1215.487     0.998633         5093       731.43
    1267.711     0.998828         5094       853.33
    1359.871     0.999023         5096      1024.00
    1359.871     0.999121         5096      1137.78
    1359.871     0.999219         5096      1280.00
    1359.871     0.999316         5096      1462.86
    1369.087     0.999414         5097      1706.67
    1369.087     0.999512         5097      2048.00
    1369.087     0.999561         5097      2275.56
    1529.855     0.999609         5098      2560.00
    1529.855     0.999658         5098      2925.71
    1529.855     0.999707         5098      3413.33
    1529.855     0.999756         5098      4096.00
    1529.855     0.999780         5098      4551.11
    1618.943     0.999805         5099      5120.00
    1618.943     1.000000         5099          inf
#[Mean    =      153.543, StdDeviation   =       78.893]
#[Max     =     1617.920, Total count    =         5099]
#[Buckets =           27, SubBuckets     =         2048]
----------------------------------------------------------
  5400 requests in 3.00m, 1.28MB read
Requests/sec:     30.00
Transfer/sec:      7.29KB
