Running 3m test @ http://10.99.205.204:11000/a?value=1
  4 threads and 10 connections
  Thread calibration: mean lat.: 160.669ms, rate sampling interval: 445ms
  Thread calibration: mean lat.: 148.886ms, rate sampling interval: 447ms
  Thread calibration: mean lat.: 158.485ms, rate sampling interval: 436ms
  Thread calibration: mean lat.: 147.473ms, rate sampling interval: 398ms
  Thread Stats   Avg      Stdev     Max   +/- Stdev
    Latency   183.75ms  163.72ms   1.53s    96.39%
    Req/Sec    12.08      2.09    20.00     92.45%
  Latency Distribution (HdrHistogram - Recorded Latency)
 50.000%  146.43ms
 75.000%  193.15ms
 90.000%  223.87ms
 99.000%    1.19s 
 99.900%    1.50s 
 99.990%    1.53s 
 99.999%    1.53s 
100.000%    1.53s 

  Detailed Percentile spectrum:
       Value   Percentile   TotalCount 1/(1-Percentile)

      91.903     0.000000            1         1.00
     107.391     0.100000          858         1.11
     112.639     0.200000         1708         1.25
     117.887     0.300000         2552         1.43
     130.431     0.400000         3401         1.67
     146.431     0.500000         4255         2.00
     163.711     0.550000         4678         2.22
     180.863     0.600000         5101         2.50
     186.367     0.650000         5549         2.86
     189.823     0.700000         5969         3.33
     193.151     0.750000         6377         4.00
     195.839     0.775000         6590         4.44
     198.783     0.800000         6801         5.00
     203.775     0.825000         7015         5.71
     211.455     0.850000         7229         6.67
     217.471     0.875000         7440         8.00
     220.287     0.887500         7545         8.89
     223.999     0.900000         7654        10.00
     229.375     0.912500         7757        11.43
     238.719     0.925000         7862        13.33
     248.447     0.937500         7970        16.00
     255.615     0.943750         8024        17.78
     269.823     0.950000         8076        20.00
     288.511     0.956250         8130        22.86
     328.703     0.962500         8181        26.67
     494.079     0.968750         8234        32.00
     583.679     0.971875         8260        35.56
     697.343     0.975000         8287        40.00
     768.511     0.978125         8314        45.71
     884.223     0.981250         8340        53.33
     987.135     0.984375         8367        64.00
    1058.815     0.985938         8380        71.11
    1123.327     0.987500         8393        80.00
    1161.215     0.989062         8407        91.43
    1208.319     0.990625         8420       106.67
    1281.023     0.992188         8433       128.00
    1317.887     0.992969         8440       142.22
    1328.127     0.993750         8446       160.00
    1357.823     0.994531         8453       182.86
    1369.087     0.995313         8460       213.33
    1375.231     0.996094         8466       256.00
    1390.591     0.996484         8470       284.44
    1399.807     0.996875         8473       320.00
    1418.239     0.997266         8476       365.71
    1446.911     0.997656         8480       426.67
    1466.367     0.998047         8483       512.00
    1477.631     0.998242         8485       568.89
    1478.655     0.998437         8486       640.00
    1485.823     0.998633         8488       731.43
    1492.991     0.998828         8490       853.33
    1501.183     0.999023         8491      1024.00
    1508.351     0.999121         8492      1137.78
    1517.567     0.999219         8493      1280.00
    1519.615     0.999316         8494      1462.86
    1523.711     0.999414         8495      1706.67
    1523.711     0.999512         8495      2048.00
    1527.807     0.999561         8496      2275.56
    1527.807     0.999609         8496      2560.00
    1528.831     0.999658         8498      2925.71
    1528.831     0.999707         8498      3413.33
    1528.831     0.999756         8498      4096.00
    1528.831     0.999780         8498      4551.11
    1528.831     0.999805         8498      5120.00
    1528.831     0.999829         8498      5851.43
    1528.831     0.999854         8498      6826.67
    1528.831     0.999878         8498      8192.00
    1533.951     0.999890         8499      9102.22
    1533.951     1.000000         8499          inf
#[Mean    =      183.751, StdDeviation   =      163.715]
#[Max     =     1532.928, Total count    =         8499]
#[Buckets =           27, SubBuckets     =         2048]
----------------------------------------------------------
  8996 requests in 3.00m, 2.14MB read
Requests/sec:     49.97
Transfer/sec:     12.15KB
