Running 3m test @ http://10.99.205.204:11000/a?value=1
  4 threads and 10 connections
  Thread calibration: mean lat.: 2143.676ms, rate sampling interval: 7467ms
  Thread calibration: mean lat.: 2052.262ms, rate sampling interval: 7270ms
  Thread calibration: mean lat.: 1889.312ms, rate sampling interval: 6787ms
  Thread calibration: mean lat.: 2109.074ms, rate sampling interval: 7495ms
  Thread Stats   Avg      Stdev     Max   +/- Stdev
    Latency    36.44s    18.56s    1.18m    58.02%
    Req/Sec    14.98      0.51    16.00    100.00%
  Latency Distribution (HdrHistogram - Recorded Latency)
 50.000%   36.60s 
 75.000%    0.87m 
 90.000%    1.04m 
 99.000%    1.14m 
 99.900%    1.17m 
 99.990%    1.18m 
 99.999%    1.18m 
100.000%    1.18m 

  Detailed Percentile spectrum:
       Value   Percentile   TotalCount 1/(1-Percentile)

    3678.207     0.000000            1         1.00
   10756.095     0.100000         1053         1.11
   17170.431     0.200000         2109         1.25
   23740.415     0.300000         3160         1.43
   30097.407     0.400000         4211         1.67
   36601.855     0.500000         5264         2.00
   39714.815     0.550000         5791         2.22
   42663.935     0.600000         6317         2.50
   45842.431     0.650000         6848         2.86
   48988.159     0.700000         7371         3.33
   52264.959     0.750000         7893         4.00
   54001.663     0.775000         8160         4.44
   55672.831     0.800000         8420         5.00
   57278.463     0.825000         8685         5.71
   58949.631     0.850000         8946         6.67
   60653.567     0.875000         9212         8.00
   61472.767     0.887500         9342         8.89
   62259.199     0.900000         9472        10.00
   63209.471     0.912500         9604        11.43
   64028.671     0.925000         9742        13.33
   64684.031     0.937500         9868        16.00
   65077.247     0.943750         9935        17.78
   65503.231     0.950000         9998        20.00
   65863.679     0.956250        10064        22.86
   66322.431     0.962500        10132        26.67
   66715.647     0.968750        10198        32.00
   66879.487     0.971875        10235        35.56
   67043.327     0.975000        10264        40.00
   67305.471     0.978125        10299        45.71
   67502.079     0.981250        10336        53.33
   67698.687     0.984375        10363        64.00
   67829.759     0.985938        10379        71.11
   67960.831     0.987500        10395        80.00
   68091.903     0.989062        10411        91.43
   68222.975     0.990625        10433       106.67
   68354.047     0.992188        10445       128.00
   68419.583     0.992969        10452       142.22
   68550.655     0.993750        10464       160.00
   68616.191     0.994531        10468       182.86
   68747.263     0.995313        10477       213.33
   68943.871     0.996094        10485       256.00
   69074.943     0.996484        10489       284.44
   69206.015     0.996875        10493       320.00
   69533.695     0.997266        10497       365.71
   69795.839     0.997656        10500       426.67
   69926.911     0.998047        10505       512.00
   69992.447     0.998242        10507       568.89
   70057.983     0.998437        10511       640.00
   70057.983     0.998633        10511       731.43
   70123.519     0.998828        10512       853.33
   70320.127     0.999023        10514      1024.00
   70385.663     0.999121        10515      1137.78
   70451.199     0.999219        10516      1280.00
   70516.735     0.999316        10517      1462.86
   70647.807     0.999414        10518      1706.67
   70713.343     0.999512        10519      2048.00
   70778.879     0.999561        10522      2275.56
   70778.879     0.999609        10522      2560.00
   70778.879     0.999658        10522      2925.71
   70778.879     0.999707        10522      3413.33
   70778.879     0.999756        10522      4096.00
   70778.879     0.999780        10522      4551.11
   70778.879     0.999805        10522      5120.00
   70844.415     0.999829        10524      5851.43
   70844.415     1.000000        10524          inf
#[Mean    =    36435.944, StdDeviation   =    18561.355]
#[Max     =    70778.880, Total count    =        10524]
#[Buckets =           27, SubBuckets     =         2048]
----------------------------------------------------------
  11133 requests in 3.00m, 2.64MB read
Requests/sec:     61.84
Transfer/sec:     15.02KB
