Running 2m test @ http://10.102.123.170:11000/a?value=1
  2 threads and 4 connections
  Thread calibration: mean lat.: 5419.582ms, rate sampling interval: 14376ms
  Thread calibration: mean lat.: 5357.090ms, rate sampling interval: 14213ms
  Thread Stats   Avg      Stdev     Max   +/- Stdev
    Latency    42.66s    20.49s    1.30m    57.58%
    Req/Sec    26.43      0.62    27.00    100.00%
  Latency Distribution (HdrHistogram - Recorded Latency)
 50.000%   42.76s 
 75.000%    1.01m 
 90.000%    1.18m 
 99.000%    1.29m 
 99.900%    1.30m 
 99.990%    1.30m 
 99.999%    1.30m 
100.000%    1.30m 

  Detailed Percentile spectrum:
       Value   Percentile   TotalCount 1/(1-Percentile)

    7634.943     0.000000            1         1.00
   14393.343     0.100000          595         1.11
   21266.431     0.200000         1190         1.25
   28278.783     0.300000         1784         1.43
   35323.903     0.400000         2380         1.67
   42762.239     0.500000         2973         2.00
   46366.719     0.550000         3271         2.22
   49807.359     0.600000         3568         2.50
   53411.839     0.650000         3866         2.86
   57114.623     0.700000         4164         3.33
   60719.103     0.750000         4463         4.00
   62226.431     0.775000         4610         4.44
   63930.367     0.800000         4758         5.00
   65798.143     0.825000         4908         5.71
   67436.543     0.850000         5058         6.67
   69337.087     0.875000         5205         8.00
   70254.591     0.887500         5279         8.89
   71106.559     0.900000         5356        10.00
   72024.063     0.912500         5431        11.43
   72876.031     0.925000         5502        13.33
   73727.999     0.937500         5577        16.00
   74121.215     0.943750         5615        17.78
   74514.431     0.950000         5650        20.00
   74907.647     0.956250         5686        22.86
   75366.399     0.962500         5726        26.67
   75825.151     0.968750         5764        32.00
   76021.759     0.971875         5783        35.56
   76218.367     0.975000         5801        40.00
   76414.975     0.978125         5818        45.71
   76611.583     0.981250         5836        53.33
   76808.191     0.984375         5854        64.00
   76939.263     0.985938         5864        71.11
   77070.335     0.987500         5874        80.00
   77201.407     0.989062         5886        91.43
   77266.943     0.990625         5892       106.67
   77398.015     0.992188         5902       128.00
   77463.551     0.992969         5905       142.22
   77529.087     0.993750         5912       160.00
   77594.623     0.994531         5917       182.86
   77660.159     0.995313         5922       213.33
   77725.695     0.996094         5926       256.00
   77725.695     0.996484         5926       284.44
   77791.231     0.996875         5933       320.00
   77791.231     0.997266         5933       365.71
   77791.231     0.997656         5933       426.67
   77856.767     0.998047         5936       512.00
   77856.767     0.998242         5936       568.89
   77922.303     0.998437         5942       640.00
   77922.303     0.998633         5942       731.43
   77922.303     0.998828         5942       853.33
   77922.303     0.999023         5942      1024.00
   77922.303     0.999121         5942      1137.78
   77922.303     0.999219         5942      1280.00
   77922.303     0.999316         5942      1462.86
   77987.839     0.999414         5943      1706.67
   78118.911     0.999512         5945      2048.00
   78118.911     0.999561         5945      2275.56
   78118.911     0.999609         5945      2560.00
   78118.911     0.999658         5945      2925.71
   78118.911     0.999707         5945      3413.33
   78118.911     0.999756         5945      4096.00
   78118.911     0.999780         5945      4551.11
   78118.911     0.999805         5945      5120.00
   78118.911     0.999829         5945      5851.43
   78184.447     0.999854         5946      6826.67
   78184.447     1.000000         5946          inf
#[Mean    =    42664.070, StdDeviation   =    20489.731]
#[Max     =    78118.912, Total count    =         5946]
#[Buckets =           27, SubBuckets     =         2048]
----------------------------------------------------------
  6308 requests in 2.00m, 1.49MB read
  Socket errors: connect 0, read 0, write 0, timeout 4
Requests/sec:     52.56
Transfer/sec:     12.73KB
