Running 2m test @ http://10.102.123.170:11000/a?value=1
  2 threads and 4 connections
  Thread calibration: mean lat.: 4041.335ms, rate sampling interval: 13647ms
  Thread calibration: mean lat.: 4103.821ms, rate sampling interval: 13926ms
  Thread Stats   Avg      Stdev     Max   +/- Stdev
    Latency    47.75s    23.30s    1.47m    57.90%
    Req/Sec    26.33      0.60    27.00    100.00%
  Latency Distribution (HdrHistogram - Recorded Latency)
 50.000%   47.71s 
 75.000%    1.13m 
 90.000%    1.34m 
 99.000%    1.45m 
 99.900%    1.47m 
 99.990%    1.47m 
 99.999%    1.47m 
100.000%    1.47m 

  Detailed Percentile spectrum:
       Value   Percentile   TotalCount 1/(1-Percentile)

    7524.351     0.000000            1         1.00
   15228.927     0.100000          593         1.11
   23691.263     0.200000         1185         1.25
   31686.655     0.300000         1779         1.43
   39747.583     0.400000         2371         1.67
   47710.207     0.500000         2962         2.00
   51740.671     0.550000         3261         2.22
   55640.063     0.600000         3557         2.50
   59899.903     0.650000         3853         2.86
   64094.207     0.700000         4147         3.33
   68026.367     0.750000         4442         4.00
   70057.983     0.775000         4592         4.44
   72155.135     0.800000         4740         5.00
   74121.215     0.825000         4891         5.71
   76087.295     0.850000         5035         6.67
   78184.447     0.875000         5184         8.00
   79167.487     0.887500         5256         8.89
   80150.527     0.900000         5334        10.00
   81002.495     0.912500         5405        11.43
   81985.535     0.925000         5478        13.33
   82903.039     0.937500         5553        16.00
   83361.791     0.943750         5591        17.78
   83820.543     0.950000         5627        20.00
   84410.367     0.956250         5666        22.86
   84934.655     0.962500         5701        26.67
   85458.943     0.968750         5739        32.00
   85721.087     0.971875         5758        35.56
   85983.231     0.975000         5776        40.00
   86245.375     0.978125         5795        45.71
   86507.519     0.981250         5814        53.33
   86704.127     0.984375         5830        64.00
   86835.199     0.985938         5841        71.11
   86966.271     0.987500         5851        80.00
   87097.343     0.989062         5861        91.43
   87228.415     0.990625         5869       106.67
   87293.951     0.992188         5876       128.00
   87359.487     0.992969         5882       142.22
   87425.023     0.993750         5888       160.00
   87490.559     0.994531         5892       182.86
   87556.095     0.995313         5895       213.33
   87621.631     0.996094         5899       256.00
   87752.703     0.996484         5904       284.44
   87752.703     0.996875         5904       320.00
   87818.239     0.997266         5907       365.71
   87883.775     0.997656         5913       426.67
   87883.775     0.998047         5913       512.00
   87883.775     0.998242         5913       568.89
   87883.775     0.998437         5913       640.00
   87949.311     0.998633         5915       731.43
   88014.847     0.998828         5918       853.33
   88014.847     0.999023         5918      1024.00
   88014.847     0.999121         5918      1137.78
   88014.847     0.999219         5918      1280.00
   88014.847     0.999316         5918      1462.86
   88080.383     0.999414         5920      1706.67
   88080.383     0.999512         5920      2048.00
   88080.383     0.999561         5920      2275.56
   88080.383     0.999609         5920      2560.00
   88080.383     0.999658         5920      2925.71
   88145.919     0.999707         5921      3413.33
   88145.919     0.999756         5921      4096.00
   88145.919     0.999780         5921      4551.11
   88145.919     0.999805         5921      5120.00
   88145.919     0.999829         5921      5851.43
   88211.455     0.999854         5922      6826.67
   88211.455     1.000000         5922          inf
#[Mean    =    47746.678, StdDeviation   =    23303.000]
#[Max     =    88145.920, Total count    =         5922]
#[Buckets =           27, SubBuckets     =         2048]
----------------------------------------------------------
  6417 requests in 2.00m, 1.52MB read
Requests/sec:     53.47
Transfer/sec:     12.95KB
