Running 2m test @ http://10.102.123.170:11000/a?value=1
  2 threads and 4 connections
  Thread calibration: mean lat.: 4739.838ms, rate sampling interval: 15196ms
  Thread calibration: mean lat.: 4707.362ms, rate sampling interval: 15237ms
  Thread Stats   Avg      Stdev     Max   +/- Stdev
    Latency     0.85m    25.01s    1.58m    57.30%
    Req/Sec    26.50      0.63    27.00    100.00%
  Latency Distribution (HdrHistogram - Recorded Latency)
 50.000%   50.99s 
 75.000%    1.22m 
 90.000%    1.43m 
 99.000%    1.56m 
 99.900%    1.57m 
 99.990%    1.58m 
 99.999%    1.58m 
100.000%    1.58m 

  Detailed Percentile spectrum:
       Value   Percentile   TotalCount 1/(1-Percentile)

    8208.383     0.000000            1         1.00
   16433.151     0.100000          593         1.11
   25001.983     0.200000         1185         1.25
   34045.951     0.300000         1780         1.43
   42467.327     0.400000         2370         1.67
   50987.007     0.500000         2963         2.00
   55279.615     0.550000         3260         2.22
   59441.151     0.600000         3556         2.50
   63733.759     0.650000         3853         2.86
   68288.511     0.700000         4149         3.33
   72941.567     0.750000         4445         4.00
   75169.791     0.775000         4592         4.44
   77463.551     0.800000         4742         5.00
   79626.239     0.825000         4892         5.71
   81919.999     0.850000         5040         6.67
   83820.543     0.875000         5185         8.00
   84934.655     0.887500         5265         8.89
   85852.159     0.900000         5333        10.00
   86900.735     0.912500         5408        11.43
   87949.311     0.925000         5484        13.33
   89063.423     0.937500         5558        16.00
   89653.247     0.943750         5595        17.78
   90177.535     0.950000         5631        20.00
   90701.823     0.956250         5666        22.86
   91291.647     0.962500         5707        26.67
   91815.935     0.968750         5744        32.00
   92012.543     0.971875         5759        35.56
   92274.687     0.975000         5778        40.00
   92536.831     0.978125         5798        45.71
   92798.975     0.981250         5815        53.33
   93126.655     0.984375         5833        64.00
   93257.727     0.985938         5842        71.11
   93388.799     0.987500         5851        80.00
   93585.407     0.989062         5864        91.43
   93716.479     0.990625         5874       106.67
   93847.551     0.992188         5882       128.00
   93913.087     0.992969         5887       142.22
   93978.623     0.993750         5890       160.00
   94044.159     0.994531         5895       182.86
   94109.695     0.995313         5899       213.33
   94175.231     0.996094         5904       256.00
   94240.767     0.996484         5908       284.44
   94240.767     0.996875         5908       320.00
   94306.303     0.997266         5913       365.71
   94306.303     0.997656         5913       426.67
   94371.839     0.998047         5918       512.00
   94371.839     0.998242         5918       568.89
   94371.839     0.998437         5918       640.00
   94371.839     0.998633         5918       731.43
   94437.375     0.998828         5922       853.33
   94437.375     0.999023         5922      1024.00
   94437.375     0.999121         5922      1137.78
   94437.375     0.999219         5922      1280.00
   94437.375     0.999316         5922      1462.86
   94437.375     0.999414         5922      1706.67
   94502.911     0.999512         5924      2048.00
   94502.911     0.999561         5924      2275.56
   94502.911     0.999609         5924      2560.00
   94502.911     0.999658         5924      2925.71
   94502.911     0.999707         5924      3413.33
   94502.911     0.999756         5924      4096.00
   94502.911     0.999780         5924      4551.11
   94502.911     0.999805         5924      5120.00
   94502.911     0.999829         5924      5851.43
   94568.447     0.999854         5925      6826.67
   94568.447     1.000000         5925          inf
#[Mean    =    51127.075, StdDeviation   =    25010.945]
#[Max     =    94502.912, Total count    =         5925]
#[Buckets =           27, SubBuckets     =         2048]
----------------------------------------------------------
  6379 requests in 2.00m, 1.51MB read
Requests/sec:     53.15
Transfer/sec:     12.87KB
