Running 2m test @ http://10.97.31.177:9080/productpage
  2 threads and 10 connections
  Thread calibration: mean lat.: 187.130ms, rate sampling interval: 1389ms
  Thread calibration: mean lat.: 594.519ms, rate sampling interval: 3815ms
  Thread Stats   Avg      Stdev     Max   +/- Stdev
    Latency     5.33s     7.71s   24.54s    78.74%
    Req/Sec    48.13      6.47    80.00     85.98%
  Latency Distribution (HdrHistogram - Recorded Latency)
 50.000%   60.93ms
 75.000%   11.39s 
 90.000%   18.83s 
 99.000%   23.30s 
 99.900%   24.26s 
 99.990%   24.51s 
 99.999%   24.56s 
100.000%   24.56s 

  Detailed Percentile spectrum:
       Value   Percentile   TotalCount 1/(1-Percentile)

       8.479     0.000000            1         1.00
      17.183     0.100000         1071         1.11
      20.527     0.200000         2140         1.25
      23.455     0.300000         3204         1.43
      35.999     0.400000         4271         1.67
      60.927     0.500000         5343         2.00
      64.223     0.550000         5874         2.22
      74.111     0.600000         6410         2.50
    4296.703     0.650000         6939         2.86
    8691.711     0.700000         7473         3.33
   11386.879     0.750000         8006         4.00
   12500.991     0.775000         8275         4.44
   13721.599     0.800000         8541         5.00
   14876.671     0.825000         8808         5.71
   16302.079     0.850000         9074         6.67
   17383.423     0.875000         9344         8.00
   18087.935     0.887500         9478         8.89
   18825.215     0.900000         9607        10.00
   19415.039     0.912500         9741        11.43
   20070.399     0.925000         9876        13.33
   20676.607     0.937500        10007        16.00
   21168.127     0.943750        10074        17.78
   21594.111     0.950000        10141        20.00
   21856.255     0.956250        10208        22.86
   22036.479     0.962500        10275        26.67
   22298.623     0.968750        10349        32.00
   22478.847     0.971875        10379        35.56
   22659.071     0.975000        10409        40.00
   22790.143     0.978125        10445        45.71
   22888.447     0.981250        10482        53.33
   22986.751     0.984375        10510        64.00
   23052.287     0.985938        10524        71.11
   23134.207     0.987500        10543        80.00
   23216.127     0.989062        10561        91.43
   23314.431     0.990625        10575       106.67
   23396.351     0.992188        10592       128.00
   23478.271     0.992969        10601       142.22
   23560.191     0.993750        10608       160.00
   23609.343     0.994531        10617       182.86
   23691.263     0.995313        10625       213.33
   23789.567     0.996094        10634       256.00
   23871.487     0.996484        10637       284.44
   23904.255     0.996875        10642       320.00
   23986.175     0.997266        10646       365.71
   24035.327     0.997656        10649       426.67
   24084.479     0.998047        10654       512.00
   24100.863     0.998242        10656       568.89
   24117.247     0.998437        10658       640.00
   24199.167     0.998633        10662       731.43
   24199.167     0.998828        10662       853.33
   24281.087     0.999023        10666      1024.00
   24281.087     0.999121        10666      1137.78
   24281.087     0.999219        10666      1280.00
   24297.471     0.999316        10667      1462.86
   24363.007     0.999414        10668      1706.67
   24379.391     0.999512        10669      2048.00
   24428.543     0.999561        10670      2275.56
   24428.543     0.999609        10670      2560.00
   24477.695     0.999658        10672      2925.71
   24477.695     0.999707        10672      3413.33
   24477.695     0.999756        10672      4096.00
   24477.695     0.999780        10672      4551.11
   24477.695     0.999805        10672      5120.00
   24510.463     0.999829        10673      5851.43
   24510.463     0.999854        10673      6826.67
   24510.463     0.999878        10673      8192.00
   24510.463     0.999890        10673      9102.22
   24510.463     0.999902        10673     10240.00
   24559.615     0.999915        10674     11702.86
   24559.615     1.000000        10674          inf
#[Mean    =     5329.127, StdDeviation   =     7706.866]
#[Max     =    24543.232, Total count    =        10674]
#[Buckets =           27, SubBuckets     =         2048]
----------------------------------------------------------
  11591 requests in 2.00m, 169.50MB read
Requests/sec:     96.57
Transfer/sec:      1.41MB
