Running 2m test @ http://10.97.31.177:9080/productpage
  2 threads and 10 connections
  Thread calibration: mean lat.: 506.951ms, rate sampling interval: 3618ms
  Thread calibration: mean lat.: 417.071ms, rate sampling interval: 2238ms
  Thread Stats   Avg      Stdev     Max   +/- Stdev
    Latency   653.38ms    1.33s    6.03s    85.05%
    Req/Sec    75.00      3.94    86.00     75.95%
  Latency Distribution (HdrHistogram - Recorded Latency)
 50.000%   62.11ms
 75.000%  146.05ms
 90.000%    3.18s 
 99.000%    5.35s 
 99.900%    5.85s 
 99.990%    5.98s 
 99.999%    6.03s 
100.000%    6.03s 

  Detailed Percentile spectrum:
       Value   Percentile   TotalCount 1/(1-Percentile)

       8.463     0.000000            1         1.00
      15.199     0.100000         1662         1.11
      22.735     0.200000         3324         1.25
      53.311     0.300000         4983         1.43
      57.631     0.400000         6654         1.67
      62.111     0.500000         8310         2.00
      66.495     0.550000         9137         2.22
      75.839     0.600000         9969         2.50
      91.199     0.650000        10799         2.86
     109.183     0.700000        11628         3.33
     146.047     0.750000        12458         4.00
     189.311     0.775000        12873         4.44
     343.039     0.800000        13288         5.00
    1126.399     0.825000        13704         5.71
    1968.127     0.850000        14119         6.67
    2633.727     0.875000        14536         8.00
    2914.303     0.887500        14742         8.89
    3182.591     0.900000        14949        10.00
    3440.639     0.912500        15157        11.43
    3571.711     0.925000        15367        13.33
    3690.495     0.937500        15577        16.00
    3778.559     0.943750        15676        17.78
    3956.735     0.950000        15781        20.00
    4061.183     0.956250        15884        22.86
    4255.743     0.962500        15988        26.67
    4448.255     0.968750        16091        32.00
    4513.791     0.971875        16143        35.56
    4571.135     0.975000        16199        40.00
    4616.191     0.978125        16251        45.71
    4661.247     0.981250        16300        53.33
    4984.831     0.984375        16352        64.00
    5042.175     0.985938        16377        71.11
    5242.879     0.987500        16403        80.00
    5312.511     0.989062        16431        91.43
    5394.431     0.990625        16460       106.67
    5443.583     0.992188        16484       128.00
    5472.255     0.992969        16494       142.22
    5517.311     0.993750        16507       160.00
    5554.175     0.994531        16521       182.86
    5599.231     0.995313        16533       213.33
    5668.863     0.996094        16549       256.00
    5677.055     0.996484        16553       284.44
    5709.823     0.996875        16559       320.00
    5750.783     0.997266        16565       365.71
    5779.455     0.997656        16572       426.67
    5799.935     0.998047        16578       512.00
    5820.415     0.998242        16581       568.89
    5832.703     0.998437        16586       640.00
    5844.991     0.998633        16589       731.43
    5849.087     0.998828        16591       853.33
    5857.279     0.999023        16595      1024.00
    5865.471     0.999121        16596      1137.78
    5885.951     0.999219        16598      1280.00
    5890.047     0.999316        16599      1462.86
    5898.239     0.999414        16602      1706.67
    5898.239     0.999512        16602      2048.00
    5906.431     0.999561        16603      2275.56
    5914.623     0.999609        16604      2560.00
    5918.719     0.999658        16605      2925.71
    5955.583     0.999707        16606      3413.33
    5955.583     0.999756        16606      4096.00
    5980.159     0.999780        16607      4551.11
    5980.159     0.999805        16607      5120.00
    5984.255     0.999829        16608      5851.43
    5984.255     0.999854        16608      6826.67
    5984.255     0.999878        16608      8192.00
    6004.735     0.999890        16609      9102.22
    6004.735     0.999902        16609     10240.00
    6004.735     0.999915        16609     11702.86
    6004.735     0.999927        16609     13653.33
    6004.735     0.999939        16609     16384.00
    6029.311     0.999945        16610     18204.44
    6029.311     1.000000        16610          inf
#[Mean    =      653.385, StdDeviation   =     1329.300]
#[Max     =     6025.216, Total count    =        16610]
#[Buckets =           27, SubBuckets     =         2048]
----------------------------------------------------------
  18000 requests in 2.00m, 263.24MB read
Requests/sec:    149.97
Transfer/sec:      2.19MB
