Running 2m test @ http://10.99.205.204:11000/a?value=1
  4 threads and 10 connections
  Thread calibration: mean lat.: 170.385ms, rate sampling interval: 707ms
  Thread calibration: mean lat.: 149.597ms, rate sampling interval: 465ms
  Thread calibration: mean lat.: 240.442ms, rate sampling interval: 759ms
  Thread calibration: mean lat.: 168.972ms, rate sampling interval: 521ms
  Thread Stats   Avg      Stdev     Max   +/- Stdev
    Latency   774.06ms  676.97ms   3.16s    80.12%
    Req/Sec    24.23      2.24    32.00     88.47%
  Latency Distribution (HdrHistogram - Recorded Latency)
 50.000%  663.04ms
 75.000%  988.67ms
 90.000%    1.89s 
 99.000%    2.88s 
 99.900%    3.12s 
 99.990%    3.16s 
 99.999%    3.16s 
100.000%    3.16s 

  Detailed Percentile spectrum:
       Value   Percentile   TotalCount 1/(1-Percentile)

      10.111     0.000000            1         1.00
     110.207     0.100000         1088         1.11
     176.383     0.200000         2179         1.25
     299.007     0.300000         3265         1.43
     503.295     0.400000         4352         1.67
     663.039     0.500000         5444         2.00
     721.919     0.550000         5984         2.22
     788.991     0.600000         6528         2.50
     839.679     0.650000         7071         2.86
     900.095     0.700000         7618         3.33
     988.671     0.750000         8159         4.00
    1034.239     0.775000         8432         4.44
    1081.343     0.800000         8706         5.00
    1134.591     0.825000         8976         5.71
    1208.319     0.850000         9247         6.67
    1473.535     0.875000         9519         8.00
    1651.711     0.887500         9655         8.89
    1891.327     0.900000         9791        10.00
    2107.391     0.912500         9927        11.43
    2217.983     0.925000        10063        13.33
    2326.527     0.937500        10201        16.00
    2363.391     0.943750        10267        17.78
    2394.111     0.950000        10338        20.00
    2422.783     0.956250        10403        22.86
    2459.647     0.962500        10473        26.67
    2506.751     0.968750        10540        32.00
    2562.047     0.971875        10574        35.56
    2637.823     0.975000        10608        40.00
    2664.447     0.978125        10643        45.71
    2682.879     0.981250        10676        53.33
    2713.599     0.984375        10713        64.00
    2723.839     0.985938        10727        71.11
    2742.271     0.987500        10744        80.00
    2799.615     0.989062        10760        91.43
    2914.303     0.990625        10777       106.67
    2961.407     0.992188        10796       128.00
    2971.647     0.992969        10803       142.22
    2992.127     0.993750        10812       160.00
    3010.559     0.994531        10819       182.86
    3043.327     0.995313        10828       213.33
    3071.999     0.996094        10836       256.00
    3078.143     0.996484        10843       284.44
    3082.239     0.996875        10845       320.00
    3086.335     0.997266        10851       365.71
    3092.479     0.997656        10855       426.67
    3098.623     0.998047        10859       512.00
    3098.623     0.998242        10859       568.89
    3100.671     0.998437        10863       640.00
    3106.815     0.998633        10865       731.43
    3115.007     0.998828        10866       853.33
    3121.151     0.999023        10868      1024.00
    3127.295     0.999121        10869      1137.78
    3131.391     0.999219        10870      1280.00
    3133.439     0.999316        10871      1462.86
    3135.487     0.999414        10872      1706.67
    3137.535     0.999512        10874      2048.00
    3137.535     0.999561        10874      2275.56
    3137.535     0.999609        10874      2560.00
    3139.583     0.999658        10875      2925.71
    3139.583     0.999707        10875      3413.33
    3141.631     0.999756        10876      4096.00
    3141.631     0.999780        10876      4551.11
    3141.631     0.999805        10876      5120.00
    3160.063     0.999829        10877      5851.43
    3160.063     0.999854        10877      6826.67
    3160.063     0.999878        10877      8192.00
    3160.063     0.999890        10877      9102.22
    3160.063     0.999902        10877     10240.00
    3162.111     0.999915        10878     11702.86
    3162.111     1.000000        10878          inf
#[Mean    =      774.057, StdDeviation   =      676.970]
#[Max     =     3160.064, Total count    =        10878]
#[Buckets =           27, SubBuckets     =         2048]
----------------------------------------------------------
  11867 requests in 2.00m, 2.81MB read
Requests/sec:     98.87
Transfer/sec:     23.96KB
