Running 2m test @ http://10.108.73.23:9080/productpage
  4 threads and 10 connections
  Thread calibration: mean lat.: 1498.665ms, rate sampling interval: 4890ms
  Thread calibration: mean lat.: 1344.316ms, rate sampling interval: 4378ms
  Thread calibration: mean lat.: 1339.467ms, rate sampling interval: 4141ms
  Thread calibration: mean lat.: 1438.700ms, rate sampling interval: 4288ms
  Thread Stats   Avg      Stdev     Max   +/- Stdev
    Latency     9.98s     4.89s   22.13s    61.58%
    Req/Sec    20.73      3.31    26.00     90.82%
  Latency Distribution (HdrHistogram - Recorded Latency)
 50.000%    9.05s 
 75.000%   13.94s 
 90.000%   17.47s 
 99.000%   20.94s 
 99.900%   22.04s 
 99.990%   22.12s 
 99.999%   22.15s 
100.000%   22.15s 

  Detailed Percentile spectrum:
       Value   Percentile   TotalCount 1/(1-Percentile)

    2226.175     0.000000            1         1.00
    4374.527     0.100000          937         1.11
    5140.479     0.200000         1873         1.25
    6197.247     0.300000         2809         1.43
    8134.655     0.400000         3743         1.67
    9052.159     0.500000         4681         2.00
    9535.487     0.550000         5149         2.22
   10493.951     0.600000         5617         2.50
   11714.559     0.650000         6084         2.86
   12738.559     0.700000         6548         3.33
   13942.783     0.750000         7016         4.00
   14352.383     0.775000         7252         4.44
   14753.791     0.800000         7490         5.00
   14999.551     0.825000         7719         5.71
   15761.407     0.850000         7951         6.67
   16629.759     0.875000         8187         8.00
   17055.743     0.887500         8309         8.89
   17465.343     0.900000         8421        10.00
   17891.327     0.912500         8537        11.43
   18284.543     0.925000         8656        13.33
   18661.375     0.937500         8773        16.00
   18825.215     0.943750         8831        17.78
   19070.975     0.950000         8887        20.00
   19251.199     0.956250         8947        22.86
   19398.655     0.962500         9006        26.67
   19644.415     0.968750         9062        32.00
   19759.103     0.971875         9093        35.56
   19972.095     0.975000         9126        40.00
   20103.167     0.978125         9150        45.71
   20332.543     0.981250         9182        53.33
   20512.767     0.984375         9208        64.00
   20660.223     0.985938         9223        71.11
   20791.295     0.987500         9241        80.00
   20873.215     0.989062         9253        91.43
   20987.903     0.990625         9270       106.67
   21168.127     0.992188         9281       128.00
   21299.199     0.992969         9291       142.22
   21331.967     0.993750         9300       160.00
   21381.119     0.994531         9303       182.86
   21676.031     0.995313         9311       213.33
   21954.559     0.996094         9320       256.00
   21970.943     0.996484         9328       284.44
   21970.943     0.996875         9328       320.00
   21987.327     0.997266         9332       365.71
   22003.711     0.997656         9336       426.67
   22003.711     0.998047         9336       512.00
   22020.095     0.998242         9338       568.89
   22036.479     0.998437         9345       640.00
   22036.479     0.998633         9345       731.43
   22036.479     0.998828         9345       853.33
   22036.479     0.999023         9345      1024.00
   22069.247     0.999121         9349      1137.78
   22069.247     0.999219         9349      1280.00
   22069.247     0.999316         9349      1462.86
   22069.247     0.999414         9349      1706.67
   22102.015     0.999512         9351      2048.00
   22102.015     0.999561         9351      2275.56
   22102.015     0.999609         9351      2560.00
   22102.015     0.999658         9351      2925.71
   22118.399     0.999707         9353      3413.33
   22118.399     0.999756         9353      4096.00
   22118.399     0.999780         9353      4551.11
   22118.399     0.999805         9353      5120.00
   22118.399     0.999829         9353      5851.43
   22118.399     0.999854         9353      6826.67
   22118.399     0.999878         9353      8192.00
   22118.399     0.999890         9353      9102.22
   22151.167     0.999902         9354     10240.00
   22151.167     1.000000         9354          inf
#[Mean    =     9983.497, StdDeviation   =     4889.228]
#[Max     =    22134.784, Total count    =         9354]
#[Buckets =           27, SubBuckets     =         2048]
----------------------------------------------------------
  10116 requests in 2.00m, 147.93MB read
  Socket errors: connect 0, read 0, write 0, timeout 7
Requests/sec:     84.29
Transfer/sec:      1.23MB
