Running 2m test @ http://10.108.73.23:9080/productpage
  4 threads and 10 connections
  Thread calibration: mean lat.: 252.807ms, rate sampling interval: 848ms
  Thread calibration: mean lat.: 686.445ms, rate sampling interval: 4104ms
  Thread calibration: mean lat.: 1381.623ms, rate sampling interval: 4829ms
  Thread calibration: mean lat.: 621.042ms, rate sampling interval: 4055ms
  Thread Stats   Avg      Stdev     Max   +/- Stdev
    Latency     6.37s     7.54s   23.76s    72.74%
    Req/Sec    18.68      2.25    27.00     83.82%
  Latency Distribution (HdrHistogram - Recorded Latency)
 50.000%  644.61ms
 75.000%   14.90s 
 90.000%   17.20s 
 99.000%   22.22s 
 99.900%   23.35s 
 99.990%   23.76s 
 99.999%   23.77s 
100.000%   23.77s 

  Detailed Percentile spectrum:
       Value   Percentile   TotalCount 1/(1-Percentile)

      23.887     0.000000            1         1.00
      74.879     0.100000          804         1.11
     113.599     0.200000         1602         1.25
     196.095     0.300000         2400         1.43
     442.623     0.400000         3203         1.67
     644.607     0.500000         4004         2.00
    2705.407     0.550000         4398         2.22
    6246.399     0.600000         4798         2.50
    9011.199     0.650000         5199         2.86
   12509.183     0.700000         5599         3.33
   14901.247     0.750000         6000         4.00
   15196.159     0.775000         6197         4.44
   15351.807     0.800000         6397         5.00
   15638.527     0.825000         6598         5.71
   16236.543     0.850000         6798         6.67
   16703.487     0.875000         6997         8.00
   16859.135     0.887500         7105         8.89
   17203.199     0.900000         7197        10.00
   17940.479     0.912500         7297        11.43
   18464.767     0.925000         7400        13.33
   19316.735     0.937500         7498        16.00
   19709.951     0.943750         7549        17.78
   20004.863     0.950000         7600        20.00
   20365.311     0.956250         7647        22.86
   20611.071     0.962500         7698        26.67
   21020.671     0.968750         7747        32.00
   21200.895     0.971875         7772        35.56
   21348.351     0.975000         7797        40.00
   21561.343     0.978125         7822        45.71
   21807.103     0.981250         7851        53.33
   21938.175     0.984375         7872        64.00
   22020.095     0.985938         7884        71.11
   22069.247     0.987500         7897        80.00
   22167.551     0.989062         7909        91.43
   22233.087     0.990625         7927       106.67
   22265.855     0.992188         7939       128.00
   22282.239     0.992969         7941       142.22
   22315.007     0.993750         7954       160.00
   22315.007     0.994531         7954       182.86
   22347.775     0.995313         7960       213.33
   22364.159     0.996094         7965       256.00
   22544.383     0.996484         7968       284.44
   22659.071     0.996875         7973       320.00
   22724.607     0.997266         7975       365.71
   22757.375     0.997656         7978       426.67
   22855.679     0.998047         7981       512.00
   23019.519     0.998242         7982       568.89
   23150.591     0.998437         7984       640.00
   23248.895     0.998633         7986       731.43
   23314.431     0.998828         7987       853.33
   23429.119     0.999023         7989      1024.00
   23429.119     0.999121         7989      1137.78
   23445.503     0.999219         7990      1280.00
   23527.423     0.999316         7991      1462.86
   23560.191     0.999414         7992      1706.67
   23625.727     0.999512         7993      2048.00
   23625.727     0.999561         7993      2275.56
   23625.727     0.999609         7993      2560.00
   23658.495     0.999658         7994      2925.71
   23658.495     0.999707         7994      3413.33
   23756.799     0.999756         7995      4096.00
   23756.799     0.999780         7995      4551.11
   23756.799     0.999805         7995      5120.00
   23756.799     0.999829         7995      5851.43
   23756.799     0.999854         7995      6826.67
   23773.183     0.999878         7996      8192.00
   23773.183     1.000000         7996          inf
#[Mean    =     6371.609, StdDeviation   =     7538.607]
#[Max     =    23756.800, Total count    =         7996]
#[Buckets =           27, SubBuckets     =         2048]
----------------------------------------------------------
  8684 requests in 2.00m, 126.99MB read
Requests/sec:     72.35
Transfer/sec:      1.06MB
