Running 2m test @ http://10.99.205.204:11000/a?value=1
  4 threads and 10 connections
  Thread calibration: mean lat.: 47.621ms, rate sampling interval: 180ms
  Thread calibration: mean lat.: 110.706ms, rate sampling interval: 599ms
  Thread calibration: mean lat.: 278.487ms, rate sampling interval: 1732ms
  Thread calibration: mean lat.: 83.391ms, rate sampling interval: 346ms
  Thread Stats   Avg      Stdev     Max   +/- Stdev
    Latency   900.78ms    1.79s    6.84s    85.29%
    Req/Sec    36.82      4.74    55.00     76.13%
  Latency Distribution (HdrHistogram - Recorded Latency)
 50.000%   53.34ms
 75.000%  219.77ms
 90.000%    4.38s 
 99.000%    6.43s 
 99.900%    6.79s 
 99.990%    6.83s 
 99.999%    6.84s 
100.000%    6.84s 

  Detailed Percentile spectrum:
       Value   Percentile   TotalCount 1/(1-Percentile)

      10.711     0.000000            1         1.00
      17.903     0.100000         1636         1.11
      26.367     0.200000         3255         1.25
      31.951     0.300000         4885         1.43
      38.431     0.400000         6510         1.67
      53.343     0.500000         8137         2.00
      59.231     0.550000         8952         2.22
      70.207     0.600000         9764         2.50
      83.327     0.650000        10578         2.86
     103.615     0.700000        11393         3.33
     219.775     0.750000        12204         4.00
     844.799     0.775000        12612         4.44
    1142.783     0.800000        13018         5.00
    1819.647     0.825000        13425         5.71
    2584.575     0.850000        13832         6.67
    3340.287     0.875000        14238         8.00
    3817.471     0.887500        14443         8.89
    4378.623     0.900000        14645        10.00
    4632.575     0.912500        14854        11.43
    4898.815     0.925000        15053        13.33
    5386.239     0.937500        15255        16.00
    5586.943     0.943750        15358        17.78
    5697.535     0.950000        15459        20.00
    5865.471     0.956250        15561        22.86
    5967.871     0.962500        15663        26.67
    6156.287     0.968750        15766        32.00
    6221.823     0.971875        15819        35.56
    6262.783     0.975000        15867        40.00
    6316.031     0.978125        15920        45.71
    6356.991     0.981250        15969        53.33
    6385.663     0.984375        16027        64.00
    6393.855     0.985938        16048        71.11
    6402.047     0.987500        16071        80.00
    6422.527     0.989062        16100        91.43
    6438.911     0.990625        16126       106.67
    6467.583     0.992188        16148       128.00
    6479.871     0.992969        16159       142.22
    6488.063     0.993750        16173       160.00
    6516.735     0.994531        16184       182.86
    6549.503     0.995313        16196       213.33
    6586.367     0.996094        16210       256.00
    6606.847     0.996484        16215       284.44
    6627.327     0.996875        16225       320.00
    6639.615     0.997266        16228       365.71
    6676.479     0.997656        16234       426.67
    6701.055     0.998047        16241       512.00
    6713.343     0.998242        16244       568.89
    6721.535     0.998437        16247       640.00
    6742.015     0.998633        16250       731.43
    6754.303     0.998828        16253       853.33
    6795.263     0.999023        16260      1024.00
    6795.263     0.999121        16260      1137.78
    6795.263     0.999219        16260      1280.00
    6799.359     0.999316        16261      1462.86
    6815.743     0.999414        16263      1706.67
    6823.935     0.999512        16268      2048.00
    6823.935     0.999561        16268      2275.56
    6823.935     0.999609        16268      2560.00
    6823.935     0.999658        16268      2925.71
    6823.935     0.999707        16268      3413.33
    6828.031     0.999756        16269      4096.00
    6828.031     0.999780        16269      4551.11
    6828.031     0.999805        16269      5120.00
    6832.127     0.999829        16270      5851.43
    6832.127     0.999854        16270      6826.67
    6840.319     0.999878        16271      8192.00
    6840.319     0.999890        16271      9102.22
    6840.319     0.999902        16271     10240.00
    6840.319     0.999915        16271     11702.86
    6840.319     0.999927        16271     13653.33
    6844.415     0.999939        16272     16384.00
    6844.415     1.000000        16272          inf
#[Mean    =      900.778, StdDeviation   =     1787.855]
#[Max     =     6840.320, Total count    =        16272]
#[Buckets =           27, SubBuckets     =         2048]
----------------------------------------------------------
  17752 requests in 2.00m, 4.20MB read
Requests/sec:    147.92
Transfer/sec:     35.83KB
