Running 2m test @ http://10.108.73.23:9080/productpage
  4 threads and 10 connections
  Thread calibration: mean lat.: 156.039ms, rate sampling interval: 553ms
  Thread calibration: mean lat.: 89.904ms, rate sampling interval: 277ms
  Thread calibration: mean lat.: 66.573ms, rate sampling interval: 221ms
  Thread calibration: mean lat.: 113.009ms, rate sampling interval: 422ms
  Thread Stats   Avg      Stdev     Max   +/- Stdev
    Latency   145.90ms  180.98ms   1.50s    91.17%
    Req/Sec    19.58      3.81    36.00     77.42%
  Latency Distribution (HdrHistogram - Recorded Latency)
 50.000%   94.14ms
 75.000%  148.48ms
 90.000%  294.65ms
 99.000%    1.07s 
 99.900%    1.39s 
 99.990%    1.48s 
 99.999%    1.50s 
100.000%    1.50s 

  Detailed Percentile spectrum:
       Value   Percentile   TotalCount 1/(1-Percentile)

       8.111     0.000000            1         1.00
      30.575     0.100000          879         1.11
      52.863     0.200000         1758         1.25
      69.887     0.300000         2638         1.43
      80.767     0.400000         3516         1.67
      94.143     0.500000         4394         2.00
      99.135     0.550000         4839         2.22
     110.079     0.600000         5274         2.50
     118.463     0.650000         5719         2.86
     129.855     0.700000         6152         3.33
     148.479     0.750000         6592         4.00
     158.847     0.775000         6811         4.44
     167.551     0.800000         7031         5.00
     183.167     0.825000         7252         5.71
     203.647     0.850000         7471         6.67
     258.303     0.875000         7690         8.00
     275.199     0.887500         7800         8.89
     294.911     0.900000         7911        10.00
     331.007     0.912500         8020        11.43
     371.455     0.925000         8130        13.33
     406.783     0.937500         8240        16.00
     454.911     0.943750         8294        17.78
     478.207     0.950000         8349        20.00
     518.911     0.956250         8404        22.86
     577.535     0.962500         8459        26.67
     652.799     0.968750         8514        32.00
     692.735     0.971875         8542        35.56
     760.319     0.975000         8569        40.00
     794.623     0.978125         8596        45.71
     827.903     0.981250         8624        53.33
     883.199     0.984375         8651        64.00
     901.119     0.985938         8665        71.11
     975.871     0.987500         8679        80.00
    1057.791     0.989062         8693        91.43
    1079.295     0.990625         8706       106.67
    1114.111     0.992188         8720       128.00
    1147.903     0.992969         8727       142.22
    1156.095     0.993750         8734       160.00
    1174.527     0.994531         8741       182.86
    1207.295     0.995313         8747       213.33
    1266.687     0.996094         8754       256.00
    1281.023     0.996484         8758       284.44
    1288.191     0.996875         8761       320.00
    1293.311     0.997266         8765       365.71
    1305.599     0.997656         8768       426.67
    1341.439     0.998047         8771       512.00
    1358.847     0.998242         8773       568.89
    1367.039     0.998437         8775       640.00
    1378.303     0.998633         8776       731.43
    1383.423     0.998828         8778       853.33
    1390.591     0.999023         8780      1024.00
    1391.615     0.999121         8781      1137.78
    1394.687     0.999219         8782      1280.00
    1394.687     0.999316         8782      1462.86
    1399.807     0.999414         8783      1706.67
    1423.359     0.999512         8784      2048.00
    1441.791     0.999561         8785      2275.56
    1441.791     0.999609         8785      2560.00
    1441.791     0.999658         8785      2925.71
    1469.439     0.999707         8786      3413.33
    1469.439     0.999756         8786      4096.00
    1475.583     0.999780         8787      4551.11
    1475.583     0.999805         8787      5120.00
    1475.583     0.999829         8787      5851.43
    1475.583     0.999854         8787      6826.67
    1475.583     0.999878         8787      8192.00
    1498.111     0.999890         8788      9102.22
    1498.111     1.000000         8788          inf
#[Mean    =      145.901, StdDeviation   =      180.980]
#[Max     =     1497.088, Total count    =         8788]
#[Buckets =           27, SubBuckets     =         2048]
----------------------------------------------------------
  9581 requests in 2.00m, 140.12MB read
Requests/sec:     79.83
Transfer/sec:      1.17MB
