Running 2m test @ http://10.108.73.23:9080/productpage
  4 threads and 10 connections
  Thread calibration: mean lat.: 661.966ms, rate sampling interval: 3399ms
  Thread calibration: mean lat.: 228.966ms, rate sampling interval: 882ms
  Thread calibration: mean lat.: 217.603ms, rate sampling interval: 1010ms
  Thread calibration: mean lat.: 107.082ms, rate sampling interval: 378ms
  Thread Stats   Avg      Stdev     Max   +/- Stdev
    Latency   117.59ms  141.76ms   1.38s    95.68%
    Req/Sec    19.51      2.11    26.00     84.48%
  Latency Distribution (HdrHistogram - Recorded Latency)
 50.000%   84.29ms
 75.000%  136.06ms
 90.000%  176.51ms
 99.000%    1.09s 
 99.900%    1.35s 
 99.990%    1.38s 
 99.999%    1.38s 
100.000%    1.38s 

  Detailed Percentile spectrum:
       Value   Percentile   TotalCount 1/(1-Percentile)

       9.295     0.000000            1         1.00
      45.055     0.100000          882         1.11
      55.775     0.200000         1763         1.25
      64.031     0.300000         2645         1.43
      73.599     0.400000         3530         1.67
      84.287     0.500000         4409         2.00
      91.071     0.550000         4850         2.22
      99.327     0.600000         5289         2.50
     110.143     0.650000         5730         2.86
     124.927     0.700000         6170         3.33
     136.063     0.750000         6612         4.00
     140.159     0.775000         6841         4.44
     144.383     0.800000         7057         5.00
     148.479     0.825000         7275         5.71
     154.111     0.850000         7494         6.67
     161.663     0.875000         7714         8.00
     167.935     0.887500         7823         8.89
     176.511     0.900000         7932        10.00
     188.159     0.912500         8042        11.43
     214.399     0.925000         8153        13.33
     235.903     0.937500         8264        16.00
     240.511     0.943750         8319        17.78
     248.447     0.950000         8373        20.00
     258.815     0.956250         8428        22.86
     278.015     0.962500         8483        26.67
     328.447     0.968750         8538        32.00
     343.039     0.971875         8566        35.56
     356.351     0.975000         8593        40.00
     388.095     0.978125         8621        45.71
     443.647     0.981250         8648        53.33
     548.863     0.984375         8676        64.00
     669.183     0.985938         8690        71.11
     904.191     0.987500         8703        80.00
     965.631     0.989062         8717        91.43
    1137.663     0.990625         8731       106.67
    1174.527     0.992188         8745       128.00
    1186.815     0.992969         8752       142.22
    1213.439     0.993750         8758       160.00
    1251.327     0.994531         8766       182.86
    1256.447     0.995313         8773       213.33
    1276.927     0.996094         8779       256.00
    1287.167     0.996484         8783       284.44
    1309.695     0.996875         8786       320.00
    1317.887     0.997266         8789       365.71
    1325.055     0.997656         8793       426.67
    1336.319     0.998047         8796       512.00
    1338.367     0.998242         8798       568.89
    1342.463     0.998437         8800       640.00
    1346.559     0.998633         8801       731.43
    1351.679     0.998828         8803       853.33
    1355.775     0.999023         8805      1024.00
    1359.871     0.999121         8806      1137.78
    1360.895     0.999219         8807      1280.00
    1360.895     0.999316         8807      1462.86
    1362.943     0.999414         8808      1706.67
    1363.967     0.999512         8809      2048.00
    1368.063     0.999561         8810      2275.56
    1368.063     0.999609         8810      2560.00
    1368.063     0.999658         8810      2925.71
    1376.255     0.999707         8811      3413.33
    1376.255     0.999756         8811      4096.00
    1379.327     0.999780         8812      4551.11
    1379.327     0.999805         8812      5120.00
    1379.327     0.999829         8812      5851.43
    1379.327     0.999854         8812      6826.67
    1379.327     0.999878         8812      8192.00
    1384.447     0.999890         8813      9102.22
    1384.447     1.000000         8813          inf
#[Mean    =      117.587, StdDeviation   =      141.764]
#[Max     =     1383.424, Total count    =         8813]
#[Buckets =           27, SubBuckets     =         2048]
----------------------------------------------------------
  9600 requests in 2.00m, 140.40MB read
Requests/sec:     79.99
Transfer/sec:      1.17MB
