Running 2m test @ http://10.108.73.23:9080/productpage
  4 threads and 10 connections
  Thread calibration: mean lat.: 55.204ms, rate sampling interval: 186ms
  Thread calibration: mean lat.: 72.545ms, rate sampling interval: 223ms
  Thread calibration: mean lat.: 59.787ms, rate sampling interval: 186ms
  Thread calibration: mean lat.: 72.342ms, rate sampling interval: 226ms
  Thread Stats   Avg      Stdev     Max   +/- Stdev
    Latency     1.32s     2.19s    7.93s    82.00%
    Req/Sec    24.61      8.56    54.00     84.68%
  Latency Distribution (HdrHistogram - Recorded Latency)
 50.000%   86.08ms
 75.000%    1.90s 
 90.000%    5.37s 
 99.000%    7.48s 
 99.900%    7.79s 
 99.990%    7.93s 
 99.999%    7.94s 
100.000%    7.94s 

  Detailed Percentile spectrum:
       Value   Percentile   TotalCount 1/(1-Percentile)

       8.447     0.000000            1         1.00
      34.271     0.100000         1102         1.11
      46.559     0.200000         2204         1.25
      55.519     0.300000         3303         1.43
      69.311     0.400000         4401         1.67
      86.079     0.500000         5503         2.00
      93.183     0.550000         6054         2.22
     101.759     0.600000         6600         2.50
     121.535     0.650000         7150         2.86
     733.695     0.700000         7700         3.33
    1900.543     0.750000         8250         4.00
    2457.599     0.775000         8525         4.44
    3033.087     0.800000         8804         5.00
    3588.095     0.825000         9077         5.71
    4222.975     0.850000         9350         6.67
    4767.743     0.875000         9625         8.00
    5046.271     0.887500         9765         8.89
    5378.047     0.900000         9901        10.00
    5693.439     0.912500        10037        11.43
    5951.487     0.925000        10178        13.33
    6234.111     0.937500        10313        16.00
    6328.319     0.943750        10382        17.78
    6492.159     0.950000        10453        20.00
    6602.751     0.956250        10518        22.86
    6725.631     0.962500        10588        26.67
    6918.143     0.968750        10657        32.00
    7012.351     0.971875        10690        35.56
    7122.943     0.975000        10725        40.00
    7172.095     0.978125        10759        45.71
    7241.727     0.981250        10793        53.33
    7311.359     0.984375        10829        64.00
    7364.607     0.985938        10846        71.11
    7405.567     0.987500        10863        80.00
    7450.623     0.989062        10880        91.43
    7483.391     0.990625        10896       106.67
    7528.447     0.992188        10914       128.00
    7544.831     0.992969        10923       142.22
    7561.215     0.993750        10931       160.00
    7585.791     0.994531        10939       182.86
    7610.367     0.995313        10948       213.33
    7639.039     0.996094        10958       256.00
    7647.231     0.996484        10961       284.44
    7655.423     0.996875        10965       320.00
    7679.999     0.997266        10969       365.71
    7700.479     0.997656        10975       426.67
    7720.959     0.998047        10981       512.00
    7720.959     0.998242        10981       568.89
    7725.055     0.998437        10982       640.00
    7733.247     0.998633        10984       731.43
    7782.399     0.998828        10987       853.33
    7798.783     0.999023        10989      1024.00
    7811.071     0.999121        10991      1137.78
    7811.071     0.999219        10991      1280.00
    7868.415     0.999316        10992      1462.86
    7884.799     0.999414        10993      1706.67
    7892.991     0.999512        10994      2048.00
    7905.279     0.999561        10995      2275.56
    7905.279     0.999609        10995      2560.00
    7929.855     0.999658        10997      2925.71
    7929.855     0.999707        10997      3413.33
    7929.855     0.999756        10997      4096.00
    7929.855     0.999780        10997      4551.11
    7929.855     0.999805        10997      5120.00
    7933.951     0.999829        10998      5851.43
    7933.951     0.999854        10998      6826.67
    7933.951     0.999878        10998      8192.00
    7933.951     0.999890        10998      9102.22
    7933.951     0.999902        10998     10240.00
    7938.047     0.999915        10999     11702.86
    7938.047     1.000000        10999          inf
#[Mean    =     1316.159, StdDeviation   =     2186.599]
#[Max     =     7933.952, Total count    =        10999]
#[Buckets =           27, SubBuckets     =         2048]
----------------------------------------------------------
  11999 requests in 2.00m, 175.47MB read
  Socket errors: connect 0, read 0, write 0, timeout 17
Requests/sec:     99.98
Transfer/sec:      1.46MB
