Running 2m test @ http://10.108.73.23:9080/productpage
  4 threads and 10 connections
  Thread calibration: mean lat.: 374.303ms, rate sampling interval: 2059ms
  Thread calibration: mean lat.: 401.128ms, rate sampling interval: 1494ms
  Thread calibration: mean lat.: 231.791ms, rate sampling interval: 993ms
  Thread calibration: mean lat.: 463.635ms, rate sampling interval: 1996ms
  Thread Stats   Avg      Stdev     Max   +/- Stdev
    Latency     5.10s     3.86s   14.09s    65.97%
    Req/Sec    34.27      3.29    42.00     94.50%
  Latency Distribution (HdrHistogram - Recorded Latency)
 50.000%    3.41s 
 75.000%    8.32s 
 90.000%   11.42s 
 99.000%   13.49s 
 99.900%   14.02s 
 99.990%   14.09s 
 99.999%   14.10s 
100.000%   14.10s 

  Detailed Percentile spectrum:
       Value   Percentile   TotalCount 1/(1-Percentile)

      24.767     0.000000            1         1.00
     787.967     0.100000         1522         1.11
    1997.823     0.200000         3045         1.25
    2357.247     0.300000         4570         1.43
    2756.607     0.400000         6081         1.67
    3409.919     0.500000         7601         2.00
    3704.831     0.550000         8365         2.22
    5210.111     0.600000         9122         2.50
    6107.135     0.650000         9886         2.86
    7450.623     0.700000        10645         3.33
    8323.071     0.750000        11404         4.00
    8716.287     0.775000        11786         4.44
    9265.151     0.800000        12160         5.00
    9740.287     0.825000        12540         5.71
   10330.111     0.850000        12921         6.67
   10838.015     0.875000        13311         8.00
   11124.735     0.887500        13490         8.89
   11419.647     0.900000        13683        10.00
   11599.871     0.912500        13875        11.43
   11780.095     0.925000        14067        13.33
   11935.743     0.937500        14255        16.00
   12034.047     0.943750        14346        17.78
   12214.271     0.950000        14440        20.00
   12394.495     0.956250        14536        22.86
   12582.911     0.962500        14630        26.67
   12713.983     0.968750        14727        32.00
   12804.095     0.971875        14774        35.56
   12935.167     0.975000        14820        40.00
   13017.087     0.978125        14870        45.71
   13115.391     0.981250        14915        53.33
   13221.887     0.984375        14964        64.00
   13303.807     0.985938        14988        71.11
   13434.879     0.987500        15014        80.00
   13475.839     0.989062        15035        91.43
   13516.799     0.990625        15063       106.67
   13557.759     0.992188        15082       128.00
   13590.527     0.992969        15095       142.22
   13656.063     0.993750        15105       160.00
   13762.559     0.994531        15117       182.86
   13787.135     0.995313        15130       213.33
   13819.903     0.996094        15141       256.00
   13852.671     0.996484        15148       284.44
   13877.247     0.996875        15156       320.00
   13885.439     0.997266        15161       365.71
   13910.015     0.997656        15166       426.67
   13934.591     0.998047        15171       512.00
   13967.359     0.998242        15174       568.89
   13991.935     0.998437        15177       640.00
   14016.511     0.998633        15182       731.43
   14024.703     0.998828        15186       853.33
   14024.703     0.999023        15186      1024.00
   14032.895     0.999121        15188      1137.78
   14041.087     0.999219        15190      1280.00
   14041.087     0.999316        15190      1462.86
   14049.279     0.999414        15193      1706.67
   14049.279     0.999512        15193      2048.00
   14057.471     0.999561        15195      2275.56
   14057.471     0.999609        15195      2560.00
   14057.471     0.999658        15195      2925.71
   14065.663     0.999707        15196      3413.33
   14082.047     0.999756        15197      4096.00
   14082.047     0.999780        15197      4551.11
   14090.239     0.999805        15199      5120.00
   14090.239     0.999829        15199      5851.43
   14090.239     0.999854        15199      6826.67
   14090.239     0.999878        15199      8192.00
   14090.239     0.999890        15199      9102.22
   14090.239     0.999902        15199     10240.00
   14090.239     0.999915        15199     11702.86
   14090.239     0.999927        15199     13653.33
   14098.431     0.999939        15200     16384.00
   14098.431     1.000000        15200          inf
#[Mean    =     5103.036, StdDeviation   =     3859.167]
#[Max     =    14090.240, Total count    =        15200]
#[Buckets =           27, SubBuckets     =         2048]
----------------------------------------------------------
  16597 requests in 2.00m, 242.72MB read
Requests/sec:    138.29
Transfer/sec:      2.02MB
