Running 2m test @ http://10.108.73.23:9080/productpage
  4 threads and 10 connections
  Thread calibration: mean lat.: 138.924ms, rate sampling interval: 570ms
  Thread calibration: mean lat.: 1057.286ms, rate sampling interval: 5857ms
  Thread calibration: mean lat.: 1839.229ms, rate sampling interval: 6475ms
  Thread calibration: mean lat.: 783.786ms, rate sampling interval: 5406ms
  Thread Stats   Avg      Stdev     Max   +/- Stdev
    Latency     6.76s    10.10s   35.49s    81.13%
    Req/Sec    23.58      3.01    31.00     81.71%
  Latency Distribution (HdrHistogram - Recorded Latency)
 50.000%  229.12ms
 75.000%   10.93s 
 90.000%   25.40s 
 99.000%   33.29s 
 99.900%   35.06s 
 99.990%   35.45s 
 99.999%   35.52s 
100.000%   35.52s 

  Detailed Percentile spectrum:
       Value   Percentile   TotalCount 1/(1-Percentile)

       9.807     0.000000            1         1.00
      47.967     0.100000          949         1.11
      68.927     0.200000         1896         1.25
      88.639     0.300000         2843         1.43
     118.911     0.400000         3791         1.67
     229.119     0.500000         4738         2.00
     834.047     0.550000         5212         2.22
    3909.631     0.600000         5687         2.50
    4399.103     0.650000         6161         2.86
    6578.175     0.700000         6635         3.33
   10928.127     0.750000         7107         4.00
   13254.655     0.775000         7345         4.44
   15761.407     0.800000         7582         5.00
   18120.703     0.825000         7819         5.71
   20545.535     0.850000         8057         6.67
   22790.143     0.875000         8292         8.00
   24166.399     0.887500         8413         8.89
   25411.583     0.900000         8529        10.00
   26181.631     0.912500         8648        11.43
   27541.503     0.925000         8766        13.33
   28852.223     0.937500         8886        16.00
   29327.359     0.943750         8945        17.78
   29933.567     0.950000         9003        20.00
   30457.855     0.956250         9065        22.86
   30965.759     0.962500         9122        26.67
   31424.511     0.968750         9181        32.00
   31653.887     0.971875         9210        35.56
   32063.487     0.975000         9241        40.00
   32309.247     0.978125         9270        45.71
   32571.391     0.981250         9299        53.33
   32849.919     0.984375         9330        64.00
   32980.991     0.985938         9344        71.11
   33079.295     0.987500         9358        80.00
   33210.367     0.989062         9374        91.43
   33357.823     0.990625         9388       106.67
   33619.967     0.992188         9403       128.00
   33751.039     0.992969         9411       142.22
   33849.343     0.993750         9420       160.00
   33947.647     0.994531         9426       182.86
   34045.951     0.995313         9432       213.33
   34209.791     0.996094         9439       256.00
   34308.095     0.996484         9444       284.44
   34373.631     0.996875         9448       320.00
   34471.935     0.997266         9452       365.71
   34603.007     0.997656         9454       426.67
   34734.079     0.998047         9459       512.00
   34766.847     0.998242         9461       568.89
   34799.615     0.998437         9462       640.00
   34832.383     0.998633         9464       731.43
   34897.919     0.998828         9465       853.33
   35061.759     0.999023         9467      1024.00
   35160.063     0.999121         9469      1137.78
   35160.063     0.999219         9469      1280.00
   35225.599     0.999316         9470      1462.86
   35291.135     0.999414         9471      1706.67
   35356.671     0.999512         9472      2048.00
   35356.671     0.999561         9472      2275.56
   35454.975     0.999609         9475      2560.00
   35454.975     0.999658         9475      2925.71
   35454.975     0.999707         9475      3413.33
   35454.975     0.999756         9475      4096.00
   35454.975     0.999780         9475      4551.11
   35454.975     0.999805         9475      5120.00
   35454.975     0.999829         9475      5851.43
   35454.975     0.999854         9475      6826.67
   35454.975     0.999878         9475      8192.00
   35454.975     0.999890         9475      9102.22
   35520.511     0.999902         9476     10240.00
   35520.511     1.000000         9476          inf
#[Mean    =     6763.329, StdDeviation   =    10097.778]
#[Max     =    35487.744, Total count    =         9476]
#[Buckets =           27, SubBuckets     =         2048]
----------------------------------------------------------
  10278 requests in 2.00m, 150.30MB read
Requests/sec:     85.64
Transfer/sec:      1.25MB
