Running 2m test @ http://10.108.73.23:9080/productpage
  4 threads and 10 connections
  Thread calibration: mean lat.: 2891.339ms, rate sampling interval: 10469ms
  Thread calibration: mean lat.: 3215.280ms, rate sampling interval: 11337ms
  Thread calibration: mean lat.: 2712.709ms, rate sampling interval: 9773ms
  Thread calibration: mean lat.: 2947.275ms, rate sampling interval: 10510ms
  Thread Stats   Avg      Stdev     Max   +/- Stdev
    Latency    34.35s    16.09s    1.22m    58.93%
    Req/Sec    17.88      1.19    20.00     95.00%
  Latency Distribution (HdrHistogram - Recorded Latency)
 50.000%   34.57s 
 75.000%   47.94s 
 90.000%    0.93m 
 99.000%    1.10m 
 99.900%    1.20m 
 99.990%    1.22m 
 99.999%    1.22m 
100.000%    1.22m 

  Detailed Percentile spectrum:
       Value   Percentile   TotalCount 1/(1-Percentile)

    5169.151     0.000000            1         1.00
   12091.391     0.100000          806         1.11
   17743.871     0.200000         1614         1.25
   23576.575     0.300000         2419         1.43
   29196.287     0.400000         3226         1.67
   34570.239     0.500000         4031         2.00
   37289.983     0.550000         4436         2.22
   40009.727     0.600000         4837         2.50
   42532.863     0.650000         5243         2.86
   45121.535     0.700000         5646         3.33
   47972.351     0.750000         6049         4.00
   49283.071     0.775000         6246         4.44
   50528.255     0.800000         6455         5.00
   51806.207     0.825000         6654         5.71
   53182.463     0.850000         6853         6.67
   54525.951     0.875000         7052         8.00
   55115.775     0.887500         7153         8.89
   55803.903     0.900000         7258        10.00
   56524.799     0.912500         7356        11.43
   57343.999     0.925000         7456        13.33
   58097.663     0.937500         7557        16.00
   58523.647     0.943750         7609        17.78
   59015.167     0.950000         7659        20.00
   59441.151     0.956250         7710        22.86
   59768.831     0.962500         7757        26.67
   60194.815     0.968750         7808        32.00
   60424.191     0.971875         7833        35.56
   60653.567     0.975000         7859        40.00
   61112.319     0.978125         7887        45.71
   61407.231     0.981250         7908        53.33
   62750.719     0.984375         7934        64.00
   63963.135     0.985938         7946        71.11
   64847.871     0.987500         7960        80.00
   65601.535     0.989062         7971        91.43
   66289.663     0.990625         7984       106.67
   67305.471     0.992188         7997       128.00
   67633.151     0.992969         8003       142.22
   68157.439     0.993750         8009       160.00
   68681.727     0.994531         8015       182.86
   69533.695     0.995313         8022       213.33
   70057.983     0.996094         8028       256.00
   70451.199     0.996484         8031       284.44
   70778.879     0.996875         8034       320.00
   71041.023     0.997266         8037       365.71
   71499.775     0.997656         8042       426.67
   71696.383     0.998047         8044       512.00
   71761.919     0.998242         8045       568.89
   71892.991     0.998437         8047       640.00
   71958.527     0.998633         8048       731.43
   72155.135     0.998828         8050       853.33
   72351.743     0.999023         8052      1024.00
   72351.743     0.999121         8052      1137.78
   72417.279     0.999219         8053      1280.00
   72548.351     0.999316         8055      1462.86
   72548.351     0.999414         8055      1706.67
   72679.423     0.999512         8056      2048.00
   72679.423     0.999561         8056      2275.56
   72679.423     0.999609         8056      2560.00
   72810.495     0.999658         8057      2925.71
   72810.495     0.999707         8057      3413.33
   72941.567     0.999756         8058      4096.00
   72941.567     0.999780         8058      4551.11
   72941.567     0.999805         8058      5120.00
   72941.567     0.999829         8058      5851.43
   72941.567     0.999854         8058      6826.67
   73007.103     0.999878         8059      8192.00
   73007.103     1.000000         8059          inf
#[Mean    =    34347.945, StdDeviation   =    16087.009]
#[Max     =    72941.568, Total count    =         8059]
#[Buckets =           27, SubBuckets     =         2048]
----------------------------------------------------------
  8709 requests in 2.00m, 127.36MB read
Requests/sec:     72.56
Transfer/sec:      1.06MB
