Running 2m test @ http://10.108.73.23:9080/productpage
  4 threads and 10 connections
  Thread calibration: mean lat.: 1459.722ms, rate sampling interval: 5033ms
  Thread calibration: mean lat.: 636.174ms, rate sampling interval: 2295ms
  Thread calibration: mean lat.: 854.164ms, rate sampling interval: 2758ms
  Thread calibration: mean lat.: 1495.727ms, rate sampling interval: 4829ms
  Thread Stats   Avg      Stdev     Max   +/- Stdev
    Latency     6.40s     5.55s   28.93s    86.56%
    Req/Sec    18.25      1.84    23.00     89.15%
  Latency Distribution (HdrHistogram - Recorded Latency)
 50.000%    4.37s 
 75.000%    6.00s 
 90.000%   15.72s 
 99.000%   25.97s 
 99.900%   28.46s 
 99.990%   28.90s 
 99.999%   28.95s 
100.000%   28.95s 

  Detailed Percentile spectrum:
       Value   Percentile   TotalCount 1/(1-Percentile)

     681.983     0.000000            1         1.00
    2480.127     0.100000          811         1.11
    3215.359     0.200000         1623         1.25
    3618.815     0.300000         2437         1.43
    4028.415     0.400000         3250         1.67
    4374.527     0.500000         4064         2.00
    4689.919     0.550000         4463         2.22
    4956.159     0.600000         4871         2.50
    5214.207     0.650000         5279         2.86
    5570.559     0.700000         5681         3.33
    5996.543     0.750000         6084         4.00
    6311.935     0.775000         6284         4.44
    6778.879     0.800000         6488         5.00
    8060.927     0.825000         6690         5.71
   10575.871     0.850000         6892         6.67
   13271.039     0.875000         7097         8.00
   14344.191     0.887500         7197         8.89
   15761.407     0.900000         7298        10.00
   17547.263     0.912500         7400        11.43
   18579.455     0.925000         7501        13.33
   19759.103     0.937500         7602        16.00
   20086.783     0.943750         7653        17.78
   20742.143     0.950000         7703        20.00
   21151.743     0.956250         7755        22.86
   21823.487     0.962500         7804        26.67
   22020.095     0.968750         7858        32.00
   22282.239     0.971875         7880        35.56
   22872.063     0.975000         7907        40.00
   23576.575     0.978125         7932        45.71
   24461.311     0.981250         7956        53.33
   24969.215     0.984375         7984        64.00
   25067.519     0.985938         7995        71.11
   25427.967     0.987500         8007        80.00
   25821.183     0.989062         8020        91.43
   26116.095     0.990625         8032       106.67
   26476.543     0.992188         8045       128.00
   26542.079     0.992969         8051       142.22
   26689.535     0.993750         8058       160.00
   26869.759     0.994531         8064       182.86
   27066.367     0.995313         8070       213.33
   27394.047     0.996094         8077       256.00
   27541.503     0.996484         8080       284.44
   27672.575     0.996875         8084       320.00
   27754.495     0.997266         8086       365.71
   27820.031     0.997656         8089       426.67
   28114.943     0.998047         8093       512.00
   28131.327     0.998242         8094       568.89
   28213.247     0.998437         8097       640.00
   28213.247     0.998633         8097       731.43
   28377.087     0.998828         8099       853.33
   28459.007     0.999023         8101      1024.00
   28459.007     0.999121         8101      1137.78
   28508.159     0.999219         8102      1280.00
   28606.463     0.999316         8103      1462.86
   28655.615     0.999414         8104      1706.67
   28770.303     0.999512         8105      2048.00
   28770.303     0.999561         8105      2275.56
   28770.303     0.999609         8105      2560.00
   28852.223     0.999658         8106      2925.71
   28852.223     0.999707         8106      3413.33
   28901.375     0.999756         8107      4096.00
   28901.375     0.999780         8107      4551.11
   28901.375     0.999805         8107      5120.00
   28901.375     0.999829         8107      5851.43
   28901.375     0.999854         8107      6826.67
   28950.527     0.999878         8108      8192.00
   28950.527     1.000000         8108          inf
#[Mean    =     6396.178, StdDeviation   =     5552.151]
#[Max     =    28934.144, Total count    =         8108]
#[Buckets =           27, SubBuckets     =         2048]
----------------------------------------------------------
  8763 requests in 2.00m, 128.15MB read
Requests/sec:     73.01
Transfer/sec:      1.07MB
