Running 2m test @ http://10.108.73.23:9080/productpage
  4 threads and 10 connections
  Thread calibration: mean lat.: 1157.837ms, rate sampling interval: 4546ms
  Thread calibration: mean lat.: 847.355ms, rate sampling interval: 4159ms
  Thread calibration: mean lat.: 500.183ms, rate sampling interval: 1733ms
  Thread calibration: mean lat.: 1812.347ms, rate sampling interval: 6479ms
  Thread Stats   Avg      Stdev     Max   +/- Stdev
    Latency    13.01s     8.50s   37.26s    66.54%
    Req/Sec    30.34      2.87    36.00     85.27%
  Latency Distribution (HdrHistogram - Recorded Latency)
 50.000%   11.33s 
 75.000%   17.45s 
 90.000%   26.74s 
 99.000%   35.39s 
 99.900%   37.03s 
 99.990%   37.26s 
 99.999%   37.29s 
100.000%   37.29s 

  Detailed Percentile spectrum:
       Value   Percentile   TotalCount 1/(1-Percentile)

     837.631     0.000000            1         1.00
    3659.775     0.100000         1306         1.11
    5390.335     0.200000         2607         1.25
    7327.743     0.300000         3917         1.43
    9125.887     0.400000         5216         1.67
   11329.535     0.500000         6518         2.00
   12287.999     0.550000         7179         2.22
   13320.191     0.600000         7823         2.50
   14303.231     0.650000         8475         2.86
   15802.367     0.700000         9129         3.33
   17448.959     0.750000         9779         4.00
   18415.615     0.775000        10103         4.44
   20348.927     0.800000        10429         5.00
   22003.711     0.825000        10754         5.71
   23904.255     0.850000        11081         6.67
   25182.207     0.875000        11408         8.00
   25853.951     0.887500        11569         8.89
   26738.687     0.900000        11737        10.00
   27459.583     0.912500        11895        11.43
   28196.863     0.925000        12058        13.33
   29212.671     0.937500        12221        16.00
   29638.655     0.943750        12304        17.78
   29933.567     0.950000        12384        20.00
   30441.471     0.956250        12467        22.86
   30719.999     0.962500        12548        26.67
   31539.199     0.968750        12629        32.00
   31997.951     0.971875        12670        35.56
   32489.471     0.975000        12711        40.00
   33062.911     0.978125        12750        45.71
   33521.663     0.981250        12791        53.33
   34308.095     0.984375        12833        64.00
   34635.775     0.985938        12853        71.11
   34930.687     0.987500        12875        80.00
   35192.831     0.989062        12895        91.43
   35422.207     0.990625        12913       106.67
   35848.191     0.992188        12938       128.00
   35946.495     0.992969        12945       142.22
   36077.567     0.993750        12955       160.00
   36175.871     0.994531        12965       182.86
   36274.175     0.995313        12974       213.33
   36470.783     0.996094        12988       256.00
   36536.319     0.996484        12990       284.44
   36601.855     0.996875        12995       320.00
   36765.695     0.997266        13002       365.71
   36798.463     0.997656        13006       426.67
   36863.999     0.998047        13010       512.00
   36929.535     0.998242        13013       568.89
   36962.303     0.998437        13017       640.00
   36995.071     0.998633        13018       731.43
   37027.839     0.998828        13022       853.33
   37060.607     0.999023        13023      1024.00
   37093.375     0.999121        13025      1137.78
   37093.375     0.999219        13025      1280.00
   37158.911     0.999316        13027      1462.86
   37191.679     0.999414        13030      1706.67
   37191.679     0.999512        13030      2048.00
   37191.679     0.999561        13030      2275.56
   37191.679     0.999609        13030      2560.00
   37224.447     0.999658        13032      2925.71
   37224.447     0.999707        13032      3413.33
   37224.447     0.999756        13032      4096.00
   37257.215     0.999780        13034      4551.11
   37257.215     0.999805        13034      5120.00
   37257.215     0.999829        13034      5851.43
   37257.215     0.999854        13034      6826.67
   37257.215     0.999878        13034      8192.00
   37257.215     0.999890        13034      9102.22
   37257.215     0.999902        13034     10240.00
   37257.215     0.999915        13034     11702.86
   37289.983     0.999927        13035     13653.33
   37289.983     1.000000        13035          inf
#[Mean    =    13007.811, StdDeviation   =     8496.976]
#[Max     =    37257.216, Total count    =        13035]
#[Buckets =           27, SubBuckets     =         2048]
----------------------------------------------------------
  14216 requests in 2.00m, 207.89MB read
Requests/sec:    118.45
Transfer/sec:      1.73MB
