Running 2m test @ http://10.97.31.177:9080/productpage
  2 threads and 10 connections
  Thread calibration: mean lat.: 2076.273ms, rate sampling interval: 6655ms
  Thread calibration: mean lat.: 2191.416ms, rate sampling interval: 6930ms
  Thread Stats   Avg      Stdev     Max   +/- Stdev
    Latency    21.14s    10.88s   42.83s    58.39%
    Req/Sec    49.77      4.32    57.00     83.87%
  Latency Distribution (HdrHistogram - Recorded Latency)
 50.000%   19.05s 
 75.000%   31.15s 
 90.000%   36.80s 
 99.000%   41.68s 
 99.900%   42.76s 
 99.990%   42.83s 
 99.999%   42.86s 
100.000%   42.86s 

  Detailed Percentile spectrum:
       Value   Percentile   TotalCount 1/(1-Percentile)

    3389.439     0.000000            1         1.00
    7049.215     0.100000         1113         1.11
   10665.983     0.200000         2228         1.25
   13344.767     0.300000         3337         1.43
   16064.511     0.400000         4450         1.67
   19054.591     0.500000         5561         2.00
   21118.975     0.550000         6118         2.22
   23855.103     0.600000         6677         2.50
   26574.847     0.650000         7231         2.86
   28884.991     0.700000         7786         3.33
   31145.983     0.750000         8341         4.00
   32243.711     0.775000         8624         4.44
   33210.367     0.800000         8897         5.00
   34177.023     0.825000         9175         5.71
   35258.367     0.850000         9463         6.67
   36143.103     0.875000         9731         8.00
   36470.783     0.887500         9880         8.89
   36798.463     0.900000        10020        10.00
   37093.375     0.912500        10158        11.43
   37289.983     0.925000        10289        13.33
   37715.967     0.937500        10437        16.00
   37879.807     0.943750        10507        17.78
   38109.183     0.950000        10575        20.00
   38404.095     0.956250        10644        22.86
   38764.543     0.962500        10707        26.67
   39485.439     0.968750        10779        32.00
   39878.655     0.971875        10810        35.56
   40206.335     0.975000        10844        40.00
   40534.015     0.978125        10879        45.71
   40796.159     0.981250        10915        53.33
   41156.607     0.984375        10949        64.00
   41320.447     0.985938        10967        71.11
   41517.055     0.987500        10982        80.00
   41615.359     0.989062        11004        91.43
   41713.663     0.990625        11020       106.67
   41910.271     0.992188        11036       128.00
   41975.807     0.992969        11043       142.22
   42074.111     0.993750        11054       160.00
   42172.415     0.994531        11063       182.86
   42237.951     0.995313        11070       213.33
   42369.023     0.996094        11078       256.00
   42401.791     0.996484        11083       284.44
   42467.327     0.996875        11087       320.00
   42532.863     0.997266        11093       365.71
   42598.399     0.997656        11096       426.67
   42663.935     0.998047        11102       512.00
   42663.935     0.998242        11102       568.89
   42696.703     0.998437        11107       640.00
   42696.703     0.998633        11107       731.43
   42729.471     0.998828        11109       853.33
   42762.239     0.999023        11111      1024.00
   42795.007     0.999121        11116      1137.78
   42795.007     0.999219        11116      1280.00
   42795.007     0.999316        11116      1462.86
   42795.007     0.999414        11116      1706.67
   42795.007     0.999512        11116      2048.00
   42827.775     0.999561        11120      2275.56
   42827.775     0.999609        11120      2560.00
   42827.775     0.999658        11120      2925.71
   42827.775     0.999707        11120      3413.33
   42827.775     0.999756        11120      4096.00
   42827.775     0.999780        11120      4551.11
   42827.775     0.999805        11120      5120.00
   42827.775     0.999829        11120      5851.43
   42827.775     0.999854        11120      6826.67
   42827.775     0.999878        11120      8192.00
   42827.775     0.999890        11120      9102.22
   42827.775     0.999902        11120     10240.00
   42860.543     0.999915        11121     11702.86
   42860.543     1.000000        11121          inf
#[Mean    =    21137.077, StdDeviation   =    10881.803]
#[Max     =    42827.776, Total count    =        11121]
#[Buckets =           27, SubBuckets     =         2048]
----------------------------------------------------------
  12081 requests in 2.00m, 176.67MB read
Requests/sec:    100.66
Transfer/sec:      1.47MB
