Running 2m test @ http://10.97.31.177:9080/productpage
  2 threads and 10 connections
  Thread calibration: mean lat.: 245.077ms, rate sampling interval: 879ms
  Thread calibration: mean lat.: 138.359ms, rate sampling interval: 430ms
  Thread Stats   Avg      Stdev     Max   +/- Stdev
    Latency     5.39s     2.97s   11.23s    61.36%
    Req/Sec    47.04      5.94    67.00     75.53%
  Latency Distribution (HdrHistogram - Recorded Latency)
 50.000%    5.72s 
 75.000%    7.63s 
 90.000%    9.33s 
 99.000%   10.95s 
 99.900%   11.16s 
 99.990%   11.20s 
 99.999%   11.24s 
100.000%   11.24s 

  Detailed Percentile spectrum:
       Value   Percentile   TotalCount 1/(1-Percentile)

      48.767     0.000000            1         1.00
     865.791     0.100000         1043         1.11
    2318.335     0.200000         2084         1.25
    3868.671     0.300000         3125         1.43
    4976.639     0.400000         4170         1.67
    5722.111     0.500000         5212         2.00
    6008.831     0.550000         5731         2.22
    6164.479     0.600000         6252         2.50
    6459.391     0.650000         6775         2.86
    6983.679     0.700000         7292         3.33
    7630.847     0.750000         7816         4.00
    7884.799     0.775000         8074         4.44
    8126.463     0.800000         8341         5.00
    8388.607     0.825000         8594         5.71
    8773.631     0.850000         8858         6.67
    9035.775     0.875000         9116         8.00
    9183.231     0.887500         9251         8.89
    9330.687     0.900000         9378        10.00
    9658.367     0.912500         9509        11.43
    9871.359     0.925000         9635        13.33
   10158.079     0.937500         9768        16.00
   10248.191     0.943750         9831        17.78
   10305.535     0.950000         9903        20.00
   10346.495     0.956250         9969        22.86
   10387.455     0.962500        10026        26.67
   10444.799     0.968750        10095        32.00
   10477.567     0.971875        10130        35.56
   10551.295     0.975000        10162        40.00
   10592.255     0.978125        10189        45.71
   10657.791     0.981250        10222        53.33
   10772.479     0.984375        10254        64.00
   10903.551     0.985938        10271        71.11
   10928.127     0.987500        10288        80.00
   10944.511     0.989062        10305        91.43
   10969.087     0.990625        10321       106.67
   11001.855     0.992188        10336       128.00
   11018.239     0.992969        10343       142.22
   11034.623     0.993750        10354       160.00
   11042.815     0.994531        10362       182.86
   11059.199     0.995313        10370       213.33
   11083.775     0.996094        10376       256.00
   11091.967     0.996484        10380       284.44
   11100.159     0.996875        10384       320.00
   11116.543     0.997266        10389       365.71
   11124.735     0.997656        10396       426.67
   11124.735     0.998047        10396       512.00
   11132.927     0.998242        10398       568.89
   11141.119     0.998437        10403       640.00
   11141.119     0.998633        10403       731.43
   11149.311     0.998828        10404       853.33
   11157.503     0.999023        10406      1024.00
   11165.695     0.999121        10410      1137.78
   11165.695     0.999219        10410      1280.00
   11165.695     0.999316        10410      1462.86
   11165.695     0.999414        10410      1706.67
   11182.079     0.999512        10411      2048.00
   11190.271     0.999561        10412      2275.56
   11190.271     0.999609        10412      2560.00
   11198.463     0.999658        10415      2925.71
   11198.463     0.999707        10415      3413.33
   11198.463     0.999756        10415      4096.00
   11198.463     0.999780        10415      4551.11
   11198.463     0.999805        10415      5120.00
   11198.463     0.999829        10415      5851.43
   11198.463     0.999854        10415      6826.67
   11198.463     0.999878        10415      8192.00
   11198.463     0.999890        10415      9102.22
   11198.463     0.999902        10415     10240.00
   11239.423     0.999915        10416     11702.86
   11239.423     1.000000        10416          inf
#[Mean    =     5390.152, StdDeviation   =     2970.261]
#[Max     =    11231.232, Total count    =        10416]
#[Buckets =           27, SubBuckets     =         2048]
----------------------------------------------------------
  11397 requests in 2.00m, 166.67MB read
Requests/sec:     94.95
Transfer/sec:      1.39MB
