Running 2m test @ http://10.102.123.170:11000/a?value=1
  2 threads and 10 connections
  Thread calibration: mean lat.: 405.697ms, rate sampling interval: 2103ms
  Thread calibration: mean lat.: 328.753ms, rate sampling interval: 1120ms
  Thread Stats   Avg      Stdev     Max   +/- Stdev
    Latency   615.48ms    1.75s    9.41s    91.35%
    Req/Sec    74.27      1.85    80.00     89.33%
  Latency Distribution (HdrHistogram - Recorded Latency)
 50.000%   91.52ms
 75.000%  143.49ms
 90.000%  330.49ms
 99.000%    8.62s 
 99.900%    9.29s 
 99.990%    9.41s 
 99.999%    9.42s 
100.000%    9.42s 

  Detailed Percentile spectrum:
       Value   Percentile   TotalCount 1/(1-Percentile)

       9.847     0.000000            1         1.00
      50.911     0.100000         1639         1.11
      62.111     0.200000         3280         1.25
      71.167     0.300000         4924         1.43
      80.575     0.400000         6560         1.67
      91.519     0.500000         8197         2.00
      98.111     0.550000         9014         2.22
     106.431     0.600000         9842         2.50
     115.071     0.650000        10655         2.86
     127.487     0.700000        11472         3.33
     143.487     0.750000        12294         4.00
     153.855     0.775000        12702         4.44
     166.655     0.800000        13112         5.00
     178.303     0.825000        13521         5.71
     196.223     0.850000        13930         6.67
     222.207     0.875000        14340         8.00
     246.015     0.887500        14544         8.89
     332.031     0.900000        14749        10.00
    2336.767     0.912500        14954        11.43
    3151.871     0.925000        15158        13.33
    4153.343     0.937500        15364        16.00
    4800.511     0.943750        15466        17.78
    5148.671     0.950000        15568        20.00
    5947.391     0.956250        15671        22.86
    6754.303     0.962500        15773        26.67
    7196.671     0.968750        15875        32.00
    7270.399     0.971875        15927        35.56
    7438.335     0.975000        15979        40.00
    7892.991     0.978125        16031        45.71
    8015.871     0.981250        16080        53.33
    8171.519     0.984375        16133        64.00
    8241.151     0.985938        16158        71.11
    8413.183     0.987500        16184        80.00
    8544.255     0.989062        16209        91.43
    8716.287     0.990625        16234       106.67
    8806.399     0.992188        16260       128.00
    8839.167     0.992969        16272       142.22
    8929.279     0.993750        16285       160.00
    8994.815     0.994531        16298       182.86
    9068.543     0.995313        16312       213.33
    9084.927     0.996094        16323       256.00
    9093.119     0.996484        16331       284.44
    9109.503     0.996875        16338       320.00
    9117.695     0.997266        16344       365.71
    9125.887     0.997656        16349       426.67
    9158.655     0.998047        16356       512.00
    9183.231     0.998242        16360       568.89
    9191.423     0.998437        16363       640.00
    9215.999     0.998633        16365       731.43
    9265.151     0.998828        16369       853.33
    9289.727     0.999023        16371      1024.00
    9297.919     0.999121        16373      1137.78
    9314.303     0.999219        16376      1280.00
    9314.303     0.999316        16376      1462.86
    9371.647     0.999414        16378      1706.67
    9379.839     0.999512        16379      2048.00
    9396.223     0.999561        16381      2275.56
    9396.223     0.999609        16381      2560.00
    9404.415     0.999658        16384      2925.71
    9404.415     0.999707        16384      3413.33
    9404.415     0.999756        16384      4096.00
    9404.415     0.999780        16384      4551.11
    9404.415     0.999805        16384      5120.00
    9412.607     0.999829        16386      5851.43
    9412.607     0.999854        16386      6826.67
    9412.607     0.999878        16386      8192.00
    9412.607     0.999890        16386      9102.22
    9412.607     0.999902        16386     10240.00
    9412.607     0.999915        16386     11702.86
    9412.607     0.999927        16386     13653.33
    9412.607     0.999939        16386     16384.00
    9420.799     0.999945        16387     18204.44
    9420.799     1.000000        16387          inf
#[Mean    =      615.478, StdDeviation   =     1750.983]
#[Max     =     9412.608, Total count    =        16387]
#[Buckets =           27, SubBuckets     =         2048]
----------------------------------------------------------
  17851 requests in 2.00m, 4.22MB read
Requests/sec:    148.74
Transfer/sec:     36.03KB
