Running 2m test @ http://10.105.92.109:11003/d?value=1
  4 threads and 10 connections
  Thread calibration: mean lat.: 17.544ms, rate sampling interval: 45ms
  Thread calibration: mean lat.: 16.274ms, rate sampling interval: 41ms
  Thread calibration: mean lat.: 14.921ms, rate sampling interval: 42ms
  Thread calibration: mean lat.: 16.604ms, rate sampling interval: 42ms
  Thread Stats   Avg      Stdev     Max   +/- Stdev
    Latency    16.44ms    6.76ms  49.98ms   80.24%
    Req/Sec    37.46     16.15    88.00     88.68%
  Latency Distribution (HdrHistogram - Recorded Latency)
 50.000%   16.85ms
 75.000%   18.94ms
 90.000%   21.49ms
 99.000%   47.33ms
 99.900%   49.12ms
 99.990%   49.60ms
 99.999%   50.01ms
100.000%   50.01ms

  Detailed Percentile spectrum:
       Value   Percentile   TotalCount 1/(1-Percentile)

       2.941     0.000000            1         1.00
       6.243     0.100000         1650         1.11
      13.159     0.200000         3303         1.25
      14.815     0.300000         4955         1.43
      15.935     0.400000         6603         1.67
      16.847     0.500000         8270         2.00
      17.263     0.550000         9099         2.22
      17.631     0.600000         9906         2.50
      17.999     0.650000        10724         2.86
      18.415     0.700000        11550         3.33
      18.943     0.750000        12392         4.00
      19.263     0.775000        12794         4.44
      19.599     0.800000        13209         5.00
      19.951     0.825000        13622         5.71
      20.335     0.850000        14022         6.67
      20.847     0.875000        14437         8.00
      21.135     0.887500        14653         8.89
      21.487     0.900000        14851        10.00
      21.919     0.912500        15060        11.43
      22.495     0.925000        15260        13.33
      23.119     0.937500        15470        16.00
      23.519     0.943750        15571        17.78
      23.951     0.950000        15672        20.00
      24.319     0.956250        15778        22.86
      24.783     0.962500        15879        26.67
      25.455     0.968750        15982        32.00
      26.079     0.971875        16035        35.56
      27.231     0.975000        16084        40.00
      30.431     0.978125        16137        45.71
      46.431     0.981250        16189        53.33
      46.783     0.984375        16242        64.00
      46.943     0.985938        16267        71.11
      47.103     0.987500        16296        80.00
      47.231     0.989062        16319        91.43
      47.391     0.990625        16352       106.67
      47.519     0.992188        16370       128.00
      47.647     0.992969        16388       142.22
      47.711     0.993750        16397       160.00
      47.807     0.994531        16408       182.86
      47.903     0.995313        16419       213.33
      48.095     0.996094        16434       256.00
      48.223     0.996484        16441       284.44
      48.351     0.996875        16445       320.00
      48.415     0.997266        16455       365.71
      48.511     0.997656        16458       426.67
      48.671     0.998047        16464       512.00
      48.735     0.998242        16468       568.89
      48.831     0.998437        16471       640.00
      48.895     0.998633        16474       731.43
      49.055     0.998828        16477       853.33
      49.119     0.999023        16481      1024.00
      49.151     0.999121        16483      1137.78
      49.183     0.999219        16485      1280.00
      49.183     0.999316        16485      1462.86
      49.247     0.999414        16487      1706.67
      49.279     0.999512        16488      2048.00
      49.343     0.999561        16491      2275.56
      49.343     0.999609        16491      2560.00
      49.343     0.999658        16491      2925.71
      49.439     0.999707        16492      3413.33
      49.439     0.999756        16492      4096.00
      49.599     0.999780        16494      4551.11
      49.599     0.999805        16494      5120.00
      49.599     0.999829        16494      5851.43
      49.599     0.999854        16494      6826.67
      49.599     0.999878        16494      8192.00
      49.695     0.999890        16495      9102.22
      49.695     0.999902        16495     10240.00
      49.695     0.999915        16495     11702.86
      49.695     0.999927        16495     13653.33
      49.695     0.999939        16495     16384.00
      50.015     0.999945        16496     18204.44
      50.015     1.000000        16496          inf
#[Mean    =       16.439, StdDeviation   =        6.763]
#[Max     =       49.984, Total count    =        16496]
#[Buckets =           27, SubBuckets     =         2048]
----------------------------------------------------------
  18002 requests in 2.00m, 4.25MB read
Requests/sec:    150.00
Transfer/sec:     36.30KB
