Running 2m test @ http://10.105.92.109:11003/d?value=1
  4 threads and 10 connections
  Thread calibration: mean lat.: 20.684ms, rate sampling interval: 97ms
  Thread calibration: mean lat.: 21.024ms, rate sampling interval: 96ms
  Thread calibration: mean lat.: 24.138ms, rate sampling interval: 98ms
  Thread calibration: mean lat.: 25.003ms, rate sampling interval: 100ms
  Thread Stats   Avg      Stdev     Max   +/- Stdev
    Latency    23.18ms   18.38ms  86.08ms   43.50%
    Req/Sec    12.27      8.21    21.00     75.32%
  Latency Distribution (HdrHistogram - Recorded Latency)
 50.000%   17.74ms
 75.000%   46.75ms
 90.000%   49.47ms
 99.000%   51.97ms
 99.900%   53.25ms
 99.990%   54.14ms
 99.999%   86.14ms
100.000%   86.14ms

  Detailed Percentile spectrum:
       Value   Percentile   TotalCount 1/(1-Percentile)

       2.697     0.000000            1         1.00
       4.031     0.100000          551         1.11
       4.515     0.200000         1102         1.25
       5.183     0.300000         1650         1.43
      16.023     0.400000         2200         1.67
      17.743     0.500000         2751         2.00
      18.479     0.550000         3023         2.22
      19.455     0.600000         3299         2.50
      29.503     0.650000         3573         2.86
      45.119     0.700000         3851         3.33
      46.751     0.750000         4133         4.00
      47.167     0.775000         4261         4.44
      47.551     0.800000         4402         5.00
      47.967     0.825000         4541         5.71
      48.415     0.850000         4686         6.67
      48.863     0.875000         4815         8.00
      49.119     0.887500         4880         8.89
      49.471     0.900000         4953        10.00
      49.695     0.912500         5024        11.43
      49.919     0.925000         5088        13.33
      50.111     0.937500         5153        16.00
      50.303     0.943750         5191        17.78
      50.463     0.950000         5227        20.00
      50.687     0.956250         5259        22.86
      50.847     0.962500         5292        26.67
      51.039     0.968750         5327        32.00
      51.167     0.971875         5347        35.56
      51.263     0.975000         5359        40.00
      51.423     0.978125         5383        45.71
      51.487     0.981250         5393        53.33
      51.679     0.984375         5418        64.00
      51.711     0.985938         5419        71.11
      51.839     0.987500         5430        80.00
      51.935     0.989062         5440        91.43
      52.031     0.990625         5448       106.67
      52.095     0.992188         5457       128.00
      52.127     0.992969         5461       142.22
      52.159     0.993750         5462       160.00
      52.255     0.994531         5467       182.86
      52.447     0.995313         5471       213.33
      52.575     0.996094         5476       256.00
      52.607     0.996484         5478       284.44
      52.703     0.996875         5479       320.00
      52.735     0.997266         5481       365.71
      52.831     0.997656         5485       426.67
      52.863     0.998047         5486       512.00
      52.927     0.998242         5488       568.89
      52.927     0.998437         5488       640.00
      52.991     0.998633         5489       731.43
      53.183     0.998828         5490       853.33
      53.247     0.999023         5491      1024.00
      53.279     0.999121         5492      1137.78
      53.279     0.999219         5492      1280.00
      53.535     0.999316         5493      1462.86
      53.535     0.999414         5493      1706.67
      53.567     0.999512         5494      2048.00
      53.567     0.999561         5494      2275.56
      53.567     0.999609         5494      2560.00
      54.143     0.999658         5495      2925.71
      54.143     0.999707         5495      3413.33
      54.143     0.999756         5495      4096.00
      54.143     0.999780         5495      4551.11
      54.143     0.999805         5495      5120.00
      86.143     0.999829         5496      5851.43
      86.143     1.000000         5496          inf
#[Mean    =       23.177, StdDeviation   =       18.380]
#[Max     =       86.080, Total count    =         5496]
#[Buckets =           27, SubBuckets     =         2048]
----------------------------------------------------------
  6002 requests in 2.00m, 1.42MB read
Requests/sec:     50.01
Transfer/sec:     12.09KB
