Running 2m test @ http://10.105.92.109:11003/d?value=1
  4 threads and 10 connections
  Thread calibration: mean lat.: 12.202ms, rate sampling interval: 28ms
  Thread calibration: mean lat.: 12.647ms, rate sampling interval: 93ms
  Thread calibration: mean lat.: 17.427ms, rate sampling interval: 94ms
  Thread calibration: mean lat.: 12.063ms, rate sampling interval: 93ms
  Thread Stats   Avg      Stdev     Max   +/- Stdev
    Latency    13.60ms   14.04ms  52.22ms   86.82%
    Req/Sec    25.00     24.13    74.00     84.28%
  Latency Distribution (HdrHistogram - Recorded Latency)
 50.000%    6.14ms
 75.000%   16.03ms
 90.000%   46.53ms
 99.000%   49.41ms
 99.900%   51.52ms
 99.990%   52.06ms
 99.999%   52.26ms
100.000%   52.26ms

  Detailed Percentile spectrum:
       Value   Percentile   TotalCount 1/(1-Percentile)

       2.715     0.000000            1         1.00
       3.793     0.100000         1101         1.11
       4.151     0.200000         2210         1.25
       4.443     0.300000         3314         1.43
       4.783     0.400000         4399         1.67
       6.139     0.500000         5499         2.00
      11.263     0.550000         6055         2.22
      12.167     0.600000         6600         2.50
      12.831     0.650000         7156         2.86
      13.863     0.700000         7700         3.33
      16.031     0.750000         8252         4.00
      16.687     0.775000         8525         4.44
      17.247     0.800000         8798         5.00
      17.951     0.825000         9076         5.71
      18.943     0.850000         9350         6.67
      45.823     0.875000         9627         8.00
      46.239     0.887500         9764         8.89
      46.527     0.900000         9902        10.00
      46.751     0.912500        10042        11.43
      47.007     0.925000        10194        13.33
      47.263     0.937500        10317        16.00
      47.423     0.943750        10390        17.78
      47.551     0.950000        10455        20.00
      47.743     0.956250        10525        22.86
      47.935     0.962500        10594        26.67
      48.127     0.968750        10654        32.00
      48.287     0.971875        10695        35.56
      48.415     0.975000        10733        40.00
      48.511     0.978125        10760        45.71
      48.639     0.981250        10791        53.33
      48.863     0.984375        10829        64.00
      48.959     0.985938        10846        71.11
      49.119     0.987500        10863        80.00
      49.247     0.989062        10877        91.43
      49.503     0.990625        10894       106.67
      49.695     0.992188        10912       128.00
      49.791     0.992969        10921       142.22
      49.919     0.993750        10931       160.00
      50.047     0.994531        10938       182.86
      50.143     0.995313        10946       213.33
      50.431     0.996094        10958       256.00
      50.495     0.996484        10959       284.44
      50.719     0.996875        10964       320.00
      50.911     0.997266        10968       365.71
      51.167     0.997656        10972       426.67
      51.263     0.998047        10976       512.00
      51.295     0.998242        10978       568.89
      51.391     0.998437        10980       640.00
      51.423     0.998633        10983       731.43
      51.519     0.998828        10986       853.33
      51.615     0.999023        10987      1024.00
      51.647     0.999121        10989      1137.78
      51.647     0.999219        10989      1280.00
      51.679     0.999316        10990      1462.86
      51.743     0.999414        10992      1706.67
      51.743     0.999512        10992      2048.00
      51.775     0.999561        10993      2275.56
      51.775     0.999609        10993      2560.00
      51.839     0.999658        10994      2925.71
      51.839     0.999707        10994      3413.33
      51.903     0.999756        10995      4096.00
      51.903     0.999780        10995      4551.11
      51.903     0.999805        10995      5120.00
      52.063     0.999829        10996      5851.43
      52.063     0.999854        10996      6826.67
      52.063     0.999878        10996      8192.00
      52.063     0.999890        10996      9102.22
      52.063     0.999902        10996     10240.00
      52.255     0.999915        10997     11702.86
      52.255     1.000000        10997          inf
#[Mean    =       13.600, StdDeviation   =       14.045]
#[Max     =       52.224, Total count    =        10997]
#[Buckets =           27, SubBuckets     =         2048]
----------------------------------------------------------
  12004 requests in 2.00m, 2.83MB read
Requests/sec:    100.02
Transfer/sec:     24.16KB
