Running 2m test @ http://10.99.205.204:11000/a?value=1
  4 threads and 10 connections
  Thread calibration: mean lat.: 57.616ms, rate sampling interval: 144ms
  Thread calibration: mean lat.: 51.501ms, rate sampling interval: 135ms
  Thread calibration: mean lat.: 51.913ms, rate sampling interval: 127ms
  Thread calibration: mean lat.: 54.138ms, rate sampling interval: 140ms
  Thread Stats   Avg      Stdev     Max   +/- Stdev
    Latency    53.48ms   12.98ms  98.30ms   72.74%
    Req/Sec    11.89      4.39    22.00     87.91%
  Latency Distribution (HdrHistogram - Recorded Latency)
 50.000%   52.83ms
 75.000%   61.50ms
 90.000%   69.82ms
 99.000%   87.61ms
 99.900%   96.83ms
 99.990%   97.54ms
 99.999%   98.37ms
100.000%   98.37ms

  Detailed Percentile spectrum:
       Value   Percentile   TotalCount 1/(1-Percentile)

      15.983     0.000000            1         1.00
      39.263     0.100000          550         1.11
      44.031     0.200000         1102         1.25
      47.263     0.300000         1653         1.43
      50.143     0.400000         2202         1.67
      52.831     0.500000         2748         2.00
      54.335     0.550000         3034         2.22
      55.679     0.600000         3300         2.50
      57.215     0.650000         3574         2.86
      59.103     0.700000         3850         3.33
      61.503     0.750000         4125         4.00
      62.847     0.775000         4262         4.44
      63.935     0.800000         4398         5.00
      65.151     0.825000         4539         5.71
      66.495     0.850000         4672         6.67
      67.775     0.875000         4809         8.00
      68.799     0.887500         4878         8.89
      69.823     0.900000         4948        10.00
      70.975     0.912500         5017        11.43
      71.999     0.925000         5086        13.33
      73.215     0.937500         5156        16.00
      73.855     0.943750         5187        17.78
      74.623     0.950000         5222        20.00
      75.839     0.956250         5259        22.86
      77.055     0.962500         5290        26.67
      79.167     0.968750         5327        32.00
      80.255     0.971875         5342        35.56
      81.343     0.975000         5361        40.00
      82.687     0.978125         5376        45.71
      84.223     0.981250         5393        53.33
      85.311     0.984375         5411        64.00
      85.759     0.985938         5419        71.11
      86.463     0.987500         5429        80.00
      87.103     0.989062         5436        91.43
      88.127     0.990625         5445       106.67
      89.407     0.992188         5455       128.00
      89.727     0.992969         5460       142.22
      89.983     0.993750         5462       160.00
      90.623     0.994531         5466       182.86
      91.647     0.995313         5471       213.33
      91.903     0.996094         5475       256.00
      92.287     0.996484         5477       284.44
      92.607     0.996875         5479       320.00
      93.311     0.997266         5481       365.71
      93.887     0.997656         5484       426.67
      94.527     0.998047         5486       512.00
      95.039     0.998242         5488       568.89
      95.039     0.998437         5488       640.00
      95.807     0.998633         5489       731.43
      96.511     0.998828         5490       853.33
      96.831     0.999023         5491      1024.00
      96.895     0.999121         5492      1137.78
      96.895     0.999219         5492      1280.00
      97.151     0.999316         5493      1462.86
      97.151     0.999414         5493      1706.67
      97.279     0.999512         5494      2048.00
      97.279     0.999561         5494      2275.56
      97.279     0.999609         5494      2560.00
      97.535     0.999658         5495      2925.71
      97.535     0.999707         5495      3413.33
      97.535     0.999756         5495      4096.00
      97.535     0.999780         5495      4551.11
      97.535     0.999805         5495      5120.00
      98.367     0.999829         5496      5851.43
      98.367     1.000000         5496          inf
#[Mean    =       53.476, StdDeviation   =       12.983]
#[Max     =       98.304, Total count    =         5496]
#[Buckets =           27, SubBuckets     =         2048]
----------------------------------------------------------
  6000 requests in 2.00m, 1.42MB read
Requests/sec:     49.99
Transfer/sec:     12.11KB
