Running 2m test @ http://10.108.73.23:9080/productpage
  4 threads and 10 connections
  Thread calibration: mean lat.: 2109.429ms, rate sampling interval: 7573ms
  Thread calibration: mean lat.: 2218.412ms, rate sampling interval: 7008ms
  Thread calibration: mean lat.: 1806.043ms, rate sampling interval: 6586ms
  Thread calibration: mean lat.: 1923.686ms, rate sampling interval: 6619ms
  Thread Stats   Avg      Stdev     Max   +/- Stdev
    Latency    18.76s     9.33s   42.93s    64.44%
    Req/Sec    17.75      1.24    21.00     86.89%
  Latency Distribution (HdrHistogram - Recorded Latency)
 50.000%   18.35s 
 75.000%   24.61s 
 90.000%   32.44s 
 99.000%   40.63s 
 99.900%   42.76s 
 99.990%   42.93s 
 99.999%   42.96s 
100.000%   42.96s 

  Detailed Percentile spectrum:
       Value   Percentile   TotalCount 1/(1-Percentile)

    2961.407     0.000000            1         1.00
    6553.599     0.100000          797         1.11
    9527.295     0.200000         1597         1.25
   12607.487     0.300000         2393         1.43
   15548.415     0.400000         3189         1.67
   18350.079     0.500000         3986         2.00
   19726.335     0.550000         4383         2.22
   20922.367     0.600000         4783         2.50
   22216.703     0.650000         5184         2.86
   23527.423     0.700000         5586         3.33
   24608.767     0.750000         5979         4.00
   25313.279     0.775000         6177         4.44
   26230.783     0.800000         6376         5.00
   27197.439     0.825000         6576         5.71
   28786.687     0.850000         6774         6.67
   30507.007     0.875000         6974         8.00
   31490.047     0.887500         7074         8.89
   32456.703     0.900000         7174        10.00
   33456.127     0.912500         7274        11.43
   34340.863     0.925000         7373        13.33
   35356.671     0.937500         7473        16.00
   35717.119     0.943750         7522        17.78
   36372.479     0.950000         7572        20.00
   36798.463     0.956250         7623        22.86
   37224.447     0.962500         7671        26.67
   37912.575     0.968750         7724        32.00
   38174.719     0.971875         7747        35.56
   38633.471     0.975000         7772        40.00
   39059.455     0.978125         7795        45.71
   39550.975     0.981250         7820        53.33
   39976.959     0.984375         7845        64.00
   40173.567     0.985938         7857        71.11
   40370.175     0.987500         7870        80.00
   40534.015     0.989062         7883        91.43
   40861.695     0.990625         7896       106.67
   41254.911     0.992188         7907       128.00
   41418.751     0.992969         7913       142.22
   41517.055     0.993750         7920       160.00
   41582.591     0.994531         7926       182.86
   41680.895     0.995313         7933       213.33
   41811.967     0.996094         7938       256.00
   41844.735     0.996484         7942       284.44
   42041.343     0.996875         7945       320.00
   42139.647     0.997266         7948       365.71
   42270.719     0.997656         7952       426.67
   42434.559     0.998047         7954       512.00
   42467.327     0.998242         7955       568.89
   42565.631     0.998437         7957       640.00
   42696.703     0.998633         7959       731.43
   42762.239     0.998828         7961       853.33
   42795.007     0.999023         7963      1024.00
   42795.007     0.999121         7963      1137.78
   42795.007     0.999219         7963      1280.00
   42827.775     0.999316         7965      1462.86
   42827.775     0.999414         7965      1706.67
   42860.543     0.999512         7966      2048.00
   42860.543     0.999561         7966      2275.56
   42860.543     0.999609         7966      2560.00
   42893.311     0.999658         7967      2925.71
   42893.311     0.999707         7967      3413.33
   42926.079     0.999756         7968      4096.00
   42926.079     0.999780         7968      4551.11
   42926.079     0.999805         7968      5120.00
   42926.079     0.999829         7968      5851.43
   42926.079     0.999854         7968      6826.67
   42958.847     0.999878         7969      8192.00
   42958.847     1.000000         7969          inf
#[Mean    =    18755.944, StdDeviation   =     9331.184]
#[Max     =    42926.080, Total count    =         7969]
#[Buckets =           27, SubBuckets     =         2048]
----------------------------------------------------------
  8600 requests in 2.00m, 125.77MB read
Requests/sec:     71.65
Transfer/sec:      1.05MB
