Running 3m test @ http://10.105.92.109:11003/d?value=1
  4 threads and 10 connections
  Thread calibration: mean lat.: 18.719ms, rate sampling interval: 61ms
  Thread calibration: mean lat.: 16.851ms, rate sampling interval: 55ms
  Thread calibration: mean lat.: 17.718ms, rate sampling interval: 49ms
  Thread calibration: mean lat.: 18.221ms, rate sampling interval: 61ms
  Thread Stats   Avg      Stdev     Max   +/- Stdev
    Latency    17.32ms    8.22ms  48.10ms   62.56%
    Req/Sec    37.35     10.48    83.00     72.05%
  Latency Distribution (HdrHistogram - Recorded Latency)
 50.000%   15.83ms
 75.000%   24.67ms
 90.000%   28.50ms
 99.000%   32.08ms
 99.900%   34.56ms
 99.990%   40.48ms
 99.999%   48.13ms
100.000%   48.13ms

  Detailed Percentile spectrum:
       Value   Percentile   TotalCount 1/(1-Percentile)

       2.389     0.000000            1         1.00
       4.623     0.100000         2553         1.11
      11.159     0.200000         5109         1.25
      12.391     0.300000         7654         1.43
      13.783     0.400000        10200         1.67
      15.831     0.500000        12753         2.00
      17.231     0.550000        14033         2.22
      19.471     0.600000        15305         2.50
      22.095     0.650000        16586         2.86
      23.359     0.700000        17859         3.33
      24.671     0.750000        19124         4.00
      25.535     0.775000        19766         4.44
      26.159     0.800000        20416         5.00
      26.591     0.825000        21048         5.71
      27.071     0.850000        21677         6.67
      27.679     0.875000        22320         8.00
      28.063     0.887500        22635         8.89
      28.495     0.900000        22958        10.00
      28.975     0.912500        23271        11.43
      29.487     0.925000        23592        13.33
      29.887     0.937500        23912        16.00
      30.063     0.943750        24063        17.78
      30.287     0.950000        24243        20.00
      30.479     0.956250        24393        22.86
      30.703     0.962500        24546        26.67
      30.959     0.968750        24704        32.00
      31.087     0.971875        24781        35.56
      31.215     0.975000        24861        40.00
      31.359     0.978125        24947        45.71
      31.503     0.981250        25025        53.33
      31.679     0.984375        25102        64.00
      31.759     0.985938        25139        71.11
      31.887     0.987500        25184        80.00
      31.967     0.989062        25220        91.43
      32.143     0.990625        25258       106.67
      32.287     0.992188        25298       128.00
      32.383     0.992969        25324       142.22
      32.447     0.993750        25340       160.00
      32.543     0.994531        25361       182.86
      32.639     0.995313        25378       213.33
      32.799     0.996094        25399       256.00
      32.895     0.996484        25408       284.44
      32.991     0.996875        25420       320.00
      33.087     0.997266        25429       365.71
      33.247     0.997656        25438       426.67
      33.503     0.998047        25448       512.00
      33.695     0.998242        25454       568.89
      33.791     0.998437        25458       640.00
      33.855     0.998633        25463       731.43
      34.367     0.998828        25468       853.33
      34.847     0.999023        25473      1024.00
      35.007     0.999121        25475      1137.78
      35.551     0.999219        25478      1280.00
      35.679     0.999316        25480      1462.86
      36.127     0.999414        25483      1706.67
      36.895     0.999512        25485      2048.00
      36.959     0.999561        25486      2275.56
      37.343     0.999609        25488      2560.00
      37.439     0.999658        25489      2925.71
      37.631     0.999707        25490      3413.33
      37.887     0.999756        25491      4096.00
      39.327     0.999780        25492      4551.11
      40.415     0.999805        25493      5120.00
      40.415     0.999829        25493      5851.43
      40.479     0.999854        25494      6826.67
      40.479     0.999878        25494      8192.00
      41.439     0.999890        25495      9102.22
      41.439     0.999902        25495     10240.00
      41.439     0.999915        25495     11702.86
      41.919     0.999927        25496     13653.33
      41.919     0.999939        25496     16384.00
      41.919     0.999945        25496     18204.44
      41.919     0.999951        25496     20480.00
      41.919     0.999957        25496     23405.71
      48.127     0.999963        25497     27306.67
      48.127     1.000000        25497          inf
#[Mean    =       17.322, StdDeviation   =        8.221]
#[Max     =       48.096, Total count    =        25497]
#[Buckets =           27, SubBuckets     =         2048]
----------------------------------------------------------
  27004 requests in 3.00m, 6.38MB read
Requests/sec:    150.01
Transfer/sec:     36.29KB
