Running 3m test @ http://10.105.92.109:11003/d?value=1
  4 threads and 10 connections
  Thread calibration: mean lat.: 12.120ms, rate sampling interval: 27ms
  Thread calibration: mean lat.: 9.683ms, rate sampling interval: 53ms
  Thread calibration: mean lat.: 11.860ms, rate sampling interval: 42ms
  Thread calibration: mean lat.: 13.368ms, rate sampling interval: 32ms
  Thread Stats   Avg      Stdev     Max   +/- Stdev
    Latency    11.66ms    5.86ms  46.43ms   66.31%
    Req/Sec    37.67     25.24    76.00     58.40%
  Latency Distribution (HdrHistogram - Recorded Latency)
 50.000%   12.33ms
 75.000%   14.34ms
 90.000%   16.72ms
 99.000%   28.29ms
 99.900%   30.53ms
 99.990%   40.45ms
 99.999%   46.46ms
100.000%   46.46ms

  Detailed Percentile spectrum:
       Value   Percentile   TotalCount 1/(1-Percentile)

       2.421     0.000000            1         1.00
       4.079     0.100000         2556         1.11
       4.995     0.200000         5111         1.25
       8.871     0.300000         7651         1.43
      11.519     0.400000        10201         1.67
      12.327     0.500000        12748         2.00
      12.711     0.550000        14030         2.22
      13.079     0.600000        15298         2.50
      13.447     0.650000        16583         2.86
      13.863     0.700000        17851         3.33
      14.335     0.750000        19128         4.00
      14.591     0.775000        19763         4.44
      14.863     0.800000        20410         5.00
      15.175     0.825000        21040         5.71
      15.583     0.850000        21684         6.67
      16.079     0.875000        22312         8.00
      16.375     0.887500        22632         8.89
      16.719     0.900000        22948        10.00
      17.247     0.912500        23267        11.43
      17.983     0.925000        23586        13.33
      23.247     0.937500        23903        16.00
      25.599     0.943750        24068        17.78
      26.015     0.950000        24225        20.00
      26.303     0.956250        24381        22.86
      26.591     0.962500        24543        26.67
      26.863     0.968750        24702        32.00
      27.007     0.971875        24789        35.56
      27.119     0.975000        24867        40.00
      27.279     0.978125        24945        45.71
      27.471     0.981250        25018        53.33
      27.727     0.984375        25099        64.00
      27.887     0.985938        25142        71.11
      28.063     0.987500        25179        80.00
      28.207     0.989062        25223        91.43
      28.367     0.990625        25257       106.67
      28.527     0.992188        25298       128.00
      28.623     0.992969        25320       142.22
      28.703     0.993750        25341       160.00
      28.831     0.994531        25357       182.86
      28.959     0.995313        25380       213.33
      29.055     0.996094        25397       256.00
      29.151     0.996484        25408       284.44
      29.263     0.996875        25417       320.00
      29.359     0.997266        25429       365.71
      29.535     0.997656        25437       426.67
      29.775     0.998047        25448       512.00
      29.935     0.998242        25452       568.89
      30.063     0.998437        25458       640.00
      30.223     0.998633        25462       731.43
      30.415     0.998828        25468       853.33
      30.895     0.999023        25473      1024.00
      30.943     0.999121        25474      1137.78
      31.087     0.999219        25477      1280.00
      31.103     0.999316        25479      1462.86
      31.423     0.999414        25482      1706.67
      31.695     0.999512        25484      2048.00
      32.639     0.999561        25485      2275.56
      32.703     0.999609        25487      2560.00
      33.311     0.999658        25488      2925.71
      34.239     0.999707        25489      3413.33
      35.455     0.999756        25490      4096.00
      39.167     0.999780        25491      4551.11
      39.327     0.999805        25492      5120.00
      39.327     0.999829        25492      5851.43
      40.447     0.999854        25493      6826.67
      40.447     0.999878        25493      8192.00
      40.511     0.999890        25494      9102.22
      40.511     0.999902        25494     10240.00
      40.511     0.999915        25494     11702.86
      46.431     0.999927        25495     13653.33
      46.431     0.999939        25495     16384.00
      46.431     0.999945        25495     18204.44
      46.431     0.999951        25495     20480.00
      46.431     0.999957        25495     23405.71
      46.463     0.999963        25496     27306.67
      46.463     1.000000        25496          inf
#[Mean    =       11.656, StdDeviation   =        5.858]
#[Max     =       46.432, Total count    =        25496]
#[Buckets =           27, SubBuckets     =         2048]
----------------------------------------------------------
  27004 requests in 3.00m, 6.37MB read
Requests/sec:    150.01
Transfer/sec:     36.26KB
