Running 3m test @ http://10.105.92.109:11003/d?value=1
  4 threads and 10 connections
  Thread calibration: mean lat.: 18.804ms, rate sampling interval: 55ms
  Thread calibration: mean lat.: 18.414ms, rate sampling interval: 55ms
  Thread calibration: mean lat.: 19.088ms, rate sampling interval: 60ms
  Thread calibration: mean lat.: 16.699ms, rate sampling interval: 56ms
  Thread Stats   Avg      Stdev     Max   +/- Stdev
    Latency    16.83ms    9.05ms  54.53ms   51.38%
    Req/Sec    12.43     15.62    37.00     71.21%
  Latency Distribution (HdrHistogram - Recorded Latency)
 50.000%   15.12ms
 75.000%   26.21ms
 90.000%   28.75ms
 99.000%   32.22ms
 99.900%   39.52ms
 99.990%   51.68ms
 99.999%   54.56ms
100.000%   54.56ms

  Detailed Percentile spectrum:
       Value   Percentile   TotalCount 1/(1-Percentile)

       3.009     0.000000            1         1.00
       4.507     0.100000          852         1.11
       5.367     0.200000         1700         1.25
      11.887     0.300000         2554         1.43
      13.175     0.400000         3400         1.67
      15.119     0.500000         4248         2.00
      16.527     0.550000         4675         2.22
      18.271     0.600000         5098         2.50
      22.623     0.650000         5525         2.86
      24.815     0.700000         5951         3.33
      26.207     0.750000         6375         4.00
      26.671     0.775000         6596         4.44
      27.023     0.800000         6808         5.00
      27.391     0.825000         7019         5.71
      27.743     0.850000         7228         6.67
      28.239     0.875000         7440         8.00
      28.527     0.887500         7546         8.89
      28.751     0.900000         7657        10.00
      28.991     0.912500         7755        11.43
      29.311     0.925000         7861        13.33
      29.743     0.937500         7966        16.00
      29.999     0.943750         8019        17.78
      30.255     0.950000         8072        20.00
      30.479     0.956250         8129        22.86
      30.655     0.962500         8182        26.67
      30.863     0.968750         8232        32.00
      31.023     0.971875         8259        35.56
      31.199     0.975000         8284        40.00
      31.375     0.978125         8311        45.71
      31.615     0.981250         8340        53.33
      31.823     0.984375         8365        64.00
      31.935     0.985938         8379        71.11
      32.031     0.987500         8390        80.00
      32.111     0.989062         8404        91.43
      32.319     0.990625         8418       106.67
      32.463     0.992188         8433       128.00
      32.495     0.992969         8437       142.22
      32.623     0.993750         8443       160.00
      32.959     0.994531         8452       182.86
      33.119     0.995313         8458       213.33
      33.343     0.996094         8464       256.00
      33.567     0.996484         8468       284.44
      34.431     0.996875         8470       320.00
      35.231     0.997266         8473       365.71
      36.447     0.997656         8477       426.67
      37.631     0.998047         8480       512.00
      38.047     0.998242         8482       568.89
      38.111     0.998437         8483       640.00
      39.135     0.998633         8485       731.43
      39.487     0.998828         8487       853.33
      39.519     0.999023         8488      1024.00
      40.063     0.999121         8489      1137.78
      40.767     0.999219         8490      1280.00
      42.079     0.999316         8491      1462.86
      42.111     0.999414         8492      1706.67
      42.111     0.999512         8492      2048.00
      44.479     0.999561         8493      2275.56
      44.479     0.999609         8493      2560.00
      50.687     0.999658         8494      2925.71
      50.687     0.999707         8494      3413.33
      50.687     0.999756         8494      4096.00
      51.679     0.999780         8495      4551.11
      51.679     0.999805         8495      5120.00
      51.679     0.999829         8495      5851.43
      51.679     0.999854         8495      6826.67
      51.679     0.999878         8495      8192.00
      54.559     0.999890         8496      9102.22
      54.559     1.000000         8496          inf
#[Mean    =       16.833, StdDeviation   =        9.046]
#[Max     =       54.528, Total count    =         8496]
#[Buckets =           27, SubBuckets     =         2048]
----------------------------------------------------------
  9004 requests in 3.00m, 2.13MB read
Requests/sec:     50.02
Transfer/sec:     12.10KB
