Running 2m test @ http://10.99.205.204:11000/a?value=1
  4 threads and 10 connections
  Thread calibration: mean lat.: 311.919ms, rate sampling interval: 1724ms
  Thread calibration: mean lat.: 93.273ms, rate sampling interval: 423ms
  Thread calibration: mean lat.: 399.431ms, rate sampling interval: 1969ms
  Thread calibration: mean lat.: 343.172ms, rate sampling interval: 1913ms
  Thread Stats   Avg      Stdev     Max   +/- Stdev
    Latency     1.25s     1.25s    4.52s    75.74%
    Req/Sec    36.69      2.72    47.00     91.72%
  Latency Distribution (HdrHistogram - Recorded Latency)
 50.000%  677.38ms
 75.000%    2.45s 
 90.000%    3.22s 
 99.000%    4.24s 
 99.900%    4.49s 
 99.990%    4.51s 
 99.999%    4.52s 
100.000%    4.52s 

  Detailed Percentile spectrum:
       Value   Percentile   TotalCount 1/(1-Percentile)

       8.911     0.000000            1         1.00
      49.695     0.100000         1629         1.11
      78.079     0.200000         3258         1.25
     303.615     0.300000         4885         1.43
     494.847     0.400000         6513         1.67
     677.375     0.500000         8141         2.00
     843.263     0.550000         8958         2.22
    1096.703     0.600000         9772         2.50
    1451.007     0.650000        10583         2.86
    1976.319     0.700000        11397         3.33
    2449.407     0.750000        12214         4.00
    2627.583     0.775000        12618         4.44
    2715.647     0.800000        13033         5.00
    2762.751     0.825000        13440         5.71
    2850.815     0.850000        13845         6.67
    3074.047     0.875000        14246         8.00
    3151.871     0.887500        14451         8.89
    3217.407     0.900000        14654        10.00
    3258.367     0.912500        14858        11.43
    3416.063     0.925000        15062        13.33
    3508.223     0.937500        15269        16.00
    3561.471     0.943750        15371        17.78
    3596.287     0.950000        15474        20.00
    3627.007     0.956250        15571        22.86
    3688.447     0.962500        15675        26.67
    3743.743     0.968750        15774        32.00
    3815.423     0.971875        15824        35.56
    3878.911     0.975000        15875        40.00
    3969.023     0.978125        15928        45.71
    4020.223     0.981250        15978        53.33
    4085.759     0.984375        16027        64.00
    4175.871     0.985938        16054        71.11
    4192.255     0.987500        16079        80.00
    4210.687     0.989062        16103        91.43
    4255.743     0.990625        16130       106.67
    4280.319     0.992188        16156       128.00
    4296.703     0.992969        16168       142.22
    4313.087     0.993750        16181       160.00
    4333.567     0.994531        16192       182.86
    4395.007     0.995313        16208       213.33
    4411.391     0.996094        16218       256.00
    4419.583     0.996484        16228       284.44
    4423.679     0.996875        16231       320.00
    4435.967     0.997266        16238       365.71
    4452.351     0.997656        16243       426.67
    4472.831     0.998047        16250       512.00
    4481.023     0.998242        16254       568.89
    4485.119     0.998437        16256       640.00
    4489.215     0.998633        16259       731.43
    4493.311     0.998828        16266       853.33
    4493.311     0.999023        16266      1024.00
    4497.407     0.999121        16269      1137.78
    4497.407     0.999219        16269      1280.00
    4501.503     0.999316        16277      1462.86
    4501.503     0.999414        16277      1706.67
    4501.503     0.999512        16277      2048.00
    4501.503     0.999561        16277      2275.56
    4501.503     0.999609        16277      2560.00
    4501.503     0.999658        16277      2925.71
    4501.503     0.999707        16277      3413.33
    4505.599     0.999756        16278      4096.00
    4505.599     0.999780        16278      4551.11
    4505.599     0.999805        16278      5120.00
    4513.791     0.999829        16280      5851.43
    4513.791     0.999854        16280      6826.67
    4513.791     0.999878        16280      8192.00
    4513.791     0.999890        16280      9102.22
    4513.791     0.999902        16280     10240.00
    4513.791     0.999915        16280     11702.86
    4513.791     0.999927        16280     13653.33
    4521.983     0.999939        16281     16384.00
    4521.983     1.000000        16281          inf
#[Mean    =     1251.771, StdDeviation   =     1251.075]
#[Max     =     4517.888, Total count    =        16281]
#[Buckets =           27, SubBuckets     =         2048]
----------------------------------------------------------
  17719 requests in 2.00m, 4.19MB read
Requests/sec:    147.64
Transfer/sec:     35.75KB
