Running 2m test @ http://10.99.205.204:11000/a?value=1
  4 threads and 10 connections
  Thread calibration: mean lat.: 188.642ms, rate sampling interval: 677ms
  Thread calibration: mean lat.: 194.054ms, rate sampling interval: 751ms
  Thread calibration: mean lat.: 298.557ms, rate sampling interval: 1227ms
  Thread calibration: mean lat.: 158.618ms, rate sampling interval: 453ms
  Thread Stats   Avg      Stdev     Max   +/- Stdev
    Latency   553.17ms  693.56ms   3.39s    88.85%
    Req/Sec    24.53      2.23    35.00     85.29%
  Latency Distribution (HdrHistogram - Recorded Latency)
 50.000%  295.68ms
 75.000%  589.82ms
 90.000%    1.33s 
 99.000%    3.08s 
 99.900%    3.35s 
 99.990%    3.38s 
 99.999%    3.39s 
100.000%    3.39s 

  Detailed Percentile spectrum:
       Value   Percentile   TotalCount 1/(1-Percentile)

      10.167     0.000000            1         1.00
      95.231     0.100000         1098         1.11
     131.839     0.200000         2194         1.25
     171.903     0.300000         3289         1.43
     224.511     0.400000         4385         1.67
     295.679     0.500000         5480         2.00
     334.591     0.550000         6031         2.22
     375.039     0.600000         6576         2.50
     420.863     0.650000         7125         2.86
     486.655     0.700000         7671         3.33
     589.823     0.750000         8220         4.00
     655.359     0.775000         8494         4.44
     756.735     0.800000         8768         5.00
     862.719     0.825000         9041         5.71
     968.191     0.850000         9315         6.67
    1140.735     0.875000         9589         8.00
    1235.967     0.887500         9726         8.89
    1333.247     0.900000         9863        10.00
    1501.183     0.912500        10000        11.43
    1740.799     0.925000        10137        13.33
    2291.711     0.937500        10275        16.00
    2334.719     0.943750        10345        17.78
    2392.063     0.950000        10413        20.00
    2695.167     0.956250        10479        22.86
    2828.287     0.962500        10550        26.67
    2863.103     0.968750        10617        32.00
    2875.391     0.971875        10652        35.56
    2887.679     0.975000        10692        40.00
    2899.967     0.978125        10722        45.71
    2926.591     0.981250        10754        53.33
    2953.215     0.984375        10787        64.00
    2975.743     0.985938        10805        71.11
    3008.511     0.987500        10822        80.00
    3065.855     0.989062        10839        91.43
    3098.623     0.990625        10857       106.67
    3129.343     0.992188        10873       128.00
    3151.871     0.992969        10881       142.22
    3176.447     0.993750        10890       160.00
    3260.415     0.994531        10899       182.86
    3272.703     0.995313        10907       213.33
    3291.135     0.996094        10918       256.00
    3293.183     0.996484        10920       284.44
    3303.423     0.996875        10925       320.00
    3311.615     0.997266        10929       365.71
    3315.711     0.997656        10933       426.67
    3327.999     0.998047        10937       512.00
    3332.095     0.998242        10939       568.89
    3334.143     0.998437        10942       640.00
    3342.335     0.998633        10944       731.43
    3350.527     0.998828        10946       853.33
    3354.623     0.999023        10948      1024.00
    3360.767     0.999121        10950      1137.78
    3360.767     0.999219        10950      1280.00
    3362.815     0.999316        10951      1462.86
    3364.863     0.999414        10953      1706.67
    3364.863     0.999512        10953      2048.00
    3371.007     0.999561        10954      2275.56
    3371.007     0.999609        10954      2560.00
    3379.199     0.999658        10957      2925.71
    3379.199     0.999707        10957      3413.33
    3379.199     0.999756        10957      4096.00
    3379.199     0.999780        10957      4551.11
    3379.199     0.999805        10957      5120.00
    3379.199     0.999829        10957      5851.43
    3379.199     0.999854        10957      6826.67
    3379.199     0.999878        10957      8192.00
    3379.199     0.999890        10957      9102.22
    3379.199     0.999902        10957     10240.00
    3389.439     0.999915        10958     11702.86
    3389.439     1.000000        10958          inf
#[Mean    =      553.168, StdDeviation   =      693.563]
#[Max     =     3387.392, Total count    =        10958]
#[Buckets =           27, SubBuckets     =         2048]
----------------------------------------------------------
  11939 requests in 2.00m, 2.83MB read
Requests/sec:     99.48
Transfer/sec:     24.11KB
