Running 3m test @ http://10.99.205.204:11000/a?value=1
  4 threads and 10 connections
  Thread calibration: mean lat.: 51.919ms, rate sampling interval: 132ms
  Thread calibration: mean lat.: 46.515ms, rate sampling interval: 122ms
  Thread calibration: mean lat.: 47.618ms, rate sampling interval: 120ms
  Thread calibration: mean lat.: 47.798ms, rate sampling interval: 126ms
  Thread Stats   Avg      Stdev     Max   +/- Stdev
    Latency    48.94ms   11.48ms  96.32ms   69.23%
    Req/Sec    24.64      6.76    45.00     56.88%
  Latency Distribution (HdrHistogram - Recorded Latency)
 50.000%   48.19ms
 75.000%   56.16ms
 90.000%   64.25ms
 99.000%   77.44ms
 99.900%   85.89ms
 99.990%   92.29ms
 99.999%   96.38ms
100.000%   96.38ms

  Detailed Percentile spectrum:
       Value   Percentile   TotalCount 1/(1-Percentile)

       9.927     0.000000            1         1.00
      34.751     0.100000         1705         1.11
      39.775     0.200000         3402         1.25
      43.135     0.300000         5105         1.43
      45.791     0.400000         6818         1.67
      48.191     0.500000         8503         2.00
      49.535     0.550000         9364         2.22
      50.911     0.600000        10202         2.50
      52.351     0.650000        11055         2.86
      54.111     0.700000        11904         3.33
      56.159     0.750000        12763         4.00
      57.183     0.775000        13189         4.44
      58.335     0.800000        13602         5.00
      59.551     0.825000        14031         5.71
      60.895     0.850000        14458         6.67
      62.463     0.875000        14881         8.00
      63.327     0.887500        15089         8.89
      64.255     0.900000        15301        10.00
      65.343     0.912500        15517        11.43
      66.495     0.925000        15733        13.33
      67.775     0.937500        15942        16.00
      68.543     0.943750        16056        17.78
      69.311     0.950000        16158        20.00
      70.015     0.956250        16258        22.86
      70.719     0.962500        16370        26.67
      71.743     0.968750        16475        32.00
      72.191     0.971875        16526        35.56
      72.895     0.975000        16575        40.00
      73.599     0.978125        16635        45.71
      74.367     0.981250        16684        53.33
      75.519     0.984375        16737        64.00
      75.903     0.985938        16763        71.11
      76.607     0.987500        16790        80.00
      77.119     0.989062        16815        91.43
      77.631     0.990625        16841       106.67
      78.655     0.992188        16868       128.00
      79.231     0.992969        16881       142.22
      79.743     0.993750        16894       160.00
      80.255     0.994531        16909       182.86
      81.151     0.995313        16922       213.33
      81.727     0.996094        16935       256.00
      82.047     0.996484        16941       284.44
      82.367     0.996875        16947       320.00
      82.815     0.997266        16954       365.71
      83.519     0.997656        16961       426.67
      83.967     0.998047        16967       512.00
      84.479     0.998242        16971       568.89
      84.927     0.998437        16975       640.00
      85.183     0.998633        16977       731.43
      85.503     0.998828        16981       853.33
      86.015     0.999023        16985      1024.00
      86.079     0.999121        16986      1137.78
      86.143     0.999219        16988      1280.00
      86.591     0.999316        16989      1462.86
      87.167     0.999414        16991      1706.67
      88.127     0.999512        16992      2048.00
      89.279     0.999561        16993      2275.56
      89.663     0.999609        16994      2560.00
      89.983     0.999658        16996      2925.71
      89.983     0.999707        16996      3413.33
      89.983     0.999756        16996      4096.00
      90.047     0.999780        16997      4551.11
      90.047     0.999805        16997      5120.00
      92.287     0.999829        16998      5851.43
      92.287     0.999854        16998      6826.67
      92.287     0.999878        16998      8192.00
      92.543     0.999890        16999      9102.22
      92.543     0.999902        16999     10240.00
      92.543     0.999915        16999     11702.86
      92.543     0.999927        16999     13653.33
      92.543     0.999939        16999     16384.00
      96.383     0.999945        17000     18204.44
      96.383     1.000000        17000          inf
#[Mean    =       48.939, StdDeviation   =       11.483]
#[Max     =       96.320, Total count    =        17000]
#[Buckets =           27, SubBuckets     =         2048]
----------------------------------------------------------
  18000 requests in 3.00m, 4.26MB read
Requests/sec:     99.99
Transfer/sec:     24.22KB
