Running 2m test @ http://10.108.73.23:9080/productpage
  4 threads and 10 connections
  Thread calibration: mean lat.: 827.893ms, rate sampling interval: 2295ms
  Thread calibration: mean lat.: 689.435ms, rate sampling interval: 1889ms
  Thread calibration: mean lat.: 1020.244ms, rate sampling interval: 3082ms
  Thread calibration: mean lat.: 1036.634ms, rate sampling interval: 3049ms
  Thread Stats   Avg      Stdev     Max   +/- Stdev
    Latency     5.56s     3.49s   15.07s    77.38%
    Req/Sec    22.89      2.14    28.00     89.20%
  Latency Distribution (HdrHistogram - Recorded Latency)
 50.000%    4.58s 
 75.000%    6.87s 
 90.000%   11.92s 
 99.000%   14.56s 
 99.900%   14.93s 
 99.990%   15.05s 
 99.999%   15.07s 
100.000%   15.07s 

  Detailed Percentile spectrum:
       Value   Percentile   TotalCount 1/(1-Percentile)

    1013.759     0.000000            1         1.00
    2281.471     0.100000         1027         1.11
    2742.271     0.200000         2052         1.25
    3131.391     0.300000         3077         1.43
    3500.031     0.400000         4104         1.67
    4583.423     0.500000         5127         2.00
    5046.271     0.550000         5640         2.22
    5337.087     0.600000         6154         2.50
    5742.591     0.650000         6665         2.86
    6434.815     0.700000         7178         3.33
    6868.991     0.750000         7689         4.00
    7262.207     0.775000         7947         4.44
    7798.783     0.800000         8202         5.00
    8445.951     0.825000         8460         5.71
    9420.799     0.850000         8715         6.67
   10887.167     0.875000         8970         8.00
   11468.799     0.887500         9100         8.89
   11919.359     0.900000         9227        10.00
   12623.871     0.912500         9356        11.43
   12910.591     0.925000         9484        13.33
   13066.239     0.937500         9611        16.00
   13271.039     0.943750         9680        17.78
   13508.607     0.950000         9739        20.00
   13877.247     0.956250         9804        22.86
   13983.743     0.962500         9871        26.67
   14032.895     0.968750         9936        32.00
   14057.471     0.971875         9969        35.56
   14082.047     0.975000         9996        40.00
   14155.775     0.978125        10027        45.71
   14262.271     0.981250        10060        53.33
   14344.191     0.984375        10092        64.00
   14401.535     0.985938        10108        71.11
   14499.839     0.987500        10125        80.00
   14532.607     0.989062        10142        91.43
   14581.759     0.990625        10158       106.67
   14606.335     0.992188        10172       128.00
   14622.719     0.992969        10182       142.22
   14630.911     0.993750        10187       160.00
   14655.487     0.994531        10196       182.86
   14704.639     0.995313        10203       213.33
   14745.599     0.996094        10214       256.00
   14753.791     0.996484        10215       284.44
   14770.175     0.996875        10219       320.00
   14802.943     0.997266        10224       365.71
   14827.519     0.997656        10228       426.67
   14860.287     0.998047        10234       512.00
   14860.287     0.998242        10234       568.89
   14868.479     0.998437        10235       640.00
   14901.247     0.998633        10237       731.43
   14917.631     0.998828        10240       853.33
   14925.823     0.999023        10242      1024.00
   14925.823     0.999121        10242      1137.78
   14942.207     0.999219        10243      1280.00
   14950.399     0.999316        10244      1462.86
   14966.783     0.999414        10245      1706.67
   14999.551     0.999512        10246      2048.00
   15024.127     0.999561        10247      2275.56
   15024.127     0.999609        10247      2560.00
   15040.511     0.999658        10248      2925.71
   15040.511     0.999707        10248      3413.33
   15048.703     0.999756        10250      4096.00
   15048.703     0.999780        10250      4551.11
   15048.703     0.999805        10250      5120.00
   15048.703     0.999829        10250      5851.43
   15048.703     0.999854        10250      6826.67
   15048.703     0.999878        10250      8192.00
   15048.703     0.999890        10250      9102.22
   15048.703     0.999902        10250     10240.00
   15073.279     0.999915        10251     11702.86
   15073.279     1.000000        10251          inf
#[Mean    =     5558.557, StdDeviation   =     3494.825]
#[Max     =    15065.088, Total count    =        10251]
#[Buckets =           27, SubBuckets     =         2048]
----------------------------------------------------------
  11118 requests in 2.00m, 162.58MB read
Requests/sec:     92.64
Transfer/sec:      1.35MB
