Running 2m test @ http://10.108.73.23:9080/productpage
  4 threads and 10 connections
  Thread calibration: mean lat.: 164.134ms, rate sampling interval: 635ms
  Thread calibration: mean lat.: 291.930ms, rate sampling interval: 991ms
  Thread calibration: mean lat.: 130.672ms, rate sampling interval: 489ms
  Thread calibration: mean lat.: 211.222ms, rate sampling interval: 713ms
  Thread Stats   Avg      Stdev     Max   +/- Stdev
    Latency   162.27ms  153.18ms   1.10s    88.04%
    Req/Sec    19.60      1.62    25.00     93.95%
  Latency Distribution (HdrHistogram - Recorded Latency)
 50.000%  106.37ms
 75.000%  159.87ms
 90.000%  364.29ms
 99.000%  804.35ms
 99.900%  993.28ms
 99.990%    1.09s 
 99.999%    1.10s 
100.000%    1.10s 

  Detailed Percentile spectrum:
       Value   Percentile   TotalCount 1/(1-Percentile)

      23.231     0.000000            1         1.00
      65.663     0.100000          884         1.11
      73.727     0.200000         1765         1.25
      81.407     0.300000         2644         1.43
      94.207     0.400000         3523         1.67
     106.367     0.500000         4405         2.00
     112.831     0.550000         4843         2.22
     119.679     0.600000         5289         2.50
     129.279     0.650000         5722         2.86
     144.511     0.700000         6164         3.33
     159.999     0.750000         6608         4.00
     182.271     0.775000         6825         4.44
     197.631     0.800000         7044         5.00
     212.223     0.825000         7263         5.71
     251.647     0.850000         7483         6.67
     307.455     0.875000         7705         8.00
     336.127     0.887500         7814         8.89
     364.287     0.900000         7923        10.00
     404.735     0.912500         8033        11.43
     444.927     0.925000         8143        13.33
     492.031     0.937500         8253        16.00
     502.271     0.943750         8311        17.78
     514.303     0.950000         8363        20.00
     534.015     0.956250         8419        22.86
     552.959     0.962500         8474        26.67
     595.455     0.968750         8528        32.00
     605.183     0.971875         8556        35.56
     624.639     0.975000         8583        40.00
     664.063     0.978125         8612        45.71
     698.367     0.981250         8639        53.33
     725.503     0.984375         8666        64.00
     744.959     0.985938         8680        71.11
     767.487     0.987500         8693        80.00
     795.647     0.989062         8707        91.43
     808.447     0.990625         8721       106.67
     844.799     0.992188         8735       128.00
     856.575     0.992969         8743       142.22
     878.079     0.993750         8748       160.00
     891.391     0.994531         8755       182.86
     900.095     0.995313         8762       213.33
     908.799     0.996094         8769       256.00
     915.967     0.996484         8773       284.44
     922.111     0.996875         8776       320.00
     928.255     0.997266         8779       365.71
     946.687     0.997656         8784       426.67
     950.271     0.998047         8786       512.00
     953.855     0.998242         8788       568.89
     954.879     0.998437         8790       640.00
     959.487     0.998633         8791       731.43
     986.111     0.998828         8793       853.33
    1000.959     0.999023         8795      1024.00
    1006.591     0.999121         8796      1137.78
    1007.103     0.999219         8797      1280.00
    1007.103     0.999316         8797      1462.86
    1009.663     0.999414         8798      1706.67
    1049.599     0.999512         8799      2048.00
    1063.935     0.999561         8800      2275.56
    1063.935     0.999609         8800      2560.00
    1063.935     0.999658         8800      2925.71
    1084.415     0.999707         8801      3413.33
    1084.415     0.999756         8801      4096.00
    1089.535     0.999780         8802      4551.11
    1089.535     0.999805         8802      5120.00
    1089.535     0.999829         8802      5851.43
    1089.535     0.999854         8802      6826.67
    1089.535     0.999878         8802      8192.00
    1098.751     0.999890         8803      9102.22
    1098.751     1.000000         8803          inf
#[Mean    =      162.270, StdDeviation   =      153.180]
#[Max     =     1097.728, Total count    =         8803]
#[Buckets =           27, SubBuckets     =         2048]
----------------------------------------------------------
  9598 requests in 2.00m, 140.36MB read
Requests/sec:     79.97
Transfer/sec:      1.17MB
