Running 2m test @ http://10.102.123.170:11000/a?value=1
  2 threads and 10 connections
  Thread calibration: mean lat.: 1076.450ms, rate sampling interval: 3977ms
  Thread calibration: mean lat.: 482.225ms, rate sampling interval: 1525ms
  Thread Stats   Avg      Stdev     Max   +/- Stdev
    Latency     1.35s     3.99s   24.12s    92.88%
    Req/Sec    49.08      2.18    55.00     87.88%
  Latency Distribution (HdrHistogram - Recorded Latency)
 50.000%  247.29ms
 75.000%  449.02ms
 90.000%  920.06ms
 99.000%   21.04s 
 99.900%   23.64s 
 99.990%   24.00s 
 99.999%   24.13s 
100.000%   24.13s 

  Detailed Percentile spectrum:
       Value   Percentile   TotalCount 1/(1-Percentile)

      12.895     0.000000            1         1.00
      90.751     0.100000         1083         1.11
     125.375     0.200000         2163         1.25
     157.823     0.300000         3247         1.43
     198.527     0.400000         4328         1.67
     247.295     0.500000         5409         2.00
     276.991     0.550000         5953         2.22
     310.783     0.600000         6489         2.50
     347.391     0.650000         7031         2.86
     392.191     0.700000         7571         3.33
     449.023     0.750000         8112         4.00
     479.999     0.775000         8382         4.44
     520.703     0.800000         8652         5.00
     564.735     0.825000         8924         5.71
     629.759     0.850000         9196         6.67
     737.791     0.875000         9464         8.00
     809.983     0.887500         9599         8.89
     920.063     0.900000         9735        10.00
    1017.343     0.912500         9869        11.43
    4440.063     0.925000        10004        13.33
    7737.343     0.937500        10140        16.00
    9371.647     0.943750        10207        17.78
   11132.927     0.950000        10275        20.00
   12410.879     0.956250        10342        22.86
   14123.007     0.962500        10410        26.67
   16203.775     0.968750        10478        32.00
   16908.287     0.971875        10511        35.56
   17514.495     0.975000        10545        40.00
   18513.919     0.978125        10581        45.71
   19333.119     0.981250        10614        53.33
   19972.095     0.984375        10651        64.00
   20168.703     0.985938        10663        71.11
   20692.991     0.987500        10683        80.00
   20955.135     0.989062        10697        91.43
   21086.207     0.990625        10715       106.67
   21577.727     0.992188        10731       128.00
   21790.719     0.992969        10740       142.22
   22216.703     0.993750        10748       160.00
   22413.311     0.994531        10759       182.86
   22609.919     0.995313        10765       213.33
   22806.527     0.996094        10773       256.00
   22970.367     0.996484        10777       284.44
   23101.439     0.996875        10782       320.00
   23232.511     0.997266        10787       365.71
   23363.583     0.997656        10791       426.67
   23478.271     0.998047        10795       512.00
   23527.423     0.998242        10796       568.89
   23576.575     0.998437        10801       640.00
   23576.575     0.998633        10801       731.43
   23592.959     0.998828        10803       853.33
   23674.879     0.999023        10805      1024.00
   23773.183     0.999121        10806      1137.78
   23855.103     0.999219        10807      1280.00
   23871.487     0.999316        10808      1462.86
   23904.255     0.999414        10809      1706.67
   23920.639     0.999512        10811      2048.00
   23920.639     0.999561        10811      2275.56
   23920.639     0.999609        10811      2560.00
   23953.407     0.999658        10812      2925.71
   23953.407     0.999707        10812      3413.33
   23986.175     0.999756        10813      4096.00
   23986.175     0.999780        10813      4551.11
   23986.175     0.999805        10813      5120.00
   24002.559     0.999829        10814      5851.43
   24002.559     0.999854        10814      6826.67
   24002.559     0.999878        10814      8192.00
   24002.559     0.999890        10814      9102.22
   24002.559     0.999902        10814     10240.00
   24133.631     0.999915        10815     11702.86
   24133.631     1.000000        10815          inf
#[Mean    =     1354.062, StdDeviation   =     3988.371]
#[Max     =    24117.248, Total count    =        10815]
#[Buckets =           27, SubBuckets     =         2048]
----------------------------------------------------------
  11741 requests in 2.00m, 2.78MB read
Requests/sec:     97.82
Transfer/sec:     23.73KB
