Running 2m test @ http://10.102.123.170:11000/a?value=1
  2 threads and 10 connections
  Thread calibration: mean lat.: 609.592ms, rate sampling interval: 2926ms
  Thread calibration: mean lat.: 1389.239ms, rate sampling interval: 4313ms
  Thread Stats   Avg      Stdev     Max   +/- Stdev
    Latency     8.05s     6.32s   22.58s    57.91%
    Req/Sec    65.94      4.30    73.00     75.81%
  Latency Distribution (HdrHistogram - Recorded Latency)
 50.000%    7.79s 
 75.000%   12.82s 
 90.000%   17.24s 
 99.000%   21.71s 
 99.900%   22.48s 
 99.990%   22.54s 
 99.999%   22.59s 
100.000%   22.59s 

  Detailed Percentile spectrum:
       Value   Percentile   TotalCount 1/(1-Percentile)

      14.743     0.000000            1         1.00
      48.959     0.100000         1447         1.11
     140.799     0.200000         2892         1.25
    3819.519     0.300000         4338         1.43
    5545.983     0.400000         5785         1.67
    7794.687     0.500000         7232         2.00
    8806.399     0.550000         7959         2.22
    9641.983     0.600000         8677         2.50
   10551.295     0.650000         9400         2.86
   11714.559     0.700000        10125         3.33
   12820.479     0.750000        10847         4.00
   13533.183     0.775000        11208         4.44
   14057.471     0.800000        11570         5.00
   14508.031     0.825000        11930         5.71
   15466.495     0.850000        12293         6.67
   16293.887     0.875000        12657         8.00
   16695.295     0.887500        12837         8.89
   17235.967     0.900000        13015        10.00
   17776.639     0.912500        13195        11.43
   18186.239     0.925000        13377        13.33
   18710.527     0.937500        13558        16.00
   18907.135     0.943750        13646        17.78
   19234.815     0.950000        13741        20.00
   19513.343     0.956250        13833        22.86
   19726.335     0.962500        13921        26.67
   20086.783     0.968750        14011        32.00
   20234.239     0.971875        14055        35.56
   20414.463     0.975000        14098        40.00
   20611.071     0.978125        14143        45.71
   20955.135     0.981250        14188        53.33
   21282.815     0.984375        14235        64.00
   21413.887     0.985938        14257        71.11
   21495.807     0.987500        14282        80.00
   21659.647     0.989062        14303        91.43
   21741.567     0.990625        14324       106.67
   21856.255     0.992188        14348       128.00
   21954.559     0.992969        14363       142.22
   21970.943     0.993750        14378       160.00
   21987.327     0.994531        14390       182.86
   22003.711     0.995313        14398       213.33
   22020.095     0.996094        14403       256.00
   22216.703     0.996484        14410       284.44
   22233.087     0.996875        14414       320.00
   22380.543     0.997266        14423       365.71
   22396.927     0.997656        14433       426.67
   22396.927     0.998047        14433       512.00
   22413.311     0.998242        14438       568.89
   22413.311     0.998437        14438       640.00
   22429.695     0.998633        14440       731.43
   22462.463     0.998828        14444       853.33
   22478.847     0.999023        14445      1024.00
   22495.231     0.999121        14447      1137.78
   22511.615     0.999219        14452      1280.00
   22511.615     0.999316        14452      1462.86
   22511.615     0.999414        14452      1706.67
   22511.615     0.999512        14452      2048.00
   22527.999     0.999561        14455      2275.56
   22527.999     0.999609        14455      2560.00
   22527.999     0.999658        14455      2925.71
   22527.999     0.999707        14455      3413.33
   22544.383     0.999756        14458      4096.00
   22544.383     0.999780        14458      4551.11
   22544.383     0.999805        14458      5120.00
   22544.383     0.999829        14458      5851.43
   22544.383     0.999854        14458      6826.67
   22544.383     0.999878        14458      8192.00
   22544.383     0.999890        14458      9102.22
   22544.383     0.999902        14458     10240.00
   22544.383     0.999915        14458     11702.86
   22544.383     0.999927        14458     13653.33
   22593.535     0.999939        14459     16384.00
   22593.535     1.000000        14459          inf
#[Mean    =     8048.761, StdDeviation   =     6320.142]
#[Max     =    22577.152, Total count    =        14459]
#[Buckets =           27, SubBuckets     =         2048]
----------------------------------------------------------
  15729 requests in 2.00m, 3.72MB read
Requests/sec:    131.06
Transfer/sec:     31.78KB
