Running 2m test @ http://10.102.123.170:11000/a?value=1
  2 threads and 10 connections
  Thread calibration: mean lat.: 78.581ms, rate sampling interval: 305ms
  Thread calibration: mean lat.: 444.131ms, rate sampling interval: 2193ms
  Thread Stats   Avg      Stdev     Max   +/- Stdev
    Latency     1.71s     4.00s   17.51s    87.10%
    Req/Sec    49.30      3.52    62.00     85.37%
  Latency Distribution (HdrHistogram - Recorded Latency)
 50.000%   71.61ms
 75.000%  132.61ms
 90.000%    8.44s 
 99.000%   16.17s 
 99.900%   17.30s 
 99.990%   17.50s 
 99.999%   17.53s 
100.000%   17.53s 

  Detailed Percentile spectrum:
       Value   Percentile   TotalCount 1/(1-Percentile)

       8.655     0.000000            1         1.00
      36.191     0.100000         1073         1.11
      38.431     0.200000         2163         1.25
      40.991     0.300000         3214         1.43
      47.679     0.400000         4281         1.67
      71.615     0.500000         5355         2.00
      76.991     0.550000         5889         2.22
      82.687     0.600000         6422         2.50
     101.631     0.650000         6957         2.86
     115.071     0.700000         7494         3.33
     132.607     0.750000         8027         4.00
     150.399     0.775000         8295         4.44
     186.239     0.800000         8561         5.00
    1686.527     0.825000         8829         5.71
    4016.127     0.850000         9096         6.67
    6041.599     0.875000         9364         8.00
    7094.271     0.887500         9498         8.89
    8437.759     0.900000         9632        10.00
    9625.599     0.912500         9765        11.43
   10649.599     0.925000         9899        13.33
   11476.991     0.937500        10033        16.00
   12050.431     0.943750        10100        17.78
   12484.607     0.950000        10166        20.00
   12984.319     0.956250        10234        22.86
   13615.103     0.962500        10301        26.67
   14204.927     0.968750        10368        32.00
   14639.103     0.971875        10401        35.56
   14884.863     0.975000        10435        40.00
   15040.511     0.978125        10468        45.71
   15491.071     0.981250        10502        53.33
   15605.759     0.984375        10537        64.00
   15630.335     0.985938        10551        71.11
   15769.599     0.987500        10568        80.00
   16097.279     0.989062        10584        91.43
   16334.847     0.990625        10601       106.67
   16670.719     0.992188        10618       128.00
   16744.447     0.992969        10627       142.22
   16777.215     0.993750        10635       160.00
   16891.903     0.994531        10644       182.86
   16973.823     0.995313        10652       213.33
   17104.895     0.996094        10662       256.00
   17121.279     0.996484        10666       284.44
   17137.663     0.996875        10668       320.00
   17154.047     0.997266        10676       365.71
   17154.047     0.997656        10676       426.67
   17186.815     0.998047        10682       512.00
   17203.199     0.998242        10685       568.89
   17203.199     0.998437        10685       640.00
   17285.119     0.998633        10687       731.43
   17301.503     0.998828        10690       853.33
   17334.271     0.999023        10692      1024.00
   17334.271     0.999121        10692      1137.78
   17350.655     0.999219        10695      1280.00
   17350.655     0.999316        10695      1462.86
   17350.655     0.999414        10695      1706.67
   17367.039     0.999512        10696      2048.00
   17383.423     0.999561        10697      2275.56
   17383.423     0.999609        10697      2560.00
   17399.807     0.999658        10698      2925.71
   17399.807     0.999707        10698      3413.33
   17448.959     0.999756        10699      4096.00
   17448.959     0.999780        10699      4551.11
   17448.959     0.999805        10699      5120.00
   17498.111     0.999829        10700      5851.43
   17498.111     0.999854        10700      6826.67
   17498.111     0.999878        10700      8192.00
   17498.111     0.999890        10700      9102.22
   17498.111     0.999902        10700     10240.00
   17530.879     0.999915        10701     11702.86
   17530.879     1.000000        10701          inf
#[Mean    =     1708.705, StdDeviation   =     4001.973]
#[Max     =    17514.496, Total count    =        10701]
#[Buckets =           27, SubBuckets     =         2048]
----------------------------------------------------------
  11668 requests in 2.00m, 2.76MB read
Requests/sec:     97.21
Transfer/sec:     23.57KB
