Running 2m test @ http://10.97.31.177:9080/productpage
  2 threads and 10 connections
  Thread calibration: mean lat.: 80.500ms, rate sampling interval: 483ms
  Thread calibration: mean lat.: 74.575ms, rate sampling interval: 427ms
  Thread Stats   Avg      Stdev     Max   +/- Stdev
    Latency     1.33s     2.60s   10.86s    83.74%
    Req/Sec    49.24      8.93    91.00     79.34%
  Latency Distribution (HdrHistogram - Recorded Latency)
 50.000%   52.90ms
 75.000%  944.64ms
 90.000%    5.95s 
 99.000%    9.85s 
 99.900%   10.76s 
 99.990%   10.86s 
 99.999%   10.87s 
100.000%   10.87s 

  Detailed Percentile spectrum:
       Value   Percentile   TotalCount 1/(1-Percentile)

       8.575     0.000000            1         1.00
      12.695     0.100000         1096         1.11
      14.663     0.200000         2188         1.25
      17.151     0.300000         3286         1.43
      20.527     0.400000         4375         1.67
      52.895     0.500000         5469         2.00
      57.663     0.550000         6019         2.22
      61.855     0.600000         6565         2.50
      69.183     0.650000         7111         2.86
     160.127     0.700000         7656         3.33
     944.639     0.750000         8203         4.00
    1346.559     0.775000         8477         4.44
    2047.999     0.800000         8750         5.00
    3235.839     0.825000         9024         5.71
    4325.375     0.850000         9297         6.67
    5234.687     0.875000         9571         8.00
    5570.559     0.887500         9709         8.89
    5947.391     0.900000         9845        10.00
    6426.623     0.912500         9981        11.43
    6897.663     0.925000        10117        13.33
    7344.127     0.937500        10257        16.00
    7544.831     0.943750        10322        17.78
    7737.343     0.950000        10392        20.00
    8056.831     0.956250        10459        22.86
    8343.551     0.962500        10527        26.67
    8626.175     0.968750        10596        32.00
    8773.631     0.971875        10630        35.56
    9035.775     0.975000        10664        40.00
    9256.959     0.978125        10698        45.71
    9363.455     0.981250        10732        53.33
    9469.951     0.984375        10767        64.00
    9560.063     0.985938        10784        71.11
    9764.863     0.987500        10805        80.00
    9846.783     0.989062        10822        91.43
    9887.743     0.990625        10838       106.67
    9994.239     0.992188        10853       128.00
   10092.543     0.992969        10861       142.22
   10215.423     0.993750        10869       160.00
   10280.959     0.994531        10878       182.86
   10338.303     0.995313        10886       213.33
   10444.799     0.996094        10896       256.00
   10469.375     0.996484        10899       284.44
   10493.951     0.996875        10903       320.00
   10534.911     0.997266        10908       365.71
   10567.679     0.997656        10913       426.67
   10649.599     0.998047        10917       512.00
   10657.791     0.998242        10919       568.89
   10690.559     0.998437        10920       640.00
   10731.519     0.998633        10924       731.43
   10756.095     0.998828        10925       853.33
   10788.863     0.999023        10927      1024.00
   10797.055     0.999121        10928      1137.78
   10805.247     0.999219        10929      1280.00
   10829.823     0.999316        10931      1462.86
   10829.823     0.999414        10931      1706.67
   10838.015     0.999512        10932      2048.00
   10846.207     0.999561        10934      2275.56
   10846.207     0.999609        10934      2560.00
   10846.207     0.999658        10934      2925.71
   10846.207     0.999707        10934      3413.33
   10854.399     0.999756        10935      4096.00
   10854.399     0.999780        10935      4551.11
   10854.399     0.999805        10935      5120.00
   10862.591     0.999829        10936      5851.43
   10862.591     0.999854        10936      6826.67
   10862.591     0.999878        10936      8192.00
   10862.591     0.999890        10936      9102.22
   10862.591     0.999902        10936     10240.00
   10870.783     0.999915        10937     11702.86
   10870.783     1.000000        10937          inf
#[Mean    =     1333.765, StdDeviation   =     2601.158]
#[Max     =    10862.592, Total count    =        10937]
#[Buckets =           27, SubBuckets     =         2048]
----------------------------------------------------------
  11942 requests in 2.00m, 174.65MB read
Requests/sec:     99.50
Transfer/sec:      1.46MB
