Running 2m test @ http://10.105.92.109:11003/d?value=1
  4 threads and 10 connections
  Thread calibration: mean lat.: 10.611ms, rate sampling interval: 32ms
  Thread calibration: mean lat.: 14.038ms, rate sampling interval: 34ms
  Thread calibration: mean lat.: 6.133ms, rate sampling interval: 16ms
  Thread calibration: mean lat.: 8.645ms, rate sampling interval: 25ms
  Thread Stats   Avg      Stdev     Max   +/- Stdev
    Latency     9.85ms    4.38ms  39.36ms   60.64%
    Req/Sec    12.71     28.89   133.00     86.73%
  Latency Distribution (HdrHistogram - Recorded Latency)
 50.000%    9.01ms
 75.000%   13.37ms
 90.000%   15.61ms
 99.000%   20.14ms
 99.900%   29.10ms
 99.990%   32.14ms
 99.999%   39.39ms
100.000%   39.39ms

  Detailed Percentile spectrum:
       Value   Percentile   TotalCount 1/(1-Percentile)

       2.593     0.000000            1         1.00
       4.471     0.100000          551         1.11
       5.387     0.200000         1102         1.25
       6.811     0.300000         1650         1.43
       7.779     0.400000         2199         1.67
       9.007     0.500000         2748         2.00
      10.151     0.550000         3027         2.22
      11.151     0.600000         3300         2.50
      11.983     0.650000         3573         2.86
      12.735     0.700000         3850         3.33
      13.367     0.750000         4126         4.00
      13.687     0.775000         4260         4.44
      14.087     0.800000         4398         5.00
      14.383     0.825000         4535         5.71
      14.735     0.850000         4673         6.67
      15.095     0.875000         4809         8.00
      15.375     0.887500         4879         8.89
      15.623     0.900000         4949        10.00
      15.887     0.912500         5019        11.43
      16.223     0.925000         5085        13.33
      16.479     0.937500         5154        16.00
      16.671     0.943750         5189        17.78
      16.895     0.950000         5222        20.00
      17.151     0.956250         5256        22.86
      17.519     0.962500         5291        26.67
      17.935     0.968750         5326        32.00
      18.143     0.971875         5343        35.56
      18.335     0.975000         5360        40.00
      18.559     0.978125         5376        45.71
      18.895     0.981250         5393        53.33
      19.263     0.984375         5411        64.00
      19.407     0.985938         5419        71.11
      19.567     0.987500         5429        80.00
      19.807     0.989062         5436        91.43
      20.223     0.990625         5445       106.67
      20.687     0.992188         5454       128.00
      21.055     0.992969         5458       142.22
      21.231     0.993750         5462       160.00
      21.791     0.994531         5466       182.86
      22.143     0.995313         5471       213.33
      22.719     0.996094         5475       256.00
      23.135     0.996484         5477       284.44
      23.455     0.996875         5479       320.00
      23.871     0.997266         5481       365.71
      24.895     0.997656         5484       426.67
      25.455     0.998047         5486       512.00
      25.807     0.998242         5487       568.89
      26.047     0.998437         5488       640.00
      26.335     0.998633         5489       731.43
      26.991     0.998828         5490       853.33
      29.103     0.999023         5491      1024.00
      30.111     0.999121         5492      1137.78
      30.111     0.999219         5492      1280.00
      30.703     0.999316         5493      1462.86
      30.703     0.999414         5493      1706.67
      31.103     0.999512         5494      2048.00
      31.103     0.999561         5494      2275.56
      31.103     0.999609         5494      2560.00
      32.143     0.999658         5495      2925.71
      32.143     0.999707         5495      3413.33
      32.143     0.999756         5495      4096.00
      32.143     0.999780         5495      4551.11
      32.143     0.999805         5495      5120.00
      39.391     0.999829         5496      5851.43
      39.391     1.000000         5496          inf
#[Mean    =        9.849, StdDeviation   =        4.376]
#[Max     =       39.360, Total count    =         5496]
#[Buckets =           27, SubBuckets     =         2048]
----------------------------------------------------------
  6004 requests in 2.00m, 1.42MB read
Requests/sec:     50.03
Transfer/sec:     12.08KB
