Running 2m test @ http://10.105.92.109:11003/d?value=1
  4 threads and 10 connections
  Thread calibration: mean lat.: 8.866ms, rate sampling interval: 27ms
  Thread calibration: mean lat.: 9.128ms, rate sampling interval: 29ms
  Thread calibration: mean lat.: 5.413ms, rate sampling interval: 16ms
  Thread calibration: mean lat.: 5.272ms, rate sampling interval: 15ms
  Thread Stats   Avg      Stdev     Max   +/- Stdev
    Latency     7.16ms    3.76ms  27.71ms   74.19%
    Req/Sec    38.37     46.53   142.00     86.71%
  Latency Distribution (HdrHistogram - Recorded Latency)
 50.000%    5.45ms
 75.000%    9.16ms
 90.000%   13.49ms
 99.000%   16.22ms
 99.900%   19.06ms
 99.990%   24.48ms
 99.999%   27.73ms
100.000%   27.73ms

  Detailed Percentile spectrum:
       Value   Percentile   TotalCount 1/(1-Percentile)

       2.507     0.000000            1         1.00
       3.767     0.100000         1650         1.11
       4.151     0.200000         3309         1.25
       4.511     0.300000         4950         1.43
       4.903     0.400000         6611         1.67
       5.455     0.500000         8257         2.00
       5.911     0.550000         9074         2.22
       6.495     0.600000         9898         2.50
       7.147     0.650000        10724         2.86
       7.955     0.700000        11551         3.33
       9.159     0.750000        12372         4.00
      10.439     0.775000        12785         4.44
      11.655     0.800000        13199         5.00
      12.351     0.825000        13612         5.71
      12.767     0.850000        14027         6.67
      13.095     0.875000        14434         8.00
      13.295     0.887500        14641         8.89
      13.487     0.900000        14850        10.00
      13.727     0.912500        15055        11.43
      13.975     0.925000        15263        13.33
      14.223     0.937500        15472        16.00
      14.319     0.943750        15571        17.78
      14.463     0.950000        15675        20.00
      14.599     0.956250        15775        22.86
      14.807     0.962500        15881        26.67
      15.015     0.968750        15983        32.00
      15.111     0.971875        16034        35.56
      15.279     0.975000        16086        40.00
      15.463     0.978125        16136        45.71
      15.631     0.981250        16188        53.33
      15.775     0.984375        16239        64.00
      15.919     0.985938        16265        71.11
      16.023     0.987500        16293        80.00
      16.143     0.989062        16316        91.43
      16.279     0.990625        16342       106.67
      16.511     0.992188        16371       128.00
      16.623     0.992969        16382       142.22
      16.687     0.993750        16395       160.00
      16.879     0.994531        16407       182.86
      17.087     0.995313        16420       213.33
      17.311     0.996094        16432       256.00
      17.407     0.996484        16440       284.44
      17.455     0.996875        16445       320.00
      17.631     0.997266        16452       365.71
      17.791     0.997656        16459       426.67
      17.967     0.998047        16464       512.00
      18.063     0.998242        16468       568.89
      18.207     0.998437        16471       640.00
      18.591     0.998633        16474       731.43
      18.975     0.998828        16477       853.33
      19.055     0.999023        16480      1024.00
      19.231     0.999121        16482      1137.78
      19.359     0.999219        16484      1280.00
      19.423     0.999316        16485      1462.86
      20.015     0.999414        16487      1706.67
      20.031     0.999512        16489      2048.00
      20.031     0.999561        16489      2275.56
      20.767     0.999609        16490      2560.00
      20.991     0.999658        16491      2925.71
      21.375     0.999707        16492      3413.33
      21.375     0.999756        16492      4096.00
      23.375     0.999780        16493      4551.11
      23.375     0.999805        16493      5120.00
      24.479     0.999829        16494      5851.43
      24.479     0.999854        16494      6826.67
      24.479     0.999878        16494      8192.00
      24.799     0.999890        16495      9102.22
      24.799     0.999902        16495     10240.00
      24.799     0.999915        16495     11702.86
      24.799     0.999927        16495     13653.33
      24.799     0.999939        16495     16384.00
      27.727     0.999945        16496     18204.44
      27.727     1.000000        16496          inf
#[Mean    =        7.165, StdDeviation   =        3.761]
#[Max     =       27.712, Total count    =        16496]
#[Buckets =           27, SubBuckets     =         2048]
----------------------------------------------------------
  18004 requests in 2.00m, 4.24MB read
Requests/sec:    150.02
Transfer/sec:     36.21KB
