Running 2m test @ http://10.108.73.23:9080/productpage
  4 threads and 10 connections
  Thread calibration: mean lat.: 301.001ms, rate sampling interval: 1147ms
  Thread calibration: mean lat.: 230.669ms, rate sampling interval: 744ms
  Thread calibration: mean lat.: 170.582ms, rate sampling interval: 818ms
  Thread calibration: mean lat.: 128.131ms, rate sampling interval: 604ms
  Thread Stats   Avg      Stdev     Max   +/- Stdev
    Latency     1.98s     1.84s    7.26s    58.01%
    Req/Sec    18.94      2.22    28.00     88.71%
  Latency Distribution (HdrHistogram - Recorded Latency)
 50.000%    1.61s 
 75.000%    3.44s 
 90.000%    4.69s 
 99.000%    6.97s 
 99.900%    7.20s 
 99.990%    7.26s 
 99.999%    7.27s 
100.000%    7.27s 

  Detailed Percentile spectrum:
       Value   Percentile   TotalCount 1/(1-Percentile)

       8.775     0.000000            1         1.00
      63.103     0.100000          853         1.11
     102.399     0.200000         1705         1.25
     365.055     0.300000         2558         1.43
     942.079     0.400000         3410         1.67
    1612.799     0.500000         4263         2.00
    1988.607     0.550000         4690         2.22
    2269.183     0.600000         5116         2.50
    2590.719     0.650000         5544         2.86
    2994.175     0.700000         5967         3.33
    3438.591     0.750000         6393         4.00
    3530.751     0.775000         6610         4.44
    3624.959     0.800000         6822         5.00
    3889.151     0.825000         7035         5.71
    4038.655     0.850000         7247         6.67
    4227.071     0.875000         7463         8.00
    4358.143     0.887500         7569         8.89
    4689.919     0.900000         7674        10.00
    4894.719     0.912500         7780        11.43
    5103.615     0.925000         7885        13.33
    5292.031     0.937500         7994        16.00
    5382.143     0.943750         8045        17.78
    5459.967     0.950000         8100        20.00
    5586.943     0.956250         8153        22.86
    5885.951     0.962500         8206        26.67
    6000.639     0.968750         8258        32.00
    6082.559     0.971875         8286        35.56
    6115.327     0.975000         8311        40.00
    6172.671     0.978125         8340        45.71
    6225.919     0.981250         8366        53.33
    6373.375     0.984375         8391        64.00
    6696.959     0.985938         8405        71.11
    6836.223     0.987500         8418        80.00
    6889.471     0.989062         8431        91.43
    7020.543     0.990625         8445       106.67
    7061.503     0.992188         8459       128.00
    7094.271     0.992969         8467       142.22
    7102.463     0.993750         8473       160.00
    7106.559     0.994531         8479       182.86
    7135.231     0.995313         8485       213.33
    7155.711     0.996094         8494       256.00
    7159.807     0.996484         8497       284.44
    7163.903     0.996875         8499       320.00
    7172.095     0.997266         8501       365.71
    7176.191     0.997656         8505       426.67
    7184.383     0.998047         8510       512.00
    7184.383     0.998242         8510       568.89
    7188.479     0.998437         8512       640.00
    7192.575     0.998633         8513       731.43
    7196.671     0.998828         8517       853.33
    7196.671     0.999023         8517      1024.00
    7196.671     0.999121         8517      1137.78
    7204.863     0.999219         8518      1280.00
    7217.151     0.999316         8520      1462.86
    7217.151     0.999414         8520      1706.67
    7217.151     0.999512         8520      2048.00
    7249.919     0.999561         8521      2275.56
    7249.919     0.999609         8521      2560.00
    7262.207     0.999658         8523      2925.71
    7262.207     0.999707         8523      3413.33
    7262.207     0.999756         8523      4096.00
    7262.207     0.999780         8523      4551.11
    7262.207     0.999805         8523      5120.00
    7262.207     0.999829         8523      5851.43
    7262.207     0.999854         8523      6826.67
    7262.207     0.999878         8523      8192.00
    7266.303     0.999890         8524      9102.22
    7266.303     1.000000         8524          inf
#[Mean    =     1984.661, StdDeviation   =     1844.588]
#[Max     =     7262.208, Total count    =         8524]
#[Buckets =           27, SubBuckets     =         2048]
----------------------------------------------------------
  9306 requests in 2.00m, 136.09MB read
Requests/sec:     77.54
Transfer/sec:      1.13MB
