Running 3m test @ http://10.99.205.204:11000/a?value=1
  4 threads and 10 connections
  Thread calibration: mean lat.: 130.999ms, rate sampling interval: 607ms
  Thread calibration: mean lat.: 228.263ms, rate sampling interval: 1311ms
  Thread calibration: mean lat.: 208.707ms, rate sampling interval: 1107ms
  Thread calibration: mean lat.: 98.112ms, rate sampling interval: 404ms
  Thread Stats   Avg      Stdev     Max   +/- Stdev
    Latency     1.03s     2.15s   12.00s    90.17%
    Req/Sec    36.79      5.31    56.00     78.31%
  Latency Distribution (HdrHistogram - Recorded Latency)
 50.000%  126.85ms
 75.000%  936.45ms
 90.000%    3.11s 
 99.000%   10.92s 
 99.900%   11.69s 
 99.990%   11.96s 
 99.999%   12.01s 
100.000%   12.01s 

  Detailed Percentile spectrum:
       Value   Percentile   TotalCount 1/(1-Percentile)

       9.471     0.000000            1         1.00
      36.287     0.100000         2539         1.11
      43.391     0.200000         5054         1.25
      60.927     0.300000         7576         1.43
      97.791     0.400000        10116         1.67
     126.847     0.500000        12627         2.00
     156.287     0.550000        13892         2.22
     200.575     0.600000        15152         2.50
     301.311     0.650000        16414         2.86
     545.279     0.700000        17678         3.33
     936.447     0.750000        18940         4.00
    1142.783     0.775000        19573         4.44
    1315.839     0.800000        20205         5.00
    1479.679     0.825000        20837         5.71
    1722.367     0.850000        21467         6.67
    2263.039     0.875000        22098         8.00
    2660.351     0.887500        22412         8.89
    3112.959     0.900000        22727        10.00
    3579.903     0.912500        23043        11.43
    4030.463     0.925000        23359        13.33
    5058.559     0.937500        23675        16.00
    5529.599     0.943750        23833        17.78
    6156.287     0.950000        23993        20.00
    6664.191     0.956250        24148        22.86
    7286.783     0.962500        24306        26.67
    8052.735     0.968750        24463        32.00
    8986.623     0.971875        24542        35.56
    9232.383     0.975000        24621        40.00
    9469.951     0.978125        24700        45.71
    9871.359     0.981250        24780        53.33
   10092.543     0.984375        24859        64.00
   10346.495     0.985938        24897        71.11
   10764.287     0.987500        24939        80.00
   10854.399     0.989062        24978        91.43
   10977.279     0.990625        25016       106.67
   11141.119     0.992188        25055       128.00
   11190.271     0.992969        25076       142.22
   11247.615     0.993750        25098       160.00
   11280.383     0.994531        25120       182.86
   11321.343     0.995313        25143       213.33
   11345.919     0.996094        25154       256.00
   11362.303     0.996484        25164       284.44
   11378.687     0.996875        25175       320.00
   11403.263     0.997266        25183       365.71
   11427.839     0.997656        25193       426.67
   11452.415     0.998047        25204       512.00
   11493.375     0.998242        25208       568.89
   11517.951     0.998437        25213       640.00
   11558.911     0.998633        25218       731.43
   11632.639     0.998828        25223       853.33
   11689.983     0.999023        25228      1024.00
   11730.943     0.999121        25230      1137.78
   11755.519     0.999219        25233      1280.00
   11780.095     0.999316        25235      1462.86
   11821.055     0.999414        25238      1706.67
   11837.439     0.999512        25240      2048.00
   11870.207     0.999561        25241      2275.56
   11878.399     0.999609        25243      2560.00
   11911.167     0.999658        25244      2925.71
   11919.359     0.999707        25246      3413.33
   11919.359     0.999756        25246      4096.00
   11952.127     0.999780        25248      4551.11
   11952.127     0.999805        25248      5120.00
   11952.127     0.999829        25248      5851.43
   11960.319     0.999854        25249      6826.67
   11960.319     0.999878        25249      8192.00
   11968.511     0.999890        25250      9102.22
   11968.511     0.999902        25250     10240.00
   11968.511     0.999915        25250     11702.86
   11993.087     0.999927        25251     13653.33
   11993.087     0.999939        25251     16384.00
   11993.087     0.999945        25251     18204.44
   11993.087     0.999951        25251     20480.00
   11993.087     0.999957        25251     23405.71
   12009.471     0.999963        25252     27306.67
   12009.471     1.000000        25252          inf
#[Mean    =     1028.548, StdDeviation   =     2149.288]
#[Max     =    12001.280, Total count    =        25252]
#[Buckets =           27, SubBuckets     =         2048]
----------------------------------------------------------
  26721 requests in 3.00m, 6.32MB read
Requests/sec:    148.43
Transfer/sec:     35.94KB
