Running 2m test @ http://10.102.123.170:11000/a?value=1
  2 threads and 10 connections
  Thread calibration: mean lat.: 1235.487ms, rate sampling interval: 3723ms
  Thread calibration: mean lat.: 1118.235ms, rate sampling interval: 3123ms
  Thread Stats   Avg      Stdev     Max   +/- Stdev
    Latency     8.37s     4.34s   19.99s    60.84%
    Req/Sec    65.00      4.90    70.00     96.88%
  Latency Distribution (HdrHistogram - Recorded Latency)
 50.000%    7.93s 
 75.000%   11.96s 
 90.000%   14.06s 
 99.000%   18.66s 
 99.900%   19.81s 
 99.990%   19.99s 
 99.999%   20.00s 
100.000%   20.00s 

  Detailed Percentile spectrum:
       Value   Percentile   TotalCount 1/(1-Percentile)

    1436.671     0.000000            1         1.00
    2850.815     0.100000         1442         1.11
    4124.671     0.200000         2879         1.25
    5435.391     0.300000         4325         1.43
    6713.343     0.400000         5759         1.67
    7929.855     0.500000         7200         2.00
    8454.143     0.550000         7925         2.22
    9084.927     0.600000         8641         2.50
    9723.903     0.650000         9361         2.86
   10739.711     0.700000        10077         3.33
   11960.319     0.750000        10801         4.00
   12353.535     0.775000        11163         4.44
   12673.023     0.800000        11531         5.00
   12967.935     0.825000        11877         5.71
   13271.039     0.850000        12235         6.67
   13623.295     0.875000        12603         8.00
   13844.479     0.887500        12777         8.89
   14057.471     0.900000        12958        10.00
   14335.999     0.912500        13139        11.43
   14516.223     0.925000        13316        13.33
   15753.215     0.937500        13495        16.00
   16097.279     0.943750        13585        17.78
   16523.263     0.950000        13677        20.00
   16859.135     0.956250        13765        22.86
   17186.815     0.962500        13857        26.67
   17498.111     0.968750        13945        32.00
   17694.719     0.971875        13995        35.56
   17940.479     0.975000        14047        40.00
   18022.399     0.978125        14091        45.71
   18153.471     0.981250        14125        53.33
   18350.079     0.984375        14170        64.00
   18448.383     0.985938        14193        71.11
   18513.919     0.987500        14219        80.00
   18595.839     0.989062        14240        91.43
   18726.911     0.990625        14261       106.67
   18857.983     0.992188        14282       128.00
   18890.751     0.992969        14297       142.22
   18956.287     0.993750        14307       160.00
   19070.975     0.994531        14316       182.86
   19152.895     0.995313        14332       213.33
   19185.663     0.996094        14340       256.00
   19202.047     0.996484        14347       284.44
   19234.815     0.996875        14351       320.00
   19316.735     0.997266        14356       365.71
   19365.887     0.997656        14361       426.67
   19447.807     0.998047        14366       512.00
   19578.879     0.998242        14369       568.89
   19693.567     0.998437        14373       640.00
   19726.335     0.998633        14375       731.43
   19775.487     0.998828        14378       853.33
   19808.255     0.999023        14380      1024.00
   19824.639     0.999121        14382      1137.78
   19841.023     0.999219        14384      1280.00
   19857.407     0.999316        14385      1462.86
   19873.791     0.999414        14386      1706.67
   19890.175     0.999512        14387      2048.00
   19906.559     0.999561        14389      2275.56
   19906.559     0.999609        14389      2560.00
   19939.327     0.999658        14390      2925.71
   19939.327     0.999707        14390      3413.33
   19955.711     0.999756        14391      4096.00
   19955.711     0.999780        14391      4551.11
   19972.095     0.999805        14392      5120.00
   19972.095     0.999829        14392      5851.43
   19972.095     0.999854        14392      6826.67
   19988.479     0.999878        14393      8192.00
   19988.479     0.999890        14393      9102.22
   19988.479     0.999902        14393     10240.00
   19988.479     0.999915        14393     11702.86
   19988.479     0.999927        14393     13653.33
   20004.863     0.999939        14394     16384.00
   20004.863     1.000000        14394          inf
#[Mean    =     8373.789, StdDeviation   =     4335.005]
#[Max     =    19988.480, Total count    =        14394]
#[Buckets =           27, SubBuckets     =         2048]
----------------------------------------------------------
  15626 requests in 2.00m, 3.70MB read
Requests/sec:    130.19
Transfer/sec:     31.55KB
