Running 2m test @ http://10.97.31.177:9080/productpage
  2 threads and 4 connections
  Thread calibration: mean lat.: 3454.756ms, rate sampling interval: 12615ms
  Thread calibration: mean lat.: 3312.040ms, rate sampling interval: 12083ms
  Thread Stats   Avg      Stdev     Max   +/- Stdev
    Latency    46.31s    21.21s    1.38m    58.57%
    Req/Sec    23.76      2.04    27.00     82.35%
  Latency Distribution (HdrHistogram - Recorded Latency)
 50.000%   47.19s 
 75.000%    1.08m 
 90.000%    1.25m 
 99.000%    1.36m 
 99.900%    1.38m 
 99.990%    1.38m 
 99.999%    1.38m 
100.000%    1.38m 

  Detailed Percentile spectrum:
       Value   Percentile   TotalCount 1/(1-Percentile)

    6889.471     0.000000            1         1.00
   15941.631     0.100000          534         1.11
   24526.847     0.200000         1068         1.25
   32538.623     0.300000         1602         1.43
   40140.799     0.400000         2136         1.67
   47185.919     0.500000         2669         2.00
   50659.327     0.550000         2936         2.22
   54362.111     0.600000         3206         2.50
   57671.679     0.650000         3470         2.86
   61210.623     0.700000         3737         3.33
   64651.263     0.750000         4005         4.00
   66420.735     0.775000         4138         4.44
   68091.903     0.800000         4271         5.00
   69795.839     0.825000         4405         5.71
   71565.311     0.850000         4541         6.67
   73269.247     0.875000         4673         8.00
   74055.679     0.887500         4737         8.89
   74842.111     0.900000         4806        10.00
   75694.079     0.912500         4874        11.43
   76480.511     0.925000         4939        13.33
   77332.479     0.937500         5008        16.00
   77660.159     0.943750         5037        17.78
   78053.375     0.950000         5073        20.00
   78446.591     0.956250         5105        22.86
   78839.807     0.962500         5138        26.67
   79298.559     0.968750         5173        32.00
   79495.167     0.971875         5192        35.56
   79691.775     0.975000         5205        40.00
   80019.455     0.978125         5223        45.71
   80281.599     0.981250         5239        53.33
   80609.279     0.984375         5255        64.00
   80805.887     0.985938         5264        71.11
   81002.495     0.987500         5272        80.00
   81264.639     0.989062         5281        91.43
   81461.247     0.990625         5288       106.67
   81657.855     0.992188         5296       128.00
   81788.927     0.992969         5302       142.22
   81854.463     0.993750         5304       160.00
   82051.071     0.994531         5309       182.86
   82116.607     0.995313         5312       213.33
   82247.679     0.996094         5317       256.00
   82313.215     0.996484         5320       284.44
   82378.751     0.996875         5322       320.00
   82444.287     0.997266         5325       365.71
   82444.287     0.997656         5325       426.67
   82509.823     0.998047         5327       512.00
   82575.359     0.998242         5329       568.89
   82575.359     0.998437         5329       640.00
   82640.895     0.998633         5330       731.43
   82706.431     0.998828         5334       853.33
   82706.431     0.999023         5334      1024.00
   82706.431     0.999121         5334      1137.78
   82706.431     0.999219         5334      1280.00
   82706.431     0.999316         5334      1462.86
   82706.431     0.999414         5334      1706.67
   82771.967     0.999512         5336      2048.00
   82771.967     0.999561         5336      2275.56
   82771.967     0.999609         5336      2560.00
   82771.967     0.999658         5336      2925.71
   82771.967     0.999707         5336      3413.33
   82771.967     0.999756         5336      4096.00
   82771.967     0.999780         5336      4551.11
   82771.967     0.999805         5336      5120.00
   82837.503     0.999829         5337      5851.43
   82837.503     1.000000         5337          inf
#[Mean    =    46310.941, StdDeviation   =    21210.612]
#[Max     =    82771.968, Total count    =         5337]
#[Buckets =           27, SubBuckets     =         2048]
----------------------------------------------------------
  5793 requests in 2.00m, 84.71MB read
Requests/sec:     48.27
Transfer/sec:    722.76KB
