Running 2m test @ http://10.97.31.177:9080/productpage
  2 threads and 4 connections
  Thread calibration: mean lat.: 2627.846ms, rate sampling interval: 9134ms
  Thread calibration: mean lat.: 2681.351ms, rate sampling interval: 9388ms
  Thread Stats   Avg      Stdev     Max   +/- Stdev
    Latency    28.75s    12.46s    0.87m    59.45%
    Req/Sec    23.48      1.50    25.00     95.65%
  Latency Distribution (HdrHistogram - Recorded Latency)
 50.000%   29.15s 
 75.000%   39.39s 
 90.000%   45.22s 
 99.000%   50.72s 
 99.900%    0.87m 
 99.990%    0.87m 
 99.999%    0.87m 
100.000%    0.87m 

  Detailed Percentile spectrum:
       Value   Percentile   TotalCount 1/(1-Percentile)

    4845.567     0.000000            1         1.00
   10764.287     0.100000          529         1.11
   16113.663     0.200000         1058         1.25
   21217.279     0.300000         1586         1.43
   25231.359     0.400000         2114         1.67
   29147.135     0.500000         2641         2.00
   31047.679     0.550000         2906         2.22
   33210.367     0.600000         3172         2.50
   35356.671     0.650000         3438         2.86
   37421.055     0.700000         3699         3.33
   39387.135     0.750000         3962         4.00
   40370.175     0.775000         4094         4.44
   41320.447     0.800000         4229         5.00
   42270.719     0.825000         4359         5.71
   43319.295     0.850000         4492         6.67
   44204.031     0.875000         4624         8.00
   44695.551     0.887500         4688         8.89
   45219.839     0.900000         4760        10.00
   45613.055     0.912500         4820        11.43
   46170.111     0.925000         4886        13.33
   46759.935     0.937500         4953        16.00
   47153.151     0.943750         4986        17.78
   47480.831     0.950000         5020        20.00
   47939.583     0.956250         5052        22.86
   48463.871     0.962500         5086        26.67
   49020.927     0.968750         5117        32.00
   49250.303     0.971875         5135        35.56
   49512.447     0.975000         5152        40.00
   49741.823     0.978125         5169        45.71
   49938.431     0.981250         5183        53.33
   50233.343     0.984375         5201        64.00
   50397.183     0.985938         5209        71.11
   50495.487     0.987500         5216        80.00
   50659.327     0.989062         5226        91.43
   50757.631     0.990625         5234       106.67
   50888.703     0.992188         5242       128.00
   50954.239     0.992969         5248       142.22
   50987.007     0.993750         5249       160.00
   51216.383     0.994531         5254       182.86
   51347.455     0.995313         5258       213.33
   51478.527     0.996094         5263       256.00
   51511.295     0.996484         5264       284.44
   51609.599     0.996875         5267       320.00
   51642.367     0.997266         5268       365.71
   51740.671     0.997656         5270       426.67
   51838.975     0.998047         5272       512.00
   51904.511     0.998242         5273       568.89
   51937.279     0.998437         5275       640.00
   51937.279     0.998633         5275       731.43
   52002.815     0.998828         5276       853.33
   52068.351     0.999023         5277      1024.00
   52133.887     0.999121         5278      1137.78
   52133.887     0.999219         5278      1280.00
   52199.423     0.999316         5280      1462.86
   52199.423     0.999414         5280      1706.67
   52199.423     0.999512         5280      2048.00
   52199.423     0.999561         5280      2275.56
   52199.423     0.999609         5280      2560.00
   52232.191     0.999658         5281      2925.71
   52232.191     0.999707         5281      3413.33
   52232.191     0.999756         5281      4096.00
   52232.191     0.999780         5281      4551.11
   52232.191     0.999805         5281      5120.00
   52264.959     0.999829         5282      5851.43
   52264.959     1.000000         5282          inf
#[Mean    =    28745.903, StdDeviation   =    12461.464]
#[Max     =    52232.192, Total count    =         5282]
#[Buckets =           27, SubBuckets     =         2048]
----------------------------------------------------------
  5672 requests in 2.00m, 82.94MB read
Requests/sec:     47.26
Transfer/sec:    707.65KB
