Running 2m test @ http://10.97.31.177:9080/productpage
  2 threads and 4 connections
  Thread calibration: mean lat.: 4259.801ms, rate sampling interval: 14565ms
  Thread calibration: mean lat.: 4173.475ms, rate sampling interval: 14393ms
  Thread Stats   Avg      Stdev     Max   +/- Stdev
    Latency     0.85m    23.42s    1.52m    58.35%
    Req/Sec    24.21      1.78    26.00     85.71%
  Latency Distribution (HdrHistogram - Recorded Latency)
 50.000%    0.86m 
 75.000%    1.19m 
 90.000%    1.38m 
 99.000%    1.50m 
 99.900%    1.52m 
 99.990%    1.52m 
 99.999%    1.53m 
100.000%    1.53m 

  Detailed Percentile spectrum:
       Value   Percentile   TotalCount 1/(1-Percentile)

    8065.023     0.000000            1         1.00
   18481.151     0.100000          547         1.11
   27246.591     0.200000         1092         1.25
   35684.351     0.300000         1639         1.43
   43384.831     0.400000         2184         1.67
   51511.295     0.500000         2730         2.00
   55508.991     0.550000         3003         2.22
   59768.831     0.600000         3277         2.50
   63832.063     0.650000         3551         2.86
   67829.759     0.700000         3823         3.33
   71696.383     0.750000         4096         4.00
   73662.463     0.775000         4237         4.44
   75497.471     0.800000         4369         5.00
   77398.015     0.825000         4507         5.71
   79298.559     0.850000         4641         6.67
   81199.103     0.875000         4782         8.00
   82182.143     0.887500         4848         8.89
   83099.647     0.900000         4917        10.00
   84082.687     0.912500         4985        11.43
   85065.727     0.925000         5055        13.33
   85983.231     0.937500         5122        16.00
   86441.983     0.943750         5156        17.78
   86900.735     0.950000         5190        20.00
   87425.023     0.956250         5226        22.86
   87883.775     0.962500         5261        26.67
   88342.527     0.968750         5294        32.00
   88539.135     0.971875         5308        35.56
   88801.279     0.975000         5325        40.00
   89063.423     0.978125         5345        45.71
   89260.031     0.981250         5359        53.33
   89522.175     0.984375         5376        64.00
   89653.247     0.985938         5386        71.11
   89784.319     0.987500         5394        80.00
   89915.391     0.989062         5405        91.43
   89980.927     0.990625         5410       106.67
   90177.535     0.992188         5419       128.00
   90243.071     0.992969         5422       142.22
   90374.143     0.993750         5426       160.00
   90505.215     0.994531         5431       182.86
   90636.287     0.995313         5436       213.33
   90767.359     0.996094         5439       256.00
   90832.895     0.996484         5442       284.44
   90898.431     0.996875         5443       320.00
   91029.503     0.997266         5448       365.71
   91029.503     0.997656         5448       426.67
   91095.039     0.998047         5451       512.00
   91095.039     0.998242         5451       568.89
   91160.575     0.998437         5452       640.00
   91226.111     0.998633         5454       731.43
   91226.111     0.998828         5454       853.33
   91291.647     0.999023         5456      1024.00
   91291.647     0.999121         5456      1137.78
   91291.647     0.999219         5456      1280.00
   91357.183     0.999316         5457      1462.86
   91357.183     0.999414         5457      1706.67
   91422.719     0.999512         5458      2048.00
   91422.719     0.999561         5458      2275.56
   91422.719     0.999609         5458      2560.00
   91488.255     0.999658         5459      2925.71
   91488.255     0.999707         5459      3413.33
   91488.255     0.999756         5459      4096.00
   91488.255     0.999780         5459      4551.11
   91488.255     0.999805         5459      5120.00
   91553.791     0.999829         5460      5851.43
   91553.791     1.000000         5460          inf
#[Mean    =    51213.420, StdDeviation   =    23424.372]
#[Max     =    91488.256, Total count    =         5460]
#[Buckets =           27, SubBuckets     =         2048]
----------------------------------------------------------
  5852 requests in 2.00m, 85.58MB read
Requests/sec:     48.76
Transfer/sec:    730.14KB
