Running 2m test @ http://10.97.31.177:9080/productpage
  2 threads and 4 connections
  Thread calibration: mean lat.: 889.427ms, rate sampling interval: 3115ms
  Thread calibration: mean lat.: 937.444ms, rate sampling interval: 3170ms
  Thread Stats   Avg      Stdev     Max   +/- Stdev
    Latency     5.91s     2.87s   10.61s    57.51%
    Req/Sec    23.55      2.31    28.00     78.26%
  Latency Distribution (HdrHistogram - Recorded Latency)
 50.000%    5.25s 
 75.000%    8.78s 
 90.000%    9.99s 
 99.000%   10.44s 
 99.900%   10.59s 
 99.990%   10.60s 
 99.999%   10.62s 
100.000%   10.62s 

  Detailed Percentile spectrum:
       Value   Percentile   TotalCount 1/(1-Percentile)

     180.991     0.000000            1         1.00
    2234.367     0.100000          529         1.11
    3303.423     0.200000         1059         1.25
    4026.367     0.300000         1591         1.43
    4726.783     0.400000         2116         1.67
    5251.071     0.500000         2644         2.00
    5713.919     0.550000         2909         2.22
    6143.999     0.600000         3173         2.50
    7356.415     0.650000         3440         2.86
    8470.527     0.700000         3703         3.33
    8781.823     0.750000         3970         4.00
    9117.695     0.775000         4103         4.44
    9322.495     0.800000         4240         5.00
    9478.143     0.825000         4367         5.71
    9699.327     0.850000         4495         6.67
    9904.127     0.875000         4638         8.00
    9945.087     0.887500         4699         8.89
   10002.431     0.900000         4769        10.00
   10043.391     0.912500         4827        11.43
   10108.927     0.925000         4906        13.33
   10149.887     0.937500         4964        16.00
   10166.271     0.943750         4991        17.78
   10199.039     0.950000         5024        20.00
   10239.999     0.956250         5060        22.86
   10264.575     0.962500         5091        26.67
   10321.919     0.968750         5127        32.00
   10330.111     0.971875         5142        35.56
   10346.495     0.975000         5166        40.00
   10362.879     0.978125         5178        45.71
   10379.263     0.981250         5194        53.33
   10395.647     0.984375         5207        64.00
   10412.031     0.985938         5217        71.11
   10428.415     0.987500         5228        80.00
   10436.607     0.989062         5235        91.43
   10461.183     0.990625         5240       106.67
   10502.143     0.992188         5247       128.00
   10510.335     0.992969         5251       142.22
   10518.527     0.993750         5258       160.00
   10526.719     0.994531         5265       182.86
   10526.719     0.995313         5265       213.33
   10534.911     0.996094         5268       256.00
   10543.103     0.996484         5274       284.44
   10543.103     0.996875         5274       320.00
   10543.103     0.997266         5274       365.71
   10559.487     0.997656         5277       426.67
   10567.679     0.998047         5278       512.00
   10575.871     0.998242         5280       568.89
   10575.871     0.998437         5280       640.00
   10584.063     0.998633         5282       731.43
   10584.063     0.998828         5282       853.33
   10592.255     0.999023         5283      1024.00
   10600.447     0.999121         5287      1137.78
   10600.447     0.999219         5287      1280.00
   10600.447     0.999316         5287      1462.86
   10600.447     0.999414         5287      1706.67
   10600.447     0.999512         5287      2048.00
   10600.447     0.999561         5287      2275.56
   10600.447     0.999609         5287      2560.00
   10600.447     0.999658         5287      2925.71
   10600.447     0.999707         5287      3413.33
   10600.447     0.999756         5287      4096.00
   10600.447     0.999780         5287      4551.11
   10600.447     0.999805         5287      5120.00
   10616.831     0.999829         5288      5851.43
   10616.831     1.000000         5288          inf
#[Mean    =     5905.897, StdDeviation   =     2872.573]
#[Max     =    10608.640, Total count    =         5288]
#[Buckets =           27, SubBuckets     =         2048]
----------------------------------------------------------
  5711 requests in 2.00m, 83.51MB read
Requests/sec:     47.58
Transfer/sec:    712.54KB
