Running 2m test @ http://10.97.31.177:9080/productpage
  2 threads and 4 connections
  Thread calibration: mean lat.: 4137.601ms, rate sampling interval: 14991ms
  Thread calibration: mean lat.: 4065.965ms, rate sampling interval: 14663ms
  Thread Stats   Avg      Stdev     Max   +/- Stdev
    Latency     0.92m    26.50s    1.68m    58.01%
    Req/Sec    24.14      0.91    26.00    100.00%
  Latency Distribution (HdrHistogram - Recorded Latency)
 50.000%    0.93m 
 75.000%    1.30m 
 90.000%    1.52m 
 99.000%    1.66m 
 99.900%    1.68m 
 99.990%    1.68m 
 99.999%    1.68m 
100.000%    1.68m 

  Detailed Percentile spectrum:
       Value   Percentile   TotalCount 1/(1-Percentile)

    8372.223     0.000000            1         1.00
   17793.023     0.100000          544         1.11
   27557.887     0.200000         1087         1.25
   37224.447     0.300000         1632         1.43
   46399.487     0.400000         2176         1.67
   55607.295     0.500000         2718         2.00
   60293.119     0.550000         2990         2.22
   65011.711     0.600000         3262         2.50
   69599.231     0.650000         3535         2.86
   73990.143     0.700000         3805         3.33
   78118.911     0.750000         4076         4.00
   80281.599     0.775000         4214         4.44
   82509.823     0.800000         4348         5.00
   84672.511     0.825000         4488         5.71
   86769.663     0.850000         4620         6.67
   88997.887     0.875000         4756         8.00
   90111.999     0.887500         4826         8.89
   91226.111     0.900000         4892        10.00
   92340.223     0.912500         4959        11.43
   93519.871     0.925000         5029        13.33
   94699.519     0.937500         5099        16.00
   95223.807     0.943750         5131        17.78
   95748.095     0.950000         5164        20.00
   96337.919     0.956250         5200        22.86
   96862.207     0.962500         5232        26.67
   97452.031     0.968750         5266        32.00
   97779.711     0.971875         5284        35.56
   98041.855     0.975000         5299        40.00
   98369.535     0.978125         5318        45.71
   98631.679     0.981250         5333        53.33
   98959.359     0.984375         5353        64.00
   99024.895     0.985938         5358        71.11
   99155.967     0.987500         5368        80.00
   99287.039     0.989062         5377        91.43
   99418.111     0.990625         5387       106.67
   99549.183     0.992188         5392       128.00
   99614.719     0.992969         5397       142.22
   99745.791     0.993750         5401       160.00
   99876.863     0.994531         5405       182.86
  100007.935     0.995313         5409       213.33
  100204.543     0.996094         5414       256.00
  100270.079     0.996484         5416       284.44
  100335.615     0.996875         5418       320.00
  100401.151     0.997266         5420       365.71
  100466.687     0.997656         5422       426.67
  100532.223     0.998047         5424       512.00
  100597.759     0.998242         5426       568.89
  100597.759     0.998437         5426       640.00
  100663.295     0.998633         5428       731.43
  100663.295     0.998828         5428       853.33
  100728.831     0.999023         5429      1024.00
  100794.367     0.999121         5430      1137.78
  100794.367     0.999219         5430      1280.00
  100859.903     0.999316         5431      1462.86
  100859.903     0.999414         5431      1706.67
  100925.439     0.999512         5432      2048.00
  100925.439     0.999561         5432      2275.56
  100925.439     0.999609         5432      2560.00
  100990.975     0.999658         5434      2925.71
  100990.975     1.000000         5434          inf
#[Mean    =    55140.632, StdDeviation   =    26504.022]
#[Max     =   100925.440, Total count    =         5434]
#[Buckets =           27, SubBuckets     =         2048]
----------------------------------------------------------
  5929 requests in 2.00m, 86.70MB read
Requests/sec:     49.40
Transfer/sec:    739.75KB
