Running 2m test @ http://10.97.31.177:9080/productpage
  2 threads and 4 connections
  Thread calibration: mean lat.: 2697.414ms, rate sampling interval: 9609ms
  Thread calibration: mean lat.: 3100.028ms, rate sampling interval: 10469ms
  Thread Stats   Avg      Stdev     Max   +/- Stdev
    Latency    34.14s    15.75s    1.06m    59.01%
    Req/Sec    24.38      1.65    27.00    100.00%
  Latency Distribution (HdrHistogram - Recorded Latency)
 50.000%   34.18s 
 75.000%   47.61s 
 90.000%    0.92m 
 99.000%    1.04m 
 99.900%    1.05m 
 99.990%    1.06m 
 99.999%    1.06m 
100.000%    1.06m 

  Detailed Percentile spectrum:
       Value   Percentile   TotalCount 1/(1-Percentile)

    5103.615     0.000000            1         1.00
   11935.743     0.100000          548         1.11
   18055.167     0.200000         1096         1.25
   23969.791     0.300000         1642         1.43
   28983.295     0.400000         2190         1.67
   34177.023     0.500000         2736         2.00
   36863.999     0.550000         3010         2.22
   39845.887     0.600000         3286         2.50
   42532.863     0.650000         3557         2.86
   45187.071     0.700000         3832         3.33
   47611.903     0.750000         4104         4.00
   48857.087     0.775000         4244         4.44
   50102.271     0.800000         4381         5.00
   51412.991     0.825000         4515         5.71
   52723.711     0.850000         4655         6.67
   54067.199     0.875000         4790         8.00
   54722.559     0.887500         4858         8.89
   55410.687     0.900000         4925        10.00
   56131.583     0.912500         4997        11.43
   56754.175     0.925000         5065        13.33
   57343.999     0.937500         5131        16.00
   57769.983     0.943750         5167        17.78
   58261.503     0.950000         5200        20.00
   58687.487     0.956250         5234        22.86
   59310.079     0.962500         5268        26.67
   59899.903     0.968750         5302        32.00
   60260.351     0.971875         5319        35.56
   60588.031     0.975000         5336        40.00
   60981.247     0.978125         5353        45.71
   61276.159     0.981250         5370        53.33
   61702.143     0.984375         5388        64.00
   61898.751     0.985938         5398        71.11
   62029.823     0.987500         5405        80.00
   62193.663     0.989062         5413        91.43
   62324.735     0.990625         5421       106.67
   62488.575     0.992188         5430       128.00
   62554.111     0.992969         5434       142.22
   62652.415     0.993750         5439       160.00
   62717.951     0.994531         5443       182.86
   62816.255     0.995313         5448       213.33
   62881.791     0.996094         5452       256.00
   62914.559     0.996484         5453       284.44
   62980.095     0.996875         5456       320.00
   63012.863     0.997266         5459       365.71
   63045.631     0.997656         5461       426.67
   63111.167     0.998047         5464       512.00
   63111.167     0.998242         5464       568.89
   63111.167     0.998437         5464       640.00
   63143.935     0.998633         5465       731.43
   63176.703     0.998828         5466       853.33
   63209.471     0.999023         5467      1024.00
   63242.239     0.999121         5468      1137.78
   63242.239     0.999219         5468      1280.00
   63275.007     0.999316         5469      1462.86
   63275.007     0.999414         5469      1706.67
   63307.775     0.999512         5470      2048.00
   63307.775     0.999561         5470      2275.56
   63307.775     0.999609         5470      2560.00
   63373.311     0.999658         5472      2925.71
   63373.311     1.000000         5472          inf
#[Mean    =    34136.764, StdDeviation   =    15753.970]
#[Max     =    63340.544, Total count    =         5472]
#[Buckets =           27, SubBuckets     =         2048]
----------------------------------------------------------
  5923 requests in 2.00m, 86.61MB read
Requests/sec:     49.35
Transfer/sec:    739.00KB
