Running 2m test @ http://10.102.123.170:11000/a?value=1
  2 threads and 4 connections
  Thread calibration: mean lat.: 4596.376ms, rate sampling interval: 15237ms
  Thread calibration: mean lat.: 4491.486ms, rate sampling interval: 14966ms
  Thread Stats   Avg      Stdev     Max   +/- Stdev
    Latency     0.90m    26.20s    1.68m    58.22%
    Req/Sec    25.36      1.04    27.00    100.00%
  Latency Distribution (HdrHistogram - Recorded Latency)
 50.000%    0.90m 
 75.000%    1.28m 
 90.000%    1.51m 
 99.000%    1.64m 
 99.900%    1.67m 
 99.990%    1.68m 
 99.999%    1.68m 
100.000%    1.68m 

  Detailed Percentile spectrum:
       Value   Percentile   TotalCount 1/(1-Percentile)

    8335.359     0.000000            1         1.00
   17629.183     0.100000          570         1.11
   26951.679     0.200000         1141         1.25
   35782.655     0.300000         1710         1.43
   44859.391     0.400000         2281         1.67
   53772.287     0.500000         2850         2.00
   58425.343     0.550000         3135         2.22
   62980.095     0.600000         3420         2.50
   67567.615     0.650000         3705         2.86
   72024.063     0.700000         3992         3.33
   76611.583     0.750000         4276         4.00
   78708.735     0.775000         4417         4.44
   81002.495     0.800000         4561         5.00
   83361.791     0.825000         4706         5.71
   85721.087     0.850000         4846         6.67
   88080.383     0.875000         4990         8.00
   89260.031     0.887500         5060         8.89
   90439.679     0.900000         5132        10.00
   91553.791     0.912500         5204        11.43
   92667.903     0.925000         5277        13.33
   93716.479     0.937500         5343        16.00
   94371.839     0.943750         5382        17.78
   94896.127     0.950000         5417        20.00
   95420.415     0.956250         5451        22.86
   96010.239     0.962500         5489        26.67
   96534.527     0.968750         5523        32.00
   96796.671     0.971875         5540        35.56
   97058.815     0.975000         5558        40.00
   97386.495     0.978125         5577        45.71
   97714.175     0.981250         5597        53.33
   97976.319     0.984375         5614        64.00
   98107.391     0.985938         5621        71.11
   98238.463     0.987500         5630        80.00
   98369.535     0.989062         5637        91.43
   98566.143     0.990625         5649       106.67
   98697.215     0.992188         5656       128.00
   98762.751     0.992969         5659       142.22
   98959.359     0.993750         5664       160.00
   99090.431     0.994531         5669       182.86
   99287.039     0.995313         5674       213.33
   99352.575     0.996094         5677       256.00
   99418.111     0.996484         5679       284.44
   99549.183     0.996875         5682       320.00
   99680.255     0.997266         5684       365.71
   99811.327     0.997656         5686       426.67
   99942.399     0.998047         5688       512.00
  100007.935     0.998242         5689       568.89
  100139.007     0.998437         5691       640.00
  100204.543     0.998633         5692       731.43
  100270.079     0.998828         5694       853.33
  100270.079     0.999023         5694      1024.00
  100270.079     0.999121         5694      1137.78
  100335.615     0.999219         5695      1280.00
  100401.151     0.999316         5696      1462.86
  100401.151     0.999414         5696      1706.67
  100532.223     0.999512         5697      2048.00
  100532.223     0.999561         5697      2275.56
  100532.223     0.999609         5697      2560.00
  100597.759     0.999658         5699      2925.71
  100597.759     1.000000         5699          inf
#[Mean    =    53916.448, StdDeviation   =    26201.947]
#[Max     =   100532.224, Total count    =         5699]
#[Buckets =           27, SubBuckets     =         2048]
----------------------------------------------------------
  6188 requests in 2.00m, 1.46MB read
Requests/sec:     51.56
Transfer/sec:     12.49KB
