Running 2m test @ http://10.102.123.170:11000/a?value=1
  2 threads and 4 connections
  Thread calibration: mean lat.: 3744.445ms, rate sampling interval: 12713ms
  Thread calibration: mean lat.: 3680.061ms, rate sampling interval: 12877ms
  Thread Stats   Avg      Stdev     Max   +/- Stdev
    Latency    46.06s    22.58s    1.43m    57.90%
    Req/Sec    35.62      0.60    37.00    100.00%
  Latency Distribution (HdrHistogram - Recorded Latency)
 50.000%   45.88s 
 75.000%    1.09m 
 90.000%    1.29m 
 99.000%    1.41m 
 99.900%    1.42m 
 99.990%    1.43m 
 99.999%    1.43m 
100.000%    1.43m 

  Detailed Percentile spectrum:
       Value   Percentile   TotalCount 1/(1-Percentile)

    7057.407     0.000000            1         1.00
   14884.863     0.100000          795         1.11
   22609.919     0.200000         1590         1.25
   30326.783     0.300000         2386         1.43
   38141.951     0.400000         3179         1.67
   45875.199     0.500000         3974         2.00
   49741.823     0.550000         4373         2.22
   53739.519     0.600000         4771         2.50
   57638.911     0.650000         5167         2.86
   61636.607     0.700000         5565         3.33
   65437.695     0.750000         5962         4.00
   67502.079     0.775000         6160         4.44
   69533.695     0.800000         6360         5.00
   71565.311     0.825000         6560         5.71
   73531.391     0.850000         6755         6.67
   75628.543     0.875000         6955         8.00
   76611.583     0.887500         7055         8.89
   77594.623     0.900000         7157        10.00
   78577.663     0.912500         7251        11.43
   79691.775     0.925000         7354        13.33
   80674.815     0.937500         7452        16.00
   81199.103     0.943750         7507        17.78
   81657.855     0.950000         7554        20.00
   82116.607     0.956250         7605        22.86
   82575.359     0.962500         7656        26.67
   82968.575     0.968750         7702        32.00
   83165.183     0.971875         7725        35.56
   83427.327     0.975000         7751        40.00
   83689.471     0.978125         7780        45.71
   83886.079     0.981250         7801        53.33
   84148.223     0.984375         7827        64.00
   84279.295     0.985938         7840        71.11
   84344.831     0.987500         7847        80.00
   84475.903     0.989062         7860        91.43
   84606.975     0.990625         7874       106.67
   84738.047     0.992188         7889       128.00
   84803.583     0.992969         7895       142.22
   84869.119     0.993750         7901       160.00
   84934.655     0.994531         7906       182.86
   85000.191     0.995313         7913       213.33
   85065.727     0.996094         7921       256.00
   85065.727     0.996484         7921       284.44
   85131.263     0.996875         7927       320.00
   85131.263     0.997266         7927       365.71
   85196.799     0.997656         7933       426.67
   85196.799     0.998047         7933       512.00
   85196.799     0.998242         7933       568.89
   85262.335     0.998437         7937       640.00
   85262.335     0.998633         7937       731.43
   85262.335     0.998828         7937       853.33
   85327.871     0.999023         7940      1024.00
   85327.871     0.999121         7940      1137.78
   85327.871     0.999219         7940      1280.00
   85393.407     0.999316         7941      1462.86
   85458.943     0.999414         7942      1706.67
   85524.479     0.999512         7943      2048.00
   85524.479     0.999561         7943      2275.56
   85524.479     0.999609         7943      2560.00
   85590.015     0.999658         7945      2925.71
   85590.015     0.999707         7945      3413.33
   85590.015     0.999756         7945      4096.00
   85590.015     0.999780         7945      4551.11
   85590.015     0.999805         7945      5120.00
   85590.015     0.999829         7945      5851.43
   85590.015     0.999854         7945      6826.67
   85655.551     0.999878         7946      8192.00
   85655.551     1.000000         7946          inf
#[Mean    =    46055.279, StdDeviation   =    22583.215]
#[Max     =    85590.016, Total count    =         7946]
#[Buckets =           27, SubBuckets     =         2048]
----------------------------------------------------------
  8678 requests in 2.00m, 2.05MB read
Requests/sec:     72.31
Transfer/sec:     17.51KB
