Running 2m test @ http://10.102.123.170:11000/a?value=1
  2 threads and 4 connections
  Thread calibration: mean lat.: 2597.175ms, rate sampling interval: 8658ms
  Thread calibration: mean lat.: 2381.856ms, rate sampling interval: 8212ms
  Thread Stats   Avg      Stdev     Max   +/- Stdev
    Latency    30.76s    15.10s    0.96m    57.49%
    Req/Sec    25.96      0.45    27.00    100.00%
  Latency Distribution (HdrHistogram - Recorded Latency)
 50.000%   30.77s 
 75.000%   44.04s 
 90.000%    0.86m 
 99.000%    0.94m 
 99.900%    0.95m 
 99.990%    0.96m 
 99.999%    0.96m 
100.000%    0.96m 

  Detailed Percentile spectrum:
       Value   Percentile   TotalCount 1/(1-Percentile)

    4534.271     0.000000            2         1.00
    9764.863     0.100000          584         1.11
   15065.087     0.200000         1163         1.25
   20250.623     0.300000         1746         1.43
   25477.119     0.400000         2326         1.67
   30769.151     0.500000         2908         2.00
   33587.199     0.550000         3201         2.22
   36175.871     0.600000         3491         2.50
   38830.079     0.650000         3780         2.86
   41451.519     0.700000         4072         3.33
   44040.191     0.750000         4362         4.00
   45285.375     0.775000         4507         4.44
   46465.023     0.800000         4656         5.00
   47808.511     0.825000         4798         5.71
   49086.463     0.850000         4945         6.67
   50298.879     0.875000         5091         8.00
   50921.471     0.887500         5163         8.89
   51478.527     0.900000         5234        10.00
   52068.351     0.912500         5310        11.43
   52658.175     0.925000         5384        13.33
   53313.535     0.937500         5455        16.00
   53608.447     0.943750         5490        17.78
   53936.127     0.950000         5527        20.00
   54263.807     0.956250         5561        22.86
   54591.487     0.962500         5597        26.67
   54984.703     0.968750         5634        32.00
   55181.311     0.971875         5654        35.56
   55312.383     0.975000         5670        40.00
   55508.991     0.978125         5688        45.71
   55672.831     0.981250         5706        53.33
   55902.207     0.984375         5725        64.00
   56000.511     0.985938         5736        71.11
   56066.047     0.987500         5744        80.00
   56164.351     0.989062         5752        91.43
   56295.423     0.990625         5765       106.67
   56393.727     0.992188         5772       128.00
   56426.495     0.992969         5775       142.22
   56492.031     0.993750         5781       160.00
   56557.567     0.994531         5785       182.86
   56623.103     0.995313         5788       213.33
   56754.175     0.996094         5793       256.00
   56819.711     0.996484         5796       284.44
   56885.247     0.996875         5799       320.00
   56918.015     0.997266         5801       365.71
   56950.783     0.997656         5803       426.67
   56983.551     0.998047         5804       512.00
   57016.319     0.998242         5806       568.89
   57016.319     0.998437         5806       640.00
   57114.623     0.998633         5808       731.43
   57147.391     0.998828         5809       853.33
   57180.159     0.999023         5811      1024.00
   57180.159     0.999121         5811      1137.78
   57180.159     0.999219         5811      1280.00
   57212.927     0.999316         5812      1462.86
   57212.927     0.999414         5812      1706.67
   57278.463     0.999512         5813      2048.00
   57278.463     0.999561         5813      2275.56
   57278.463     0.999609         5813      2560.00
   57343.999     0.999658         5814      2925.71
   57343.999     0.999707         5814      3413.33
   57343.999     0.999756         5814      4096.00
   57343.999     0.999780         5814      4551.11
   57343.999     0.999805         5814      5120.00
   57409.535     0.999829         5815      5851.43
   57409.535     1.000000         5815          inf
#[Mean    =    30759.955, StdDeviation   =    15099.204]
#[Max     =    57376.768, Total count    =         5815]
#[Buckets =           27, SubBuckets     =         2048]
----------------------------------------------------------
  6346 requests in 2.00m, 1.50MB read
Requests/sec:     52.87
Transfer/sec:     12.81KB
