Running 2m test @ http://10.102.123.170:11000/a?value=1
  2 threads and 4 connections
  Thread calibration: mean lat.: 802.863ms, rate sampling interval: 2289ms
  Thread calibration: mean lat.: 37.862ms, rate sampling interval: 117ms
  Thread Stats   Avg      Stdev     Max   +/- Stdev
    Latency     2.48s     3.08s    9.72s    79.10%
    Req/Sec    39.58      7.30    68.00     76.90%
  Latency Distribution (HdrHistogram - Recorded Latency)
 50.000%   59.97ms
 75.000%    4.87s 
 90.000%    7.56s 
 99.000%    9.37s 
 99.900%    9.68s 
 99.990%    9.72s 
 99.999%    9.73s 
100.000%    9.73s 

  Detailed Percentile spectrum:
       Value   Percentile   TotalCount 1/(1-Percentile)

      14.743     0.000000            1         1.00
      19.023     0.100000          851         1.11
      26.671     0.200000         1694         1.25
      29.935     0.300000         2545         1.43
      45.119     0.400000         3385         1.67
      59.967     0.500000         4232         2.00
    1559.551     0.550000         4654         2.22
    2187.263     0.600000         5077         2.50
    3088.383     0.650000         5500         2.86
    3946.495     0.700000         5923         3.33
    4874.239     0.750000         6346         4.00
    5160.959     0.775000         6559         4.44
    5890.047     0.800000         6770         5.00
    6356.991     0.825000         6981         5.71
    6750.207     0.850000         7192         6.67
    7167.999     0.875000         7405         8.00
    7282.687     0.887500         7511         8.89
    7561.215     0.900000         7617        10.00
    7847.935     0.912500         7721        11.43
    8294.399     0.925000         7828        13.33
    8519.679     0.937500         7936        16.00
    8642.559     0.943750         7986        17.78
    8773.631     0.950000         8042        20.00
    8904.703     0.956250         8091        22.86
    8953.855     0.962500         8155        26.67
    9019.391     0.968750         8197        32.00
    9076.735     0.971875         8228        35.56
    9125.887     0.975000         8251        40.00
    9183.231     0.978125         8276        45.71
    9215.999     0.981250         8310        53.33
    9265.151     0.984375         8330        64.00
    9297.919     0.985938         8343        71.11
    9330.687     0.987500         8358        80.00
    9355.263     0.989062         8370        91.43
    9371.647     0.990625         8382       106.67
    9396.223     0.992188         8395       128.00
    9420.799     0.992969         8402       142.22
    9445.375     0.993750         8410       160.00
    9461.759     0.994531         8416       182.86
    9494.527     0.995313         8422       213.33
    9519.103     0.996094         8428       256.00
    9535.487     0.996484         8432       284.44
    9551.871     0.996875         8435       320.00
    9568.255     0.997266         8438       365.71
    9592.831     0.997656         8442       426.67
    9641.983     0.998047         8445       512.00
    9658.367     0.998242         8449       568.89
    9658.367     0.998437         8449       640.00
    9666.559     0.998633         8451       731.43
    9682.943     0.998828         8453       853.33
    9682.943     0.999023         8453      1024.00
    9699.327     0.999121         8455      1137.78
    9699.327     0.999219         8455      1280.00
    9707.519     0.999316         8458      1462.86
    9707.519     0.999414         8458      1706.67
    9707.519     0.999512         8458      2048.00
    9707.519     0.999561         8458      2275.56
    9707.519     0.999609         8458      2560.00
    9715.711     0.999658         8460      2925.71
    9715.711     0.999707         8460      3413.33
    9715.711     0.999756         8460      4096.00
    9715.711     0.999780         8460      4551.11
    9715.711     0.999805         8460      5120.00
    9715.711     0.999829         8460      5851.43
    9715.711     0.999854         8460      6826.67
    9715.711     0.999878         8460      8192.00
    9732.095     0.999890         8461      9102.22
    9732.095     1.000000         8461          inf
#[Mean    =     2479.777, StdDeviation   =     3083.511]
#[Max     =     9723.904, Total count    =         8461]
#[Buckets =           27, SubBuckets     =         2048]
----------------------------------------------------------
  9215 requests in 2.00m, 2.18MB read
Requests/sec:     76.78
Transfer/sec:     18.60KB
