Running 2m test @ http://10.102.123.170:11000/a?value=1
  2 threads and 4 connections
  Thread calibration: mean lat.: 2495.224ms, rate sampling interval: 8724ms
  Thread calibration: mean lat.: 2105.171ms, rate sampling interval: 7643ms
  Thread Stats   Avg      Stdev     Max   +/- Stdev
    Latency    28.23s    15.34s    1.00m    60.46%
    Req/Sec    41.73      4.60    51.00     73.08%
  Latency Distribution (HdrHistogram - Recorded Latency)
 50.000%   26.17s 
 75.000%   40.27s 
 90.000%    0.87m 
 99.000%    0.98m 
 99.900%    1.00m 
 99.990%    1.00m 
 99.999%    1.00m 
100.000%    1.00m 

  Detailed Percentile spectrum:
       Value   Percentile   TotalCount 1/(1-Percentile)

    3526.655     0.000000            1         1.00
    8806.399     0.100000          922         1.11
   13271.039     0.200000         1843         1.25
   17629.183     0.300000         2765         1.43
   22003.711     0.400000         3688         1.67
   26165.247     0.500000         4612         2.00
   28344.319     0.550000         5069         2.22
   30638.079     0.600000         5528         2.50
   32325.631     0.650000         5990         2.86
   36044.799     0.700000         6451         3.33
   40271.871     0.750000         6909         4.00
   42205.183     0.775000         7141         4.44
   44171.263     0.800000         7375         5.00
   45940.735     0.825000         7607         5.71
   47710.207     0.850000         7830         6.67
   49774.591     0.875000         8063         8.00
   50790.399     0.887500         8175         8.89
   51904.511     0.900000         8290        10.00
   52953.087     0.912500         8407        11.43
   53968.895     0.925000         8521        13.33
   54919.167     0.937500         8638        16.00
   55410.687     0.943750         8693        17.78
   55934.975     0.950000         8756        20.00
   56426.495     0.956250         8812        22.86
   56885.247     0.962500         8866        26.67
   57376.767     0.968750         8925        32.00
   57638.911     0.971875         8952        35.56
   57868.287     0.975000         8985        40.00
   58097.663     0.978125         9012        45.71
   58359.807     0.981250         9041        53.33
   58589.183     0.984375         9073        64.00
   58687.487     0.985938         9084        71.11
   58818.559     0.987500         9098        80.00
   58949.631     0.989062         9112        91.43
   59080.703     0.990625         9125       106.67
   59244.543     0.992188         9144       128.00
   59277.311     0.992969         9148       142.22
   59342.847     0.993750         9160       160.00
   59375.615     0.994531         9166       182.86
   59408.383     0.995313         9171       213.33
   59441.151     0.996094         9178       256.00
   59473.919     0.996484         9179       284.44
   59572.223     0.996875         9188       320.00
   59572.223     0.997266         9188       365.71
   59604.991     0.997656         9192       426.67
   59670.527     0.998047         9194       512.00
   59703.295     0.998242         9195       568.89
   59768.831     0.998437         9197       640.00
   59867.135     0.998633         9200       731.43
   59899.903     0.998828         9201       853.33
   59998.207     0.999023         9203      1024.00
   59998.207     0.999121         9203      1137.78
   60030.975     0.999219         9205      1280.00
   60030.975     0.999316         9205      1462.86
   60063.743     0.999414         9206      1706.67
   60096.511     0.999512         9207      2048.00
   60096.511     0.999561         9207      2275.56
   60129.279     0.999609         9209      2560.00
   60129.279     0.999658         9209      2925.71
   60129.279     0.999707         9209      3413.33
   60129.279     0.999756         9209      4096.00
   60129.279     0.999780         9209      4551.11
   60194.815     0.999805         9211      5120.00
   60194.815     1.000000         9211          inf
#[Mean    =    28234.520, StdDeviation   =    15337.043]
#[Max     =    60162.048, Total count    =         9211]
#[Buckets =           27, SubBuckets     =         2048]
----------------------------------------------------------
  10022 requests in 2.00m, 2.37MB read
Requests/sec:     83.50
Transfer/sec:     20.23KB
