Running 3m test @ http://10.108.73.23:9080/productpage
  4 threads and 10 connections
  Thread calibration: mean lat.: 1712.245ms, rate sampling interval: 6467ms
  Thread calibration: mean lat.: 1910.108ms, rate sampling interval: 7426ms
  Thread calibration: mean lat.: 2501.750ms, rate sampling interval: 8486ms
  Thread calibration: mean lat.: 2325.585ms, rate sampling interval: 7987ms
  Thread Stats   Avg      Stdev     Max   +/- Stdev
    Latency    39.74s    22.00s    1.39m    58.69%
    Req/Sec    28.21      2.41    36.00     80.90%
  Latency Distribution (HdrHistogram - Recorded Latency)
 50.000%   37.85s 
 75.000%    0.97m 
 90.000%    1.20m 
 99.000%    1.35m 
 99.900%    1.38m 
 99.990%    1.39m 
 99.999%    1.39m 
100.000%    1.39m 

  Detailed Percentile spectrum:
       Value   Percentile   TotalCount 1/(1-Percentile)

    2568.191     0.000000            1         1.00
   10854.399     0.100000         1945         1.11
   17530.879     0.200000         3886         1.25
   24248.319     0.300000         5828         1.43
   30851.071     0.400000         7769         1.67
   37847.039     0.500000         9713         2.00
   41680.895     0.550000        10686         2.22
   45154.303     0.600000        11655         2.50
   48857.087     0.650000        12629         2.86
   53477.375     0.700000        13595         3.33
   57999.359     0.750000        14566         4.00
   60358.655     0.775000        15055         4.44
   62685.183     0.800000        15537         5.00
   65142.783     0.825000        16030         5.71
   67567.615     0.850000        16508         6.67
   69992.447     0.875000        16994         8.00
   71106.559     0.887500        17237         8.89
   72089.599     0.900000        17487        10.00
   73138.175     0.912500        17724        11.43
   74317.823     0.925000        17978        13.33
   75366.399     0.937500        18208        16.00
   75956.223     0.943750        18338        17.78
   76414.975     0.950000        18454        20.00
   77004.799     0.956250        18572        22.86
   77725.695     0.962500        18696        26.67
   78577.663     0.968750        18833        32.00
   78905.343     0.971875        18883        35.56
   79167.487     0.975000        18944        40.00
   79560.703     0.978125        19006        45.71
   79888.383     0.981250        19061        53.33
   80216.063     0.984375        19118        64.00
   80412.671     0.985938        19155        71.11
   80543.743     0.987500        19182        80.00
   80674.815     0.989062        19212        91.43
   80936.959     0.990625        19240       106.67
   81133.567     0.992188        19270       128.00
   81199.103     0.992969        19284       142.22
   81395.711     0.993750        19311       160.00
   81461.247     0.994531        19314       182.86
   81657.855     0.995313        19332       213.33
   81723.391     0.996094        19346       256.00
   81854.463     0.996484        19356       284.44
   81985.535     0.996875        19363       320.00
   82116.607     0.997266        19369       365.71
   82313.215     0.997656        19380       426.67
   82575.359     0.998047        19386       512.00
   82575.359     0.998242        19386       568.89
   82706.431     0.998437        19390       640.00
   82903.039     0.998633        19395       731.43
   83034.111     0.998828        19399       853.33
   83099.647     0.999023        19403      1024.00
   83099.647     0.999121        19403      1137.78
   83165.183     0.999219        19413      1280.00
   83165.183     0.999316        19413      1462.86
   83165.183     0.999414        19413      1706.67
   83165.183     0.999512        19413      2048.00
   83165.183     0.999561        19413      2275.56
   83165.183     0.999609        19413      2560.00
   83296.255     0.999658        19414      2925.71
   83427.327     0.999707        19417      3413.33
   83427.327     0.999756        19417      4096.00
   83427.327     0.999780        19417      4551.11
   83427.327     0.999805        19417      5120.00
   83427.327     0.999829        19417      5851.43
   83558.399     0.999854        19420      6826.67
   83558.399     1.000000        19420          inf
#[Mean    =    39738.696, StdDeviation   =    22002.812]
#[Max     =    83492.864, Total count    =        19420]
#[Buckets =           27, SubBuckets     =         2048]
----------------------------------------------------------
  20585 requests in 3.00m, 301.03MB read
Requests/sec:    114.34
Transfer/sec:      1.67MB
