Running 3m test @ http://10.99.205.204:11000/a?value=1
  4 threads and 10 connections
  Thread calibration: mean lat.: 2320.760ms, rate sampling interval: 6770ms
  Thread calibration: mean lat.: 2364.405ms, rate sampling interval: 7315ms
  Thread calibration: mean lat.: 2747.621ms, rate sampling interval: 6967ms
  Thread calibration: mean lat.: 2561.590ms, rate sampling interval: 7610ms
  Thread Stats   Avg      Stdev     Max   +/- Stdev
    Latency    24.49s    12.54s    0.88m    60.86%
    Req/Sec    14.55      0.85    17.00     98.94%
  Latency Distribution (HdrHistogram - Recorded Latency)
 50.000%   23.72s 
 75.000%   33.98s 
 90.000%   42.86s 
 99.000%   49.12s 
 99.900%    0.87m 
 99.990%    0.88m 
 99.999%    0.88m 
100.000%    0.88m 

  Detailed Percentile spectrum:
       Value   Percentile   TotalCount 1/(1-Percentile)

    2545.663     0.000000            1         1.00
    7819.263     0.100000         1022         1.11
   11829.247     0.200000         2042         1.25
   15843.327     0.300000         3062         1.43
   19955.711     0.400000         4088         1.67
   23724.031     0.500000         5109         2.00
   25821.183     0.550000         5619         2.22
   27901.951     0.600000         6128         2.50
   29949.951     0.650000         6637         2.86
   31965.183     0.700000         7150         3.33
   33980.415     0.750000         7663         4.00
   35028.991     0.775000         7917         4.44
   36306.943     0.800000         8169         5.00
   37814.271     0.825000         8420         5.71
   39452.671     0.850000         8677         6.67
   41287.679     0.875000         8932         8.00
   42139.647     0.887500         9060         8.89
   42860.543     0.900000         9186        10.00
   43745.279     0.912500         9316        11.43
   44597.247     0.925000         9441        13.33
   45449.215     0.937500         9569        16.00
   45940.735     0.943750         9633        17.78
   46268.415     0.950000         9701        20.00
   46825.471     0.956250         9761        22.86
   47284.223     0.962500         9825        26.67
   47644.671     0.968750         9891        32.00
   47841.279     0.971875         9923        35.56
   47939.583     0.975000         9956        40.00
   48168.959     0.978125         9983        45.71
   48463.871     0.981250        10015        53.33
   48627.711     0.984375        10051        64.00
   48693.247     0.985938        10064        71.11
   48857.087     0.987500        10084        80.00
   48955.391     0.989062        10095        91.43
   49217.535     0.990625        10115       106.67
   49348.607     0.992188        10127       128.00
   49446.911     0.992969        10137       142.22
   49610.751     0.993750        10144       160.00
   49840.127     0.994531        10151       182.86
   50135.039     0.995313        10160       213.33
   50429.951     0.996094        10167       256.00
   50495.487     0.996484        10172       284.44
   50528.255     0.996875        10175       320.00
   50888.703     0.997266        10179       365.71
   51183.615     0.997656        10183       426.67
   51347.455     0.998047        10187       512.00
   51478.527     0.998242        10190       568.89
   51576.831     0.998437        10191       640.00
   51740.671     0.998633        10193       731.43
   51871.743     0.998828        10195       853.33
   52002.815     0.999023        10197      1024.00
   52068.351     0.999121        10198      1137.78
   52101.119     0.999219        10199      1280.00
   52199.423     0.999316        10200      1462.86
   52264.959     0.999414        10201      1706.67
   52396.031     0.999512        10202      2048.00
   52396.031     0.999561        10202      2275.56
   52559.871     0.999609        10204      2560.00
   52559.871     0.999658        10204      2925.71
   52559.871     0.999707        10204      3413.33
   52559.871     0.999756        10204      4096.00
   52559.871     0.999780        10204      4551.11
   52625.407     0.999805        10205      5120.00
   52625.407     0.999829        10205      5851.43
   52625.407     0.999854        10205      6826.67
   52625.407     0.999878        10205      8192.00
   52625.407     0.999890        10205      9102.22
   52658.175     0.999902        10206     10240.00
   52658.175     1.000000        10206          inf
#[Mean    =    24491.564, StdDeviation   =    12543.008]
#[Max     =    52625.408, Total count    =        10206]
#[Buckets =           27, SubBuckets     =         2048]
----------------------------------------------------------
  10723 requests in 3.00m, 2.54MB read
Requests/sec:     59.57
Transfer/sec:     14.46KB
