Running 3m test @ http://10.99.205.204:11000/a?value=1
  4 threads and 10 connections
  Thread calibration: mean lat.: 2744.752ms, rate sampling interval: 7753ms
  Thread calibration: mean lat.: 2752.050ms, rate sampling interval: 8716ms
  Thread calibration: mean lat.: 2891.318ms, rate sampling interval: 8937ms
  Thread calibration: mean lat.: 2741.487ms, rate sampling interval: 7938ms
  Thread Stats   Avg      Stdev     Max   +/- Stdev
    Latency    37.13s    19.23s    1.27m    58.90%
    Req/Sec    14.84      0.84    17.00     95.00%
  Latency Distribution (HdrHistogram - Recorded Latency)
 50.000%   37.00s 
 75.000%    0.89m 
 90.000%    1.06m 
 99.000%    1.22m 
 99.900%    1.26m 
 99.990%    1.27m 
 99.999%    1.27m 
100.000%    1.27m 

  Detailed Percentile spectrum:
       Value   Percentile   TotalCount 1/(1-Percentile)

    3942.399     0.000000            2         1.00
   10608.639     0.100000         1045         1.11
   17383.423     0.200000         2089         1.25
   23707.647     0.300000         3132         1.43
   30064.639     0.400000         4179         1.67
   36995.071     0.500000         5225         2.00
   40271.871     0.550000         5743         2.22
   43614.207     0.600000         6265         2.50
   46891.007     0.650000         6788         2.86
   50069.503     0.700000         7309         3.33
   53444.607     0.750000         7833         4.00
   54984.703     0.775000         8095         4.44
   56754.175     0.800000         8361         5.00
   58327.039     0.825000         8615         5.71
   59899.903     0.850000         8874         6.67
   61603.839     0.875000         9137         8.00
   62554.111     0.887500         9267         8.89
   63307.775     0.900000         9400        10.00
   64389.119     0.912500         9528        11.43
   65241.087     0.925000         9657        13.33
   66420.735     0.937500         9791        16.00
   67239.935     0.943750         9858        17.78
   67895.295     0.950000         9919        20.00
   68485.119     0.956250         9987        22.86
   69140.479     0.962500        10050        26.67
   69926.911     0.968750        10121        32.00
   70254.591     0.971875        10147        35.56
   70647.807     0.975000        10190        40.00
   70909.951     0.978125        10214        45.71
   71368.703     0.981250        10245        53.33
   72155.135     0.984375        10280        64.00
   72351.743     0.985938        10294        71.11
   72613.887     0.987500        10310        80.00
   72941.567     0.989062        10326        91.43
   73203.711     0.990625        10344       106.67
   73465.855     0.992188        10359       128.00
   73596.927     0.992969        10367       142.22
   73793.535     0.993750        10376       160.00
   73990.143     0.994531        10384       182.86
   74186.751     0.995313        10392       213.33
   74448.895     0.996094        10402       256.00
   74514.431     0.996484        10404       284.44
   74645.503     0.996875        10409       320.00
   74776.575     0.997266        10413       365.71
   74842.111     0.997656        10418       426.67
   74973.183     0.998047        10420       512.00
   75104.255     0.998242        10422       568.89
   75235.327     0.998437        10426       640.00
   75235.327     0.998633        10426       731.43
   75431.935     0.998828        10428       853.33
   75563.007     0.999023        10430      1024.00
   75628.543     0.999121        10431      1137.78
   75694.079     0.999219        10433      1280.00
   75694.079     0.999316        10433      1462.86
   75759.615     0.999414        10435      1706.67
   75759.615     0.999512        10435      2048.00
   75956.223     0.999561        10436      2275.56
   75956.223     0.999609        10436      2560.00
   76021.759     0.999658        10437      2925.71
   76021.759     0.999707        10437      3413.33
   76152.831     0.999756        10438      4096.00
   76152.831     0.999780        10438      4551.11
   76152.831     0.999805        10438      5120.00
   76218.367     0.999829        10439      5851.43
   76218.367     0.999854        10439      6826.67
   76218.367     0.999878        10439      8192.00
   76218.367     0.999890        10439      9102.22
   76218.367     0.999902        10439     10240.00
   76414.975     0.999915        10440     11702.86
   76414.975     1.000000        10440          inf
#[Mean    =    37130.552, StdDeviation   =    19233.626]
#[Max     =    76349.440, Total count    =        10440]
#[Buckets =           27, SubBuckets     =         2048]
----------------------------------------------------------
  10994 requests in 3.00m, 2.61MB read
Requests/sec:     61.07
Transfer/sec:     14.83KB
