Running 2m test @ http://10.108.73.23:9080/productpage
  4 threads and 10 connections
  Thread calibration: mean lat.: 3403.483ms, rate sampling interval: 11198ms
  Thread calibration: mean lat.: 3562.069ms, rate sampling interval: 11550ms
  Thread calibration: mean lat.: 3348.847ms, rate sampling interval: 10723ms
  Thread calibration: mean lat.: 3465.768ms, rate sampling interval: 11370ms
  Thread Stats   Avg      Stdev     Max   +/- Stdev
    Latency    35.67s    17.63s    1.15m    58.62%
    Req/Sec    16.00      1.16    18.00    100.00%
  Latency Distribution (HdrHistogram - Recorded Latency)
 50.000%   34.47s 
 75.000%   50.59s 
 90.000%    1.03m 
 99.000%    1.12m 
 99.900%    1.14m 
 99.990%    1.15m 
 99.999%    1.15m 
100.000%    1.15m 

  Detailed Percentile spectrum:
       Value   Percentile   TotalCount 1/(1-Percentile)

    5906.431     0.000000            1         1.00
   12189.695     0.100000          732         1.11
   18038.783     0.200000         1465         1.25
   23494.655     0.300000         2196         1.43
   28917.759     0.400000         2928         1.67
   34471.935     0.500000         3656         2.00
   37224.447     0.550000         4024         2.22
   40009.727     0.600000         4390         2.50
   42991.615     0.650000         4754         2.86
   47054.847     0.700000         5119         3.33
   50626.559     0.750000         5489         4.00
   52428.799     0.775000         5669         4.44
   54296.575     0.800000         5849         5.00
   56229.887     0.825000         6032         5.71
   58097.663     0.850000         6217         6.67
   59867.135     0.875000         6399         8.00
   60784.639     0.887500         6493         8.89
   61538.303     0.900000         6580        10.00
   62390.271     0.912500         6674        11.43
   63176.703     0.925000         6767        13.33
   63930.367     0.937500         6856        16.00
   64258.047     0.943750         6902        17.78
   64618.495     0.950000         6949        20.00
   65011.711     0.956250         6993        22.86
   65372.159     0.962500         7039        26.67
   65699.839     0.968750         7085        32.00
   65863.679     0.971875         7111        35.56
   66027.519     0.975000         7132        40.00
   66191.359     0.978125         7152        45.71
   66387.967     0.981250         7174        53.33
   66584.575     0.984375         7198        64.00
   66715.647     0.985938         7212        71.11
   66813.951     0.987500         7221        80.00
   67010.559     0.989062         7233        91.43
   67239.935     0.990625         7244       106.67
   67436.543     0.992188         7254       128.00
   67502.079     0.992969         7260       142.22
   67633.151     0.993750         7267       160.00
   67764.223     0.994531         7273       182.86
   67895.295     0.995313         7281       213.33
   67960.831     0.996094         7283       256.00
   68026.367     0.996484         7286       284.44
   68157.439     0.996875         7294       320.00
   68157.439     0.997266         7294       365.71
   68157.439     0.997656         7294       426.67
   68288.511     0.998047         7297       512.00
   68419.583     0.998242         7299       568.89
   68485.119     0.998437         7300       640.00
   68616.191     0.998633         7303       731.43
   68616.191     0.998828         7303       853.33
   68681.727     0.999023         7304      1024.00
   68747.263     0.999121         7306      1137.78
   68747.263     0.999219         7306      1280.00
   68812.799     0.999316         7307      1462.86
   68812.799     0.999414         7307      1706.67
   68878.335     0.999512         7308      2048.00
   68878.335     0.999561         7308      2275.56
   68943.871     0.999609         7309      2560.00
   68943.871     0.999658         7309      2925.71
   68943.871     0.999707         7309      3413.33
   69009.407     0.999756         7310      4096.00
   69009.407     0.999780         7310      4551.11
   69009.407     0.999805         7310      5120.00
   69009.407     0.999829         7310      5851.43
   69009.407     0.999854         7310      6826.67
   69074.943     0.999878         7311      8192.00
   69074.943     1.000000         7311          inf
#[Mean    =    35665.655, StdDeviation   =    17634.319]
#[Max     =    69009.408, Total count    =         7311]
#[Buckets =           27, SubBuckets     =         2048]
----------------------------------------------------------
  7902 requests in 2.00m, 115.56MB read
Requests/sec:     65.84
Transfer/sec:      0.96MB
