Running 2m test @ http://10.108.73.23:9080/productpage
  4 threads and 10 connections
  Thread calibration: mean lat.: 399.719ms, rate sampling interval: 2463ms
  Thread calibration: mean lat.: 246.045ms, rate sampling interval: 1507ms
  Thread calibration: mean lat.: 41.076ms, rate sampling interval: 170ms
  Thread calibration: mean lat.: 277.933ms, rate sampling interval: 1698ms
  Thread Stats   Avg      Stdev     Max   +/- Stdev
    Latency     2.35s     3.66s   12.76s    80.67%
    Req/Sec    19.21      4.18    29.00     86.80%
  Latency Distribution (HdrHistogram - Recorded Latency)
 50.000%   60.83ms
 75.000%    4.34s 
 90.000%    8.97s 
 99.000%   11.95s 
 99.900%   12.66s 
 99.990%   12.76s 
 99.999%   12.77s 
100.000%   12.77s 

  Detailed Percentile spectrum:
       Value   Percentile   TotalCount 1/(1-Percentile)

       8.855     0.000000            1         1.00
      13.287     0.100000          848         1.11
      18.063     0.200000         1696         1.25
      41.919     0.300000         2547         1.43
      50.143     0.400000         3389         1.67
      60.831     0.500000         4235         2.00
      76.351     0.550000         4662         2.22
      89.471     0.600000         5082         2.50
     931.327     0.650000         5506         2.86
    2768.895     0.700000         5929         3.33
    4337.663     0.750000         6354         4.00
    5136.383     0.775000         6568         4.44
    5853.183     0.800000         6776         5.00
    6422.527     0.825000         6988         5.71
    7372.799     0.850000         7200         6.67
    8040.447     0.875000         7412         8.00
    8437.759     0.887500         7520         8.89
    8970.239     0.900000         7626        10.00
    9379.839     0.912500         7729        11.43
    9756.671     0.925000         7835        13.33
   10092.543     0.937500         7941        16.00
   10362.879     0.943750         7997        17.78
   10600.447     0.950000         8047        20.00
   10846.207     0.956250         8101        22.86
   11067.391     0.962500         8153        26.67
   11272.191     0.968750         8207        32.00
   11345.919     0.971875         8233        35.56
   11444.223     0.975000         8259        40.00
   11468.799     0.978125         8287        45.71
   11550.719     0.981250         8314        53.33
   11599.871     0.984375         8338        64.00
   11763.711     0.985938         8351        71.11
   11862.015     0.987500         8367        80.00
   11894.783     0.989062         8378        91.43
   11968.511     0.990625         8391       106.67
   12140.543     0.992188         8404       128.00
   12173.311     0.992969         8411       142.22
   12247.039     0.993750         8419       160.00
   12296.191     0.994531         8425       182.86
   12345.343     0.995313         8432       213.33
   12386.303     0.996094         8437       256.00
   12443.647     0.996484         8441       284.44
   12460.031     0.996875         8444       320.00
   12468.223     0.997266         8449       365.71
   12476.415     0.997656         8453       426.67
   12500.991     0.998047         8456       512.00
   12500.991     0.998242         8456       568.89
   12541.951     0.998437         8457       640.00
   12640.255     0.998633         8460       731.43
   12648.447     0.998828         8461       853.33
   12664.831     0.999023         8464      1024.00
   12664.831     0.999121         8464      1137.78
   12664.831     0.999219         8464      1280.00
   12673.023     0.999316         8465      1462.86
   12705.791     0.999414         8466      1706.67
   12705.791     0.999512         8466      2048.00
   12746.751     0.999561         8467      2275.56
   12746.751     0.999609         8467      2560.00
   12763.135     0.999658         8469      2925.71
   12763.135     0.999707         8469      3413.33
   12763.135     0.999756         8469      4096.00
   12763.135     0.999780         8469      4551.11
   12763.135     0.999805         8469      5120.00
   12763.135     0.999829         8469      5851.43
   12763.135     0.999854         8469      6826.67
   12763.135     0.999878         8469      8192.00
   12771.327     0.999890         8470      9102.22
   12771.327     1.000000         8470          inf
#[Mean    =     2350.715, StdDeviation   =     3663.508]
#[Max     =    12763.136, Total count    =         8470]
#[Buckets =           27, SubBuckets     =         2048]
----------------------------------------------------------
  9238 requests in 2.00m, 135.10MB read
Requests/sec:     76.97
Transfer/sec:      1.13MB
