Running 3m test @ http://10.99.205.204:11000/a?value=1
  4 threads and 10 connections
  Thread calibration: mean lat.: 2077.330ms, rate sampling interval: 6975ms
  Thread calibration: mean lat.: 2059.162ms, rate sampling interval: 7098ms
  Thread calibration: mean lat.: 1953.144ms, rate sampling interval: 6746ms
  Thread calibration: mean lat.: 2004.427ms, rate sampling interval: 6799ms
  Thread Stats   Avg      Stdev     Max   +/- Stdev
    Latency    36.14s    18.55s    1.14m    58.03%
    Req/Sec    15.05      0.54    16.00    100.00%
  Latency Distribution (HdrHistogram - Recorded Latency)
 50.000%   36.41s 
 75.000%    0.87m 
 90.000%    1.03m 
 99.000%    1.13m 
 99.900%    1.14m 
 99.990%    1.14m 
 99.999%    1.14m 
100.000%    1.14m 

  Detailed Percentile spectrum:
       Value   Percentile   TotalCount 1/(1-Percentile)

    3606.527     0.000000            1         1.00
   10444.799     0.100000         1057         1.11
   16859.135     0.200000         2115         1.25
   23232.511     0.300000         3169         1.43
   29835.263     0.400000         4222         1.67
   36405.247     0.500000         5284         2.00
   39550.975     0.550000         5815         2.22
   42795.007     0.600000         6338         2.50
   45842.431     0.650000         6863         2.86
   49086.463     0.700000         7396         3.33
   52199.423     0.750000         7920         4.00
   53673.983     0.775000         8181         4.44
   55345.151     0.800000         8449         5.00
   56983.551     0.825000         8713         5.71
   58490.879     0.850000         8975         6.67
   59998.207     0.875000         9236         8.00
   60784.639     0.887500         9369         8.89
   61603.839     0.900000         9502        10.00
   62455.807     0.912500         9632        11.43
   63307.775     0.925000         9768        13.33
   64159.743     0.937500         9898        16.00
   64618.495     0.943750         9966        17.78
   65011.711     0.950000        10032        20.00
   65372.159     0.956250        10095        22.86
   65830.911     0.962500        10161        26.67
   66191.359     0.968750        10231        32.00
   66387.967     0.971875        10259        35.56
   66617.343     0.975000        10293        40.00
   66813.951     0.978125        10325        45.71
   67043.327     0.981250        10367        53.33
   67239.935     0.984375        10393        64.00
   67371.007     0.985938        10416        71.11
   67436.543     0.987500        10429        80.00
   67567.615     0.989062        10447        91.43
   67633.151     0.990625        10457       106.67
   67764.223     0.992188        10474       128.00
   67829.759     0.992969        10489       142.22
   67895.295     0.993750        10498       160.00
   67895.295     0.994531        10498       182.86
   68026.367     0.995313        10511       213.33
   68091.903     0.996094        10515       256.00
   68157.439     0.996484        10524       284.44
   68157.439     0.996875        10524       320.00
   68222.975     0.997266        10528       365.71
   68288.511     0.997656        10535       426.67
   68288.511     0.998047        10535       512.00
   68354.047     0.998242        10537       568.89
   68419.583     0.998437        10542       640.00
   68419.583     0.998633        10542       731.43
   68485.119     0.998828        10549       853.33
   68485.119     0.999023        10549      1024.00
   68485.119     0.999121        10549      1137.78
   68485.119     0.999219        10549      1280.00
   68485.119     0.999316        10549      1462.86
   68485.119     0.999414        10549      1706.67
   68550.655     0.999512        10553      2048.00
   68550.655     0.999561        10553      2275.56
   68550.655     0.999609        10553      2560.00
   68550.655     0.999658        10553      2925.71
   68550.655     0.999707        10553      3413.33
   68550.655     0.999756        10553      4096.00
   68550.655     0.999780        10553      4551.11
   68550.655     0.999805        10553      5120.00
   68616.191     0.999829        10554      5851.43
   68616.191     0.999854        10554      6826.67
   68616.191     0.999878        10554      8192.00
   68616.191     0.999890        10554      9102.22
   68616.191     0.999902        10554     10240.00
   68681.727     0.999915        10555     11702.86
   68681.727     1.000000        10555          inf
#[Mean    =    36143.982, StdDeviation   =    18547.676]
#[Max     =    68616.192, Total count    =        10555]
#[Buckets =           27, SubBuckets     =         2048]
----------------------------------------------------------
  11182 requests in 3.00m, 2.65MB read
Requests/sec:     62.11
Transfer/sec:     15.08KB
