Running 3m test @ http://10.99.205.204:11000/a?value=1
  4 threads and 10 connections
  Thread calibration: mean lat.: 1952.825ms, rate sampling interval: 5001ms
  Thread calibration: mean lat.: 2364.796ms, rate sampling interval: 7688ms
  Thread calibration: mean lat.: 2451.385ms, rate sampling interval: 8364ms
  Thread calibration: mean lat.: 1913.160ms, rate sampling interval: 5447ms
  Thread Stats   Avg      Stdev     Max   +/- Stdev
    Latency    23.84s    12.72s    0.88m    59.87%
    Req/Sec    14.71      1.20    18.00     90.57%
  Latency Distribution (HdrHistogram - Recorded Latency)
 50.000%   23.13s 
 75.000%   32.62s 
 90.000%   42.80s 
 99.000%   49.84s 
 99.900%    0.87m 
 99.990%    0.88m 
 99.999%    0.88m 
100.000%    0.88m 

  Detailed Percentile spectrum:
       Value   Percentile   TotalCount 1/(1-Percentile)

    2543.615     0.000000            2         1.00
    7229.439     0.100000         1028         1.11
   11034.623     0.200000         2057         1.25
   15015.935     0.300000         3085         1.43
   19021.823     0.400000         4116         1.67
   23134.207     0.500000         5139         2.00
   25149.439     0.550000         5654         2.22
   26984.447     0.600000         6168         2.50
   28835.839     0.650000         6685         2.86
   30621.695     0.700000         7198         3.33
   32620.543     0.750000         7712         4.00
   34340.863     0.775000         7967         4.44
   36306.943     0.800000         8224         5.00
   38141.951     0.825000         8490         5.71
   39550.975     0.850000         8740         6.67
   40927.231     0.875000         8994         8.00
   41844.735     0.887500         9127         8.89
   42795.007     0.900000         9254        10.00
   43745.279     0.912500         9380        11.43
   44564.479     0.925000         9510        13.33
   45383.679     0.937500         9640        16.00
   45875.199     0.943750         9701        17.78
   46268.415     0.950000         9768        20.00
   46628.863     0.956250         9835        22.86
   46891.007     0.962500         9895        26.67
   47448.063     0.968750         9958        32.00
   47775.743     0.971875         9997        35.56
   47906.815     0.975000        10023        40.00
   48300.031     0.978125        10054        45.71
   48693.247     0.981250        10087        53.33
   49053.695     0.984375        10118        64.00
   49250.303     0.985938        10135        71.11
   49479.679     0.987500        10151        80.00
   49741.823     0.989062        10167        91.43
   50003.967     0.990625        10183       106.67
   50397.183     0.992188        10198       128.00
   50593.791     0.992969        10206       142.22
   50724.863     0.993750        10216       160.00
   50855.935     0.994531        10222       182.86
   51019.775     0.995313        10230       213.33
   51249.151     0.996094        10239       256.00
   51347.455     0.996484        10245       284.44
   51380.223     0.996875        10246       320.00
   51642.367     0.997266        10252       365.71
   51707.903     0.997656        10254       426.67
   51806.207     0.998047        10259       512.00
   51871.743     0.998242        10260       568.89
   51904.511     0.998437        10263       640.00
   51937.279     0.998633        10264       731.43
   52035.583     0.998828        10266       853.33
   52133.887     0.999023        10268      1024.00
   52199.423     0.999121        10269      1137.78
   52363.263     0.999219        10270      1280.00
   52428.799     0.999316        10271      1462.86
   52527.103     0.999414        10273      1706.67
   52527.103     0.999512        10273      2048.00
   52559.871     0.999561        10275      2275.56
   52559.871     0.999609        10275      2560.00
   52559.871     0.999658        10275      2925.71
   52559.871     0.999707        10275      3413.33
   52658.175     0.999756        10276      4096.00
   52658.175     0.999780        10276      4551.11
   52658.175     0.999805        10276      5120.00
   52756.479     0.999829        10278      5851.43
   52756.479     1.000000        10278          inf
#[Mean    =    23842.309, StdDeviation   =    12720.452]
#[Max     =    52723.712, Total count    =        10278]
#[Buckets =           27, SubBuckets     =         2048]
----------------------------------------------------------
  10817 requests in 3.00m, 2.57MB read
Requests/sec:     60.09
Transfer/sec:     14.59KB
