Running 2m test @ http://10.108.73.23:9080/productpage
  4 threads and 10 connections
  Thread calibration: mean lat.: 2768.340ms, rate sampling interval: 8986ms
  Thread calibration: mean lat.: 2609.415ms, rate sampling interval: 8609ms
  Thread calibration: mean lat.: 2603.450ms, rate sampling interval: 8318ms
  Thread calibration: mean lat.: 2687.684ms, rate sampling interval: 9052ms
  Thread Stats   Avg      Stdev     Max   +/- Stdev
    Latency    25.61s    12.19s   50.92s    59.64%
    Req/Sec    22.57      1.85    26.00     87.76%
  Latency Distribution (HdrHistogram - Recorded Latency)
 50.000%   24.46s 
 75.000%   36.01s 
 90.000%   42.93s 
 99.000%   49.71s 
 99.900%   50.82s 
 99.990%   50.92s 
 99.999%   50.95s 
100.000%   50.95s 

  Detailed Percentile spectrum:
       Value   Percentile   TotalCount 1/(1-Percentile)

    4530.175     0.000000            1         1.00
    9183.231     0.100000         1018         1.11
   13910.015     0.200000         2036         1.25
   17563.647     0.300000         3051         1.43
   21102.591     0.400000         4069         1.67
   24461.311     0.500000         5085         2.00
   26230.783     0.550000         5596         2.22
   28213.247     0.600000         6104         2.50
   30588.927     0.650000         6611         2.86
   33390.591     0.700000         7121         3.33
   36012.031     0.750000         7635         4.00
   37289.983     0.775000         7883         4.44
   38502.399     0.800000         8138         5.00
   39682.047     0.825000         8398         5.71
   40730.623     0.850000         8646         6.67
   41746.431     0.875000         8904         8.00
   42270.719     0.887500         9026         8.89
   42926.079     0.900000         9156        10.00
   43548.671     0.912500         9281        11.43
   44105.727     0.925000         9410        13.33
   44662.783     0.937500         9540        16.00
   44924.927     0.943750         9598        17.78
   45219.839     0.950000         9663        20.00
   45645.823     0.956250         9726        22.86
   46530.559     0.962500         9789        26.67
   47185.919     0.968750         9853        32.00
   47546.367     0.971875         9884        35.56
   48037.887     0.975000         9916        40.00
   48332.799     0.978125         9949        45.71
   48758.783     0.981250         9981        53.33
   49151.999     0.984375        10014        64.00
   49283.071     0.985938        10031        71.11
   49381.375     0.987500        10045        80.00
   49577.983     0.989062        10059        91.43
   49741.823     0.990625        10076       106.67
   49905.663     0.992188        10092       128.00
   50003.967     0.992969        10100       142.22
   50069.503     0.993750        10109       160.00
   50135.039     0.994531        10115       182.86
   50200.575     0.995313        10123       213.33
   50364.415     0.996094        10132       256.00
   50429.951     0.996484        10137       284.44
   50462.719     0.996875        10139       320.00
   50561.023     0.997266        10143       365.71
   50626.559     0.997656        10147       426.67
   50692.095     0.998047        10152       512.00
   50724.863     0.998242        10156       568.89
   50724.863     0.998437        10156       640.00
   50790.399     0.998633        10159       731.43
   50790.399     0.998828        10159       853.33
   50823.167     0.999023        10164      1024.00
   50823.167     0.999121        10164      1137.78
   50823.167     0.999219        10164      1280.00
   50823.167     0.999316        10164      1462.86
   50855.935     0.999414        10167      1706.67
   50855.935     0.999512        10167      2048.00
   50855.935     0.999561        10167      2275.56
   50855.935     0.999609        10167      2560.00
   50855.935     0.999658        10167      2925.71
   50888.703     0.999707        10168      3413.33
   50888.703     0.999756        10168      4096.00
   50888.703     0.999780        10168      4551.11
   50921.471     0.999805        10169      5120.00
   50921.471     0.999829        10169      5851.43
   50921.471     0.999854        10169      6826.67
   50921.471     0.999878        10169      8192.00
   50921.471     0.999890        10169      9102.22
   50954.239     0.999902        10170     10240.00
   50954.239     1.000000        10170          inf
#[Mean    =    25605.281, StdDeviation   =    12185.858]
#[Max     =    50921.472, Total count    =        10170]
#[Buckets =           27, SubBuckets     =         2048]
----------------------------------------------------------
  10955 requests in 2.00m, 160.20MB read
Requests/sec:     91.28
Transfer/sec:      1.33MB
