Running 2m test @ http://10.108.73.23:9080/productpage
  4 threads and 10 connections
  Thread calibration: mean lat.: 1178.160ms, rate sampling interval: 3739ms
  Thread calibration: mean lat.: 1384.323ms, rate sampling interval: 4268ms
  Thread calibration: mean lat.: 1292.874ms, rate sampling interval: 4341ms
  Thread calibration: mean lat.: 1126.215ms, rate sampling interval: 5050ms
  Thread Stats   Avg      Stdev     Max   +/- Stdev
    Latency     5.74s     4.01s   16.48s    76.94%
    Req/Sec    22.73      2.11    27.00     85.00%
  Latency Distribution (HdrHistogram - Recorded Latency)
 50.000%    4.41s 
 75.000%    7.57s 
 90.000%   12.33s 
 99.000%   16.24s 
 99.900%   16.43s 
 99.990%   16.48s 
 99.999%   16.49s 
100.000%   16.49s 

  Detailed Percentile spectrum:
       Value   Percentile   TotalCount 1/(1-Percentile)

      35.007     0.000000            1         1.00
    1933.311     0.100000         1026         1.11
    2719.743     0.200000         2051         1.25
    3444.735     0.300000         3077         1.43
    3831.807     0.400000         4106         1.67
    4411.391     0.500000         5132         2.00
    4857.855     0.550000         5643         2.22
    5521.407     0.600000         6161         2.50
    5844.991     0.650000         6666         2.86
    6766.591     0.700000         7179         3.33
    7573.503     0.750000         7691         4.00
    7831.551     0.775000         7949         4.44
    8101.887     0.800000         8204         5.00
    8806.399     0.825000         8462         5.71
    9568.255     0.850000         8716         6.67
   10698.751     0.875000         8973         8.00
   11485.183     0.887500         9101         8.89
   12328.959     0.900000         9231        10.00
   13311.999     0.912500         9358        11.43
   14237.695     0.925000         9485        13.33
   14974.975     0.937500         9615        16.00
   15343.615     0.943750         9679        17.78
   15589.375     0.950000         9744        20.00
   15826.943     0.956250         9807        22.86
   15990.783     0.962500         9870        26.67
   16072.703     0.968750         9943        32.00
   16105.471     0.971875         9968        35.56
   16154.623     0.975000        10001        40.00
   16187.391     0.978125        10046        45.71
   16195.583     0.981250        10063        53.33
   16211.967     0.984375        10095        64.00
   16220.159     0.985938        10112        71.11
   16228.351     0.987500        10126        80.00
   16244.735     0.989062        10151        91.43
   16252.927     0.990625        10158       106.67
   16277.503     0.992188        10184       128.00
   16277.503     0.992969        10184       142.22
   16285.695     0.993750        10200       160.00
   16285.695     0.994531        10200       182.86
   16293.887     0.995313        10207       213.33
   16302.079     0.996094        10216       256.00
   16310.271     0.996484        10222       284.44
   16310.271     0.996875        10222       320.00
   16326.655     0.997266        10231       365.71
   16326.655     0.997656        10231       426.67
   16351.231     0.998047        10235       512.00
   16359.423     0.998242        10237       568.89
   16367.615     0.998437        10239       640.00
   16400.383     0.998633        10241       731.43
   16424.959     0.998828        10242       853.33
   16433.151     0.999023        10246      1024.00
   16433.151     0.999121        10246      1137.78
   16433.151     0.999219        10246      1280.00
   16441.343     0.999316        10249      1462.86
   16441.343     0.999414        10249      1706.67
   16441.343     0.999512        10249      2048.00
   16449.535     0.999561        10250      2275.56
   16449.535     0.999609        10250      2560.00
   16474.111     0.999658        10251      2925.71
   16474.111     0.999707        10251      3413.33
   16482.303     0.999756        10253      4096.00
   16482.303     0.999780        10253      4551.11
   16482.303     0.999805        10253      5120.00
   16482.303     0.999829        10253      5851.43
   16482.303     0.999854        10253      6826.67
   16482.303     0.999878        10253      8192.00
   16482.303     0.999890        10253      9102.22
   16482.303     0.999902        10253     10240.00
   16490.495     0.999915        10254     11702.86
   16490.495     1.000000        10254          inf
#[Mean    =     5735.575, StdDeviation   =     4013.255]
#[Max     =    16482.304, Total count    =        10254]
#[Buckets =           27, SubBuckets     =         2048]
----------------------------------------------------------
  11054 requests in 2.00m, 161.65MB read
Requests/sec:     92.10
Transfer/sec:      1.35MB
