Running 2m test @ http://10.99.205.204:11000/a?value=1
  4 threads and 10 connections
  Thread calibration: mean lat.: 89.736ms, rate sampling interval: 407ms
  Thread calibration: mean lat.: 533.128ms, rate sampling interval: 3346ms
  Thread calibration: mean lat.: 863.405ms, rate sampling interval: 3051ms
  Thread calibration: mean lat.: 20.148ms, rate sampling interval: 110ms
  Thread Stats   Avg      Stdev     Max   +/- Stdev
    Latency     3.52s     5.68s   19.32s    80.79%
    Req/Sec    36.89      6.94    63.00     61.33%
  Latency Distribution (HdrHistogram - Recorded Latency)
 50.000%   72.00ms
 75.000%    6.10s 
 90.000%   14.07s 
 99.000%   18.61s 
 99.900%   19.22s 
 99.990%   19.32s 
 99.999%   19.33s 
100.000%   19.33s 

  Detailed Percentile spectrum:
       Value   Percentile   TotalCount 1/(1-Percentile)

       9.175     0.000000            1         1.00
      11.759     0.100000         1562         1.11
      13.799     0.200000         3110         1.25
      38.271     0.300000         4658         1.43
      54.207     0.400000         6212         1.67
      71.999     0.500000         7766         2.00
      85.055     0.550000         8540         2.22
     112.703     0.600000         9314         2.50
     232.191     0.650000        10090         2.86
    3551.231     0.700000        10866         3.33
    6103.039     0.750000        11643         4.00
    7438.335     0.775000        12032         4.44
    8675.327     0.800000        12418         5.00
   10051.583     0.825000        12809         5.71
   11255.807     0.850000        13198         6.67
   12632.063     0.875000        13583         8.00
   13434.879     0.887500        13782         8.89
   14065.663     0.900000        13970        10.00
   14745.599     0.912500        14166        11.43
   15351.807     0.925000        14358        13.33
   15753.215     0.937500        14554        16.00
   16072.703     0.943750        14650        17.78
   16416.767     0.950000        14746        20.00
   16588.799     0.956250        14844        22.86
   16908.287     0.962500        14946        26.67
   17268.735     0.968750        15045        32.00
   17448.959     0.971875        15089        35.56
   17678.335     0.975000        15137        40.00
   17924.095     0.978125        15191        45.71
   18120.703     0.981250        15239        53.33
   18268.159     0.984375        15283        64.00
   18333.695     0.985938        15304        71.11
   18415.615     0.987500        15328        80.00
   18513.919     0.989062        15354        91.43
   18644.991     0.990625        15381       106.67
   18726.911     0.992188        15403       128.00
   18792.447     0.992969        15415       142.22
   18841.599     0.993750        15429       160.00
   18874.367     0.994531        15444       182.86
   18907.135     0.995313        15453       213.33
   18939.903     0.996094        15463       256.00
   18989.055     0.996484        15469       284.44
   19005.439     0.996875        15474       320.00
   19054.591     0.997266        15481       365.71
   19087.359     0.997656        15487       426.67
   19120.127     0.998047        15492       512.00
   19136.511     0.998242        15496       568.89
   19152.895     0.998437        15498       640.00
   19185.663     0.998633        15501       731.43
   19218.431     0.998828        15506       853.33
   19234.815     0.999023        15507      1024.00
   19251.199     0.999121        15509      1137.78
   19267.583     0.999219        15513      1280.00
   19267.583     0.999316        15513      1462.86
   19267.583     0.999414        15513      1706.67
   19300.351     0.999512        15516      2048.00
   19300.351     0.999561        15516      2275.56
   19300.351     0.999609        15516      2560.00
   19316.735     0.999658        15521      2925.71
   19316.735     0.999707        15521      3413.33
   19316.735     0.999756        15521      4096.00
   19316.735     0.999780        15521      4551.11
   19316.735     0.999805        15521      5120.00
   19316.735     0.999829        15521      5851.43
   19316.735     0.999854        15521      6826.67
   19316.735     0.999878        15521      8192.00
   19316.735     0.999890        15521      9102.22
   19316.735     0.999902        15521     10240.00
   19316.735     0.999915        15521     11702.86
   19316.735     0.999927        15521     13653.33
   19333.119     0.999939        15522     16384.00
   19333.119     1.000000        15522          inf
#[Mean    =     3521.999, StdDeviation   =     5677.729]
#[Max     =    19316.736, Total count    =        15522]
#[Buckets =           27, SubBuckets     =         2048]
----------------------------------------------------------
  16920 requests in 2.00m, 4.00MB read
Requests/sec:    140.99
Transfer/sec:     34.13KB
