Running 3m test @ http://10.99.205.204:11000/a?value=1
  4 threads and 10 connections
  Thread calibration: mean lat.: 49.706ms, rate sampling interval: 122ms
  Thread calibration: mean lat.: 45.236ms, rate sampling interval: 107ms
  Thread calibration: mean lat.: 47.954ms, rate sampling interval: 121ms
  Thread calibration: mean lat.: 52.430ms, rate sampling interval: 128ms
  Thread Stats   Avg      Stdev     Max   +/- Stdev
    Latency    48.64ms    9.74ms  86.27ms   71.53%
    Req/Sec    19.51      5.47    37.00     86.74%
  Latency Distribution (HdrHistogram - Recorded Latency)
 50.000%   47.90ms
 75.000%   54.43ms
 90.000%   61.38ms
 99.000%   73.54ms
 99.900%   79.55ms
 99.990%   83.58ms
 99.999%   86.33ms
100.000%   86.33ms

  Detailed Percentile spectrum:
       Value   Percentile   TotalCount 1/(1-Percentile)

       9.895     0.000000            1         1.00
      37.887     0.100000         1360         1.11
      41.407     0.200000         2729         1.25
      43.967     0.300000         4086         1.43
      45.983     0.400000         5462         1.67
      47.903     0.500000         6819         2.00
      48.927     0.550000         7498         2.22
      50.015     0.600000         8164         2.50
      51.359     0.650000         8840         2.86
      52.799     0.700000         9521         3.33
      54.431     0.750000        10205         4.00
      55.359     0.775000        10547         4.44
      56.511     0.800000        10894         5.00
      57.599     0.825000        11225         5.71
      58.815     0.850000        11567         6.67
      60.031     0.875000        11912         8.00
      60.607     0.887500        12079         8.89
      61.375     0.900000        12244        10.00
      62.111     0.912500        12419        11.43
      62.879     0.925000        12584        13.33
      63.807     0.937500        12750        16.00
      64.383     0.943750        12840        17.78
      65.055     0.950000        12923        20.00
      66.047     0.956250        13013        22.86
      67.071     0.962500        13091        26.67
      68.287     0.968750        13182        32.00
      69.055     0.971875        13219        35.56
      69.823     0.975000        13260        40.00
      70.527     0.978125        13308        45.71
      71.103     0.981250        13348        53.33
      71.935     0.984375        13390        64.00
      72.447     0.985938        13414        71.11
      72.895     0.987500        13432        80.00
      73.407     0.989062        13455        91.43
      73.727     0.990625        13476       106.67
      74.303     0.992188        13496       128.00
      74.495     0.992969        13507       142.22
      74.815     0.993750        13518       160.00
      75.199     0.994531        13527       182.86
      75.711     0.995313        13538       213.33
      76.159     0.996094        13548       256.00
      76.543     0.996484        13555       284.44
      76.799     0.996875        13558       320.00
      77.119     0.997266        13563       365.71
      77.631     0.997656        13569       426.67
      78.463     0.998047        13574       512.00
      78.719     0.998242        13579       568.89
      78.719     0.998437        13579       640.00
      79.359     0.998633        13584       731.43
      79.423     0.998828        13585       853.33
      79.871     0.999023        13587      1024.00
      80.063     0.999121        13589      1137.78
      80.127     0.999219        13590      1280.00
      80.767     0.999316        13591      1462.86
      81.663     0.999414        13593      1706.67
      81.727     0.999512        13594      2048.00
      81.919     0.999561        13595      2275.56
      81.919     0.999609        13595      2560.00
      82.239     0.999658        13596      2925.71
      82.559     0.999707        13597      3413.33
      82.559     0.999756        13597      4096.00
      82.879     0.999780        13598      4551.11
      82.879     0.999805        13598      5120.00
      82.879     0.999829        13598      5851.43
      83.583     0.999854        13599      6826.67
      83.583     0.999878        13599      8192.00
      83.583     0.999890        13599      9102.22
      83.583     0.999902        13599     10240.00
      83.583     0.999915        13599     11702.86
      86.335     0.999927        13600     13653.33
      86.335     1.000000        13600          inf
#[Mean    =       48.644, StdDeviation   =        9.741]
#[Max     =       86.272, Total count    =        13600]
#[Buckets =           27, SubBuckets     =         2048]
----------------------------------------------------------
  14400 requests in 3.00m, 3.41MB read
Requests/sec:     79.99
Transfer/sec:     19.37KB
