Running 3m test @ http://10.99.205.204:11000/a?value=1
  4 threads and 10 connections
  Thread calibration: mean lat.: 49.335ms, rate sampling interval: 124ms
  Thread calibration: mean lat.: 42.309ms, rate sampling interval: 104ms
  Thread calibration: mean lat.: 47.246ms, rate sampling interval: 125ms
  Thread calibration: mean lat.: 48.158ms, rate sampling interval: 124ms
  Thread Stats   Avg      Stdev     Max   +/- Stdev
    Latency    46.31ms   10.04ms  86.40ms   68.75%
    Req/Sec    24.83      7.06    40.00     72.08%
  Latency Distribution (HdrHistogram - Recorded Latency)
 50.000%   45.95ms
 75.000%   52.51ms
 90.000%   59.33ms
 99.000%   71.93ms
 99.900%   80.38ms
 99.990%   85.06ms
 99.999%   86.46ms
100.000%   86.46ms

  Detailed Percentile spectrum:
       Value   Percentile   TotalCount 1/(1-Percentile)

      10.879     0.000000            1         1.00
      33.823     0.100000         1700         1.11
      37.727     0.200000         3410         1.25
      40.895     0.300000         5105         1.43
      43.647     0.400000         6815         1.67
      45.951     0.500000         8515         2.00
      47.167     0.550000         9356         2.22
      48.383     0.600000        10202         2.50
      49.663     0.650000        11054         2.86
      51.071     0.700000        11901         3.33
      52.511     0.750000        12751         4.00
      53.471     0.775000        13179         4.44
      54.399     0.800000        13605         5.00
      55.423     0.825000        14030         5.71
      56.575     0.850000        14459         6.67
      57.887     0.875000        14883         8.00
      58.623     0.887500        15090         8.89
      59.327     0.900000        15308        10.00
      60.127     0.912500        15513        11.43
      61.119     0.925000        15728        13.33
      62.335     0.937500        15939        16.00
      63.007     0.943750        16044        17.78
      63.775     0.950000        16151        20.00
      64.735     0.956250        16260        22.86
      65.535     0.962500        16364        26.67
      66.623     0.968750        16475        32.00
      67.007     0.971875        16523        35.56
      67.647     0.975000        16579        40.00
      68.287     0.978125        16629        45.71
      69.055     0.981250        16686        53.33
      70.015     0.984375        16735        64.00
      70.399     0.985938        16763        71.11
      70.847     0.987500        16790        80.00
      71.487     0.989062        16815        91.43
      72.127     0.990625        16843       106.67
      72.831     0.992188        16870       128.00
      73.279     0.992969        16882       142.22
      73.535     0.993750        16895       160.00
      74.175     0.994531        16908       182.86
      74.751     0.995313        16922       213.33
      75.263     0.996094        16934       256.00
      75.647     0.996484        16942       284.44
      76.031     0.996875        16947       320.00
      76.543     0.997266        16954       365.71
      77.183     0.997656        16961       426.67
      77.695     0.998047        16969       512.00
      78.079     0.998242        16972       568.89
      78.335     0.998437        16974       640.00
      78.847     0.998633        16978       731.43
      80.191     0.998828        16981       853.33
      80.383     0.999023        16984      1024.00
      80.703     0.999121        16986      1137.78
      81.023     0.999219        16987      1280.00
      82.047     0.999316        16989      1462.86
      82.303     0.999414        16991      1706.67
      82.815     0.999512        16992      2048.00
      82.879     0.999561        16993      2275.56
      83.007     0.999609        16994      2560.00
      83.391     0.999658        16995      2925.71
      83.711     0.999707        16996      3413.33
      83.711     0.999756        16996      4096.00
      84.287     0.999780        16997      4551.11
      84.287     0.999805        16997      5120.00
      85.055     0.999829        16998      5851.43
      85.055     0.999854        16998      6826.67
      85.055     0.999878        16998      8192.00
      86.271     0.999890        16999      9102.22
      86.271     0.999902        16999     10240.00
      86.271     0.999915        16999     11702.86
      86.271     0.999927        16999     13653.33
      86.271     0.999939        16999     16384.00
      86.463     0.999945        17000     18204.44
      86.463     1.000000        17000          inf
#[Mean    =       46.307, StdDeviation   =       10.045]
#[Max     =       86.400, Total count    =        17000]
#[Buckets =           27, SubBuckets     =         2048]
----------------------------------------------------------
  18000 requests in 3.00m, 4.26MB read
Requests/sec:     99.99
Transfer/sec:     24.22KB
