Running 3m test @ http://10.99.205.204:11000/a?value=1
  4 threads and 10 connections
  Thread calibration: mean lat.: 46.819ms, rate sampling interval: 114ms
  Thread calibration: mean lat.: 52.297ms, rate sampling interval: 132ms
  Thread calibration: mean lat.: 52.893ms, rate sampling interval: 137ms
  Thread calibration: mean lat.: 54.124ms, rate sampling interval: 138ms
  Thread Stats   Avg      Stdev     Max   +/- Stdev
    Latency    50.76ms   10.85ms  90.18ms   72.18%
    Req/Sec    12.11      5.33    22.00     87.59%
  Latency Distribution (HdrHistogram - Recorded Latency)
 50.000%   50.01ms
 75.000%   56.61ms
 90.000%   64.99ms
 99.000%   79.49ms
 99.900%   88.77ms
 99.990%   89.79ms
 99.999%   90.24ms
100.000%   90.24ms

  Detailed Percentile spectrum:
       Value   Percentile   TotalCount 1/(1-Percentile)

      10.071     0.000000            1         1.00
      38.687     0.100000          850         1.11
      42.559     0.200000         1701         1.25
      45.599     0.300000         2549         1.43
      47.871     0.400000         3412         1.67
      50.015     0.500000         4253         2.00
      51.039     0.550000         4673         2.22
      52.159     0.600000         5109         2.50
      53.375     0.650000         5530         2.86
      54.911     0.700000         5952         3.33
      56.607     0.750000         6372         4.00
      57.727     0.775000         6590         4.44
      58.911     0.800000         6797         5.00
      60.255     0.825000         7017         5.71
      61.759     0.850000         7227         6.67
      63.359     0.875000         7435         8.00
      64.159     0.887500         7541         8.89
      65.023     0.900000         7650        10.00
      66.111     0.912500         7755        11.43
      67.263     0.925000         7866        13.33
      68.543     0.937500         7965        16.00
      69.439     0.943750         8021        17.78
      70.335     0.950000         8073        20.00
      71.359     0.956250         8129        22.86
      72.447     0.962500         8180        26.67
      73.407     0.968750         8233        32.00
      73.919     0.971875         8259        35.56
      74.751     0.975000         8286        40.00
      75.391     0.978125         8314        45.71
      76.095     0.981250         8339        53.33
      77.183     0.984375         8364        64.00
      77.823     0.985938         8377        71.11
      78.207     0.987500         8391        80.00
      79.039     0.989062         8404        91.43
      79.679     0.990625         8418       106.67
      80.511     0.992188         8432       128.00
      80.959     0.992969         8437       142.22
      81.471     0.993750         8445       160.00
      81.855     0.994531         8450       182.86
      82.559     0.995313         8457       213.33
      83.519     0.996094         8463       256.00
      84.287     0.996484         8467       284.44
      84.735     0.996875         8470       320.00
      85.951     0.997266         8473       365.71
      86.463     0.997656         8477       426.67
      87.295     0.998047         8480       512.00
      87.743     0.998242         8482       568.89
      88.255     0.998437         8484       640.00
      88.319     0.998633         8485       731.43
      88.767     0.998828         8488       853.33
      88.767     0.999023         8488      1024.00
      88.831     0.999121         8489      1137.78
      88.895     0.999219         8492      1280.00
      88.895     0.999316         8492      1462.86
      88.895     0.999414         8492      1706.67
      88.895     0.999512         8492      2048.00
      89.087     0.999561         8493      2275.56
      89.087     0.999609         8493      2560.00
      89.791     0.999658         8495      2925.71
      89.791     0.999707         8495      3413.33
      89.791     0.999756         8495      4096.00
      89.791     0.999780         8495      4551.11
      89.791     0.999805         8495      5120.00
      89.791     0.999829         8495      5851.43
      89.791     0.999854         8495      6826.67
      89.791     0.999878         8495      8192.00
      90.239     0.999890         8496      9102.22
      90.239     1.000000         8496          inf
#[Mean    =       50.762, StdDeviation   =       10.852]
#[Max     =       90.176, Total count    =         8496]
#[Buckets =           27, SubBuckets     =         2048]
----------------------------------------------------------
  9000 requests in 3.00m, 2.13MB read
Requests/sec:     49.99
Transfer/sec:     12.11KB
