Running 3m test @ http://10.99.205.204:11000/a?value=1
  4 threads and 10 connections
  Thread calibration: mean lat.: 50.381ms, rate sampling interval: 137ms
  Thread calibration: mean lat.: 51.985ms, rate sampling interval: 129ms
  Thread calibration: mean lat.: 51.019ms, rate sampling interval: 126ms
  Thread calibration: mean lat.: 50.713ms, rate sampling interval: 120ms
  Thread Stats   Avg      Stdev     Max   +/- Stdev
    Latency    49.46ms   11.87ms  91.46ms   73.72%
    Req/Sec     9.62      6.74    16.00     70.60%
  Latency Distribution (HdrHistogram - Recorded Latency)
 50.000%   50.27ms
 75.000%   56.16ms
 90.000%   63.17ms
 99.000%   76.10ms
 99.900%   84.35ms
 99.990%   89.02ms
 99.999%   91.52ms
100.000%   91.52ms

  Detailed Percentile spectrum:
       Value   Percentile   TotalCount 1/(1-Percentile)

      10.263     0.000000            1         1.00
      34.623     0.100000          681         1.11
      41.887     0.200000         1362         1.25
      45.631     0.300000         2046         1.43
      48.063     0.400000         2727         1.67
      50.271     0.500000         3415         2.00
      51.391     0.550000         3745         2.22
      52.415     0.600000         4084         2.50
      53.567     0.650000         4427         2.86
      54.751     0.700000         4763         3.33
      56.159     0.750000         5105         4.00
      56.991     0.775000         5273         4.44
      57.983     0.800000         5441         5.00
      59.135     0.825000         5612         5.71
      60.447     0.850000         5787         6.67
      61.759     0.875000         5950         8.00
      62.463     0.887500         6039         8.89
      63.167     0.900000         6122        10.00
      63.999     0.912500         6206        11.43
      65.023     0.925000         6291        13.33
      66.175     0.937500         6376        16.00
      67.007     0.943750         6419        17.78
      67.839     0.950000         6460        20.00
      68.863     0.956250         6503        22.86
      70.143     0.962500         6545        26.67
      71.551     0.968750         6589        32.00
      72.319     0.971875         6613        35.56
      72.831     0.975000         6630        40.00
      73.343     0.978125         6653        45.71
      74.047     0.981250         6675        53.33
      74.623     0.984375         6694        64.00
      75.135     0.985938         6706        71.11
      75.519     0.987500         6715        80.00
      75.903     0.989062         6726        91.43
      76.543     0.990625         6737       106.67
      77.183     0.992188         6748       128.00
      77.695     0.992969         6754       142.22
      78.015     0.993750         6758       160.00
      78.527     0.994531         6763       182.86
      79.103     0.995313         6769       213.33
      79.871     0.996094         6774       256.00
      80.063     0.996484         6777       284.44
      80.575     0.996875         6779       320.00
      81.471     0.997266         6782       365.71
      82.239     0.997656         6785       426.67
      82.495     0.998047         6787       512.00
      82.943     0.998242         6789       568.89
      83.071     0.998437         6790       640.00
      83.455     0.998633         6791       731.43
      84.351     0.998828         6793       853.33
      85.631     0.999023         6794      1024.00
      85.823     0.999121         6795      1137.78
      85.823     0.999219         6795      1280.00
      86.207     0.999316         6796      1462.86
      86.655     0.999414         6797      1706.67
      86.655     0.999512         6797      2048.00
      88.447     0.999561         6798      2275.56
      88.447     0.999609         6798      2560.00
      88.447     0.999658         6798      2925.71
      89.023     0.999707         6799      3413.33
      89.023     0.999756         6799      4096.00
      89.023     0.999780         6799      4551.11
      89.023     0.999805         6799      5120.00
      89.023     0.999829         6799      5851.43
      91.519     0.999854         6800      6826.67
      91.519     1.000000         6800          inf
#[Mean    =       49.463, StdDeviation   =       11.866]
#[Max     =       91.456, Total count    =         6800]
#[Buckets =           27, SubBuckets     =         2048]
----------------------------------------------------------
  7201 requests in 3.00m, 1.70MB read
Requests/sec:     40.00
Transfer/sec:      9.69KB
