Running 3m test @ http://10.99.205.204:11000/a?value=1
  4 threads and 10 connections
  Thread calibration: mean lat.: 48.973ms, rate sampling interval: 124ms
  Thread calibration: mean lat.: 52.704ms, rate sampling interval: 132ms
  Thread calibration: mean lat.: 49.781ms, rate sampling interval: 122ms
  Thread calibration: mean lat.: 51.332ms, rate sampling interval: 131ms
  Thread Stats   Avg      Stdev     Max   +/- Stdev
    Latency    51.34ms   10.66ms  95.74ms   72.87%
    Req/Sec    19.70      5.89    33.00     83.29%
  Latency Distribution (HdrHistogram - Recorded Latency)
 50.000%   50.62ms
 75.000%   57.66ms
 90.000%   65.21ms
 99.000%   77.44ms
 99.900%   84.74ms
 99.990%   93.69ms
 99.999%   95.81ms
100.000%   95.81ms

  Detailed Percentile spectrum:
       Value   Percentile   TotalCount 1/(1-Percentile)

       9.295     0.000000            1         1.00
      39.455     0.100000         1368         1.11
      43.775     0.200000         2729         1.25
      46.367     0.300000         4095         1.43
      48.479     0.400000         5452         1.67
      50.623     0.500000         6806         2.00
      51.807     0.550000         7498         2.22
      52.959     0.600000         8170         2.50
      54.367     0.650000         8845         2.86
      55.807     0.700000         9524         3.33
      57.663     0.750000        10213         4.00
      58.655     0.775000        10546         4.44
      59.711     0.800000        10887         5.00
      60.831     0.825000        11226         5.71
      62.079     0.850000        11562         6.67
      63.615     0.875000        11906         8.00
      64.383     0.887500        12076         8.89
      65.215     0.900000        12246        10.00
      66.111     0.912500        12411        11.43
      67.391     0.925000        12582        13.33
      68.607     0.937500        12759        16.00
      69.375     0.943750        12840        17.78
      70.271     0.950000        12921        20.00
      71.103     0.956250        13011        22.86
      71.999     0.962500        13092        26.67
      73.023     0.968750        13177        32.00
      73.535     0.971875        13218        35.56
      74.111     0.975000        13264        40.00
      74.623     0.978125        13303        45.71
      75.135     0.981250        13345        53.33
      75.903     0.984375        13390        64.00
      76.223     0.985938        13410        71.11
      76.607     0.987500        13431        80.00
      77.055     0.989062        13452        91.43
      77.695     0.990625        13476       106.67
      78.143     0.992188        13494       128.00
      78.335     0.992969        13505       142.22
      78.655     0.993750        13517       160.00
      79.167     0.994531        13528       182.86
      79.679     0.995313        13537       213.33
      80.447     0.996094        13547       256.00
      80.703     0.996484        13553       284.44
      81.023     0.996875        13560       320.00
      81.471     0.997266        13563       365.71
      81.855     0.997656        13569       426.67
      82.943     0.998047        13574       512.00
      83.071     0.998242        13577       568.89
      83.647     0.998437        13579       640.00
      83.775     0.998633        13582       731.43
      84.607     0.998828        13585       853.33
      84.863     0.999023        13587      1024.00
      85.119     0.999121        13589      1137.78
      85.183     0.999219        13590      1280.00
      85.759     0.999316        13591      1462.86
      86.783     0.999414        13593      1706.67
      87.039     0.999512        13594      2048.00
      87.935     0.999561        13595      2275.56
      87.935     0.999609        13595      2560.00
      89.279     0.999658        13596      2925.71
      89.727     0.999707        13597      3413.33
      89.727     0.999756        13597      4096.00
      92.927     0.999780        13598      4551.11
      92.927     0.999805        13598      5120.00
      92.927     0.999829        13598      5851.43
      93.695     0.999854        13599      6826.67
      93.695     0.999878        13599      8192.00
      93.695     0.999890        13599      9102.22
      93.695     0.999902        13599     10240.00
      93.695     0.999915        13599     11702.86
      95.807     0.999927        13600     13653.33
      95.807     1.000000        13600          inf
#[Mean    =       51.345, StdDeviation   =       10.663]
#[Max     =       95.744, Total count    =        13600]
#[Buckets =           27, SubBuckets     =         2048]
----------------------------------------------------------
  14400 requests in 3.00m, 3.41MB read
Requests/sec:     79.99
Transfer/sec:     19.37KB
