Running 3m test @ http://10.99.205.204:11000/a?value=1
  4 threads and 10 connections
  Thread calibration: mean lat.: 43.803ms, rate sampling interval: 120ms
  Thread calibration: mean lat.: 46.537ms, rate sampling interval: 120ms
  Thread calibration: mean lat.: 42.217ms, rate sampling interval: 116ms
  Thread calibration: mean lat.: 49.274ms, rate sampling interval: 129ms
  Thread Stats   Avg      Stdev     Max   +/- Stdev
    Latency    44.89ms   12.24ms  96.19ms   68.68%
    Req/Sec    24.71      6.76    38.00     54.33%
  Latency Distribution (HdrHistogram - Recorded Latency)
 50.000%   44.67ms
 75.000%   52.61ms
 90.000%   61.06ms
 99.000%   74.30ms
 99.900%   83.52ms
 99.990%   89.79ms
 99.999%   96.25ms
100.000%   96.25ms

  Detailed Percentile spectrum:
       Value   Percentile   TotalCount 1/(1-Percentile)

       9.935     0.000000            1         1.00
      29.071     0.100000         1705         1.11
      34.655     0.200000         3409         1.25
      38.239     0.300000         5100         1.43
      41.567     0.400000         6809         1.67
      44.671     0.500000         8506         2.00
      46.143     0.550000         9350         2.22
      47.583     0.600000        10215         2.50
      49.023     0.650000        11053         2.86
      50.623     0.700000        11910         3.33
      52.607     0.750000        12752         4.00
      53.695     0.775000        13189         4.44
      54.943     0.800000        13602         5.00
      56.287     0.825000        14026         5.71
      57.727     0.850000        14459         6.67
      59.295     0.875000        14880         8.00
      60.191     0.887500        15089         8.89
      61.055     0.900000        15304        10.00
      62.079     0.912500        15516        11.43
      63.231     0.925000        15725        13.33
      64.511     0.937500        15939        16.00
      65.215     0.943750        16046        17.78
      66.175     0.950000        16151        20.00
      67.135     0.956250        16257        22.86
      68.031     0.962500        16365        26.67
      69.247     0.968750        16476        32.00
      69.759     0.971875        16525        35.56
      70.271     0.975000        16576        40.00
      71.039     0.978125        16632        45.71
      71.615     0.981250        16683        53.33
      72.383     0.984375        16738        64.00
      72.831     0.985938        16762        71.11
      73.407     0.987500        16791        80.00
      74.047     0.989062        16815        91.43
      74.815     0.990625        16841       106.67
      75.647     0.992188        16868       128.00
      76.671     0.992969        16881       142.22
      77.055     0.993750        16894       160.00
      77.567     0.994531        16910       182.86
      78.399     0.995313        16921       213.33
      79.551     0.996094        16934       256.00
      80.063     0.996484        16941       284.44
      80.319     0.996875        16947       320.00
      80.703     0.997266        16954       365.71
      81.215     0.997656        16963       426.67
      81.471     0.998047        16968       512.00
      81.855     0.998242        16971       568.89
      82.111     0.998437        16975       640.00
      82.431     0.998633        16978       731.43
      82.879     0.998828        16981       853.33
      83.519     0.999023        16984      1024.00
      83.775     0.999121        16988      1137.78
      83.775     0.999219        16988      1280.00
      84.095     0.999316        16990      1462.86
      84.351     0.999414        16991      1706.67
      84.543     0.999512        16992      2048.00
      84.799     0.999561        16993      2275.56
      85.567     0.999609        16994      2560.00
      85.631     0.999658        16995      2925.71
      87.487     0.999707        16996      3413.33
      87.487     0.999756        16996      4096.00
      89.599     0.999780        16997      4551.11
      89.599     0.999805        16997      5120.00
      89.791     0.999829        16998      5851.43
      89.791     0.999854        16998      6826.67
      89.791     0.999878        16998      8192.00
      90.879     0.999890        16999      9102.22
      90.879     0.999902        16999     10240.00
      90.879     0.999915        16999     11702.86
      90.879     0.999927        16999     13653.33
      90.879     0.999939        16999     16384.00
      96.255     0.999945        17000     18204.44
      96.255     1.000000        17000          inf
#[Mean    =       44.893, StdDeviation   =       12.236]
#[Max     =       96.192, Total count    =        17000]
#[Buckets =           27, SubBuckets     =         2048]
----------------------------------------------------------
  18000 requests in 3.00m, 4.26MB read
Requests/sec:     99.99
Transfer/sec:     24.22KB
