Running 3m test @ http://10.105.92.109:11003/d?value=1
  4 threads and 10 connections
  Thread calibration: mean lat.: 10.339ms, rate sampling interval: 33ms
  Thread calibration: mean lat.: 15.177ms, rate sampling interval: 36ms
  Thread calibration: mean lat.: 8.856ms, rate sampling interval: 27ms
  Thread calibration: mean lat.: 9.688ms, rate sampling interval: 33ms
  Thread Stats   Avg      Stdev     Max   +/- Stdev
    Latency    11.29ms    5.66ms  54.27ms   61.51%
    Req/Sec    63.05     15.21   142.00     76.33%
  Latency Distribution (HdrHistogram - Recorded Latency)
 50.000%   12.42ms
 75.000%   15.25ms
 90.000%   17.58ms
 99.000%   26.00ms
 99.900%   39.68ms
 99.990%   52.58ms
 99.999%   54.30ms
100.000%   54.30ms

  Detailed Percentile spectrum:
       Value   Percentile   TotalCount 1/(1-Percentile)

       2.511     0.000000            1         1.00
       4.041     0.100000         4254         1.11
       4.803     0.200000         8507         1.25
       6.559     0.300000        12753         1.43
      10.079     0.400000        17001         1.67
      12.423     0.500000        21265         2.00
      13.047     0.550000        23381         2.22
      13.607     0.600000        25526         2.50
      14.159     0.650000        27650         2.86
      14.711     0.700000        29768         3.33
      15.247     0.750000        31873         4.00
      15.551     0.775000        32938         4.44
      15.879     0.800000        34006         5.00
      16.223     0.825000        35082         5.71
      16.639     0.850000        36162         6.67
      17.055     0.875000        37191         8.00
      17.327     0.887500        37749         8.89
      17.583     0.900000        38254        10.00
      17.903     0.912500        38810        11.43
      18.223     0.925000        39322        13.33
      18.671     0.937500        39848        16.00
      18.911     0.943750        40122        17.78
      19.119     0.950000        40372        20.00
      19.439     0.956250        40645        22.86
      19.823     0.962500        40904        26.67
      20.383     0.968750        41175        32.00
      20.703     0.971875        41305        35.56
      21.199     0.975000        41434        40.00
      21.823     0.978125        41569        45.71
      22.431     0.981250        41703        53.33
      23.247     0.984375        41832        64.00
      23.855     0.985938        41899        71.11
      24.639     0.987500        41966        80.00
      25.471     0.989062        42032        91.43
      26.255     0.990625        42098       106.67
      27.247     0.992188        42165       128.00
      28.015     0.992969        42198       142.22
      28.767     0.993750        42231       160.00
      29.599     0.994531        42265       182.86
      30.671     0.995313        42297       213.33
      32.287     0.996094        42330       256.00
      32.959     0.996484        42347       284.44
      33.855     0.996875        42364       320.00
      34.367     0.997266        42380       365.71
      35.135     0.997656        42397       426.67
      35.775     0.998047        42413       512.00
      36.255     0.998242        42422       568.89
      36.703     0.998437        42430       640.00
      37.887     0.998633        42438       731.43
      38.815     0.998828        42447       853.33
      39.807     0.999023        42455      1024.00
      40.351     0.999121        42459      1137.78
      40.863     0.999219        42463      1280.00
      42.207     0.999316        42467      1462.86
      43.519     0.999414        42472      1706.67
      46.847     0.999512        42476      2048.00
      47.007     0.999561        42478      2275.56
      47.583     0.999609        42480      2560.00
      47.743     0.999658        42482      2925.71
      48.479     0.999707        42484      3413.33
      49.983     0.999756        42486      4096.00
      50.591     0.999780        42487      4551.11
      50.623     0.999805        42488      5120.00
      52.255     0.999829        42489      5851.43
      52.415     0.999854        42490      6826.67
      52.511     0.999878        42491      8192.00
      52.575     0.999890        42492      9102.22
      52.575     0.999902        42492     10240.00
      52.703     0.999915        42493     11702.86
      52.703     0.999927        42493     13653.33
      53.375     0.999939        42494     16384.00
      53.375     0.999945        42494     18204.44
      53.375     0.999951        42494     20480.00
      53.823     0.999957        42495     23405.71
      53.823     0.999963        42495     27306.67
      53.823     0.999969        42495     32768.00
      53.823     0.999973        42495     36408.89
      53.823     0.999976        42495     40960.00
      54.303     0.999979        42496     46811.43
      54.303     1.000000        42496          inf
#[Mean    =       11.294, StdDeviation   =        5.662]
#[Max     =       54.272, Total count    =        42496]
#[Buckets =           27, SubBuckets     =         2048]
----------------------------------------------------------
  45004 requests in 3.00m, 10.62MB read
Requests/sec:    250.01
Transfer/sec:     60.43KB
