Running 2m test @ http://10.108.73.23:9080/productpage
  4 threads and 10 connections
  Thread calibration: mean lat.: 81.283ms, rate sampling interval: 284ms
  Thread calibration: mean lat.: 58.589ms, rate sampling interval: 265ms
  Thread calibration: mean lat.: 88.240ms, rate sampling interval: 346ms
  Thread calibration: mean lat.: 97.939ms, rate sampling interval: 420ms
  Thread Stats   Avg      Stdev     Max   +/- Stdev
    Latency    83.31ms   82.52ms   1.06s    91.01%
    Req/Sec    19.60      3.68    34.00     84.34%
  Latency Distribution (HdrHistogram - Recorded Latency)
 50.000%   61.76ms
 75.000%  108.99ms
 90.000%  159.36ms
 99.000%  373.76ms
 99.900%  947.71ms
 99.990%    1.05s 
 99.999%    1.06s 
100.000%    1.06s 

  Detailed Percentile spectrum:
       Value   Percentile   TotalCount 1/(1-Percentile)

       8.623     0.000000            2         1.00
      13.471     0.100000          881         1.11
      18.767     0.200000         1762         1.25
      44.031     0.300000         2644         1.43
      54.687     0.400000         3522         1.67
      61.759     0.500000         4409         2.00
      74.367     0.550000         4842         2.22
      83.647     0.600000         5282         2.50
      92.287     0.650000         5730         2.86
      96.191     0.700000         6164         3.33
     108.991     0.750000         6603         4.00
     117.567     0.775000         6823         4.44
     124.927     0.800000         7045         5.00
     132.863     0.825000         7264         5.71
     137.599     0.850000         7486         6.67
     142.719     0.875000         7705         8.00
     148.735     0.887500         7814         8.89
     159.359     0.900000         7924        10.00
     167.295     0.912500         8033        11.43
     173.055     0.925000         8146        13.33
     179.711     0.937500         8253        16.00
     190.591     0.943750         8308        17.78
     200.319     0.950000         8363        20.00
     209.279     0.956250         8418        22.86
     216.703     0.962500         8474        26.67
     230.655     0.968750         8530        32.00
     238.719     0.971875         8556        35.56
     246.783     0.975000         8583        40.00
     257.663     0.978125         8611        45.71
     279.039     0.981250         8638        53.33
     311.295     0.984375         8666        64.00
     330.751     0.985938         8680        71.11
     344.575     0.987500         8693        80.00
     358.911     0.989062         8707        91.43
     384.511     0.990625         8721       106.67
     438.783     0.992188         8735       128.00
     485.375     0.992969         8742       142.22
     510.719     0.993750         8748       160.00
     568.831     0.994531         8755       182.86
     610.303     0.995313         8762       213.33
     653.823     0.996094         8769       256.00
     679.935     0.996484         8773       284.44
     702.975     0.996875         8776       320.00
     741.887     0.997266         8779       365.71
     816.127     0.997656         8783       426.67
     841.215     0.998047         8786       512.00
     861.183     0.998242         8788       568.89
     916.991     0.998437         8791       640.00
     916.991     0.998633         8791       731.43
     939.519     0.998828         8793       853.33
     949.759     0.999023         8795      1024.00
     954.367     0.999121         8796      1137.78
     974.335     0.999219         8797      1280.00
     974.335     0.999316         8797      1462.86
     982.527     0.999414         8798      1706.67
     998.911     0.999512         8799      2048.00
    1036.287     0.999561         8800      2275.56
    1036.287     0.999609         8800      2560.00
    1036.287     0.999658         8800      2925.71
    1043.967     0.999707         8801      3413.33
    1043.967     0.999756         8801      4096.00
    1046.015     0.999780         8802      4551.11
    1046.015     0.999805         8802      5120.00
    1046.015     0.999829         8802      5851.43
    1046.015     0.999854         8802      6826.67
    1046.015     0.999878         8802      8192.00
    1057.791     0.999890         8803      9102.22
    1057.791     1.000000         8803          inf
#[Mean    =       83.313, StdDeviation   =       82.518]
#[Max     =     1056.768, Total count    =         8803]
#[Buckets =           27, SubBuckets     =         2048]
----------------------------------------------------------
  9600 requests in 2.00m, 140.39MB read
Requests/sec:     79.99
Transfer/sec:      1.17MB
