Running 3m test @ http://10.99.205.204:11000/a?value=1
  4 threads and 10 connections
  Thread calibration: mean lat.: 1201.891ms, rate sampling interval: 4329ms
  Thread calibration: mean lat.: 1303.700ms, rate sampling interval: 4542ms
  Thread calibration: mean lat.: 1391.383ms, rate sampling interval: 4624ms
  Thread calibration: mean lat.: 1361.985ms, rate sampling interval: 4833ms
  Thread Stats   Avg      Stdev     Max   +/- Stdev
    Latency    21.83s    11.16s   43.19s    57.57%
    Req/Sec    14.92      0.61    17.00     99.32%
  Latency Distribution (HdrHistogram - Recorded Latency)
 50.000%   22.02s 
 75.000%   31.39s 
 90.000%   37.00s 
 99.000%   41.75s 
 99.900%   43.06s 
 99.990%   43.12s 
 99.999%   43.22s 
100.000%   43.22s 

  Detailed Percentile spectrum:
       Value   Percentile   TotalCount 1/(1-Percentile)

    2211.839     0.000000            1         1.00
    6459.391     0.100000         1051         1.11
   10182.655     0.200000         2103         1.25
   14024.703     0.300000         3150         1.43
   17924.095     0.400000         4203         1.67
   22020.095     0.500000         5254         2.00
   23887.871     0.550000         5774         2.22
   25870.335     0.600000         6302         2.50
   27590.655     0.650000         6827         2.86
   29458.431     0.700000         7351         3.33
   31391.743     0.750000         7878         4.00
   32440.319     0.775000         8140         4.44
   33374.207     0.800000         8399         5.00
   34275.327     0.825000         8666         5.71
   35160.063     0.850000         8927         6.67
   36208.639     0.875000         9189         8.00
   36569.087     0.887500         9317         8.89
   36995.071     0.900000         9448        10.00
   37552.127     0.912500         9592        11.43
   38174.719     0.925000         9720        13.33
   38633.471     0.937500         9843        16.00
   38862.847     0.943750         9910        17.78
   39157.759     0.950000         9978        20.00
   39550.975     0.956250        10042        22.86
   39878.655     0.962500        10113        26.67
   40140.799     0.968750        10173        32.00
   40304.639     0.971875        10207        35.56
   40435.711     0.975000        10239        40.00
   40632.319     0.978125        10271        45.71
   40927.231     0.981250        10310        53.33
   41156.607     0.984375        10336        64.00
   41353.215     0.985938        10352        71.11
   41451.519     0.987500        10367        80.00
   41615.359     0.989062        10383        91.43
   41779.199     0.990625        10399       106.67
   41975.807     0.992188        10418       128.00
   42041.343     0.992969        10430       142.22
   42074.111     0.993750        10436       160.00
   42139.647     0.994531        10443       182.86
   42237.951     0.995313        10450       213.33
   42336.255     0.996094        10459       256.00
   42369.023     0.996484        10462       284.44
   42500.095     0.996875        10466       320.00
   42532.863     0.997266        10470       365.71
   42598.399     0.997656        10473       426.67
   42696.703     0.998047        10478       512.00
   42795.007     0.998242        10479       568.89
   42926.079     0.998437        10482       640.00
   42958.847     0.998633        10483       731.43
   43024.383     0.998828        10486       853.33
   43057.151     0.999023        10489      1024.00
   43057.151     0.999121        10489      1137.78
   43057.151     0.999219        10489      1280.00
   43089.919     0.999316        10495      1462.86
   43089.919     0.999414        10495      1706.67
   43089.919     0.999512        10495      2048.00
   43089.919     0.999561        10495      2275.56
   43089.919     0.999609        10495      2560.00
   43089.919     0.999658        10495      2925.71
   43089.919     0.999707        10495      3413.33
   43089.919     0.999756        10495      4096.00
   43089.919     0.999780        10495      4551.11
   43089.919     0.999805        10495      5120.00
   43122.687     0.999829        10496      5851.43
   43122.687     0.999854        10496      6826.67
   43122.687     0.999878        10496      8192.00
   43122.687     0.999890        10496      9102.22
   43122.687     0.999902        10496     10240.00
   43220.991     0.999915        10497     11702.86
   43220.991     1.000000        10497          inf
#[Mean    =    21831.422, StdDeviation   =    11162.631]
#[Max     =    43188.224, Total count    =        10497]
#[Buckets =           27, SubBuckets     =         2048]
----------------------------------------------------------
  11102 requests in 3.00m, 2.63MB read
Requests/sec:     61.67
Transfer/sec:     14.98KB
