Running 2m test @ http://10.108.73.23:9080/productpage
  4 threads and 10 connections
  Thread calibration: mean lat.: 723.958ms, rate sampling interval: 5140ms
  Thread calibration: mean lat.: 750.776ms, rate sampling interval: 5361ms
  Thread calibration: mean lat.: 763.408ms, rate sampling interval: 5709ms
  Thread calibration: mean lat.: 1816.821ms, rate sampling interval: 6725ms
  Thread Stats   Avg      Stdev     Max   +/- Stdev
    Latency    12.19s    14.30s   44.47s    78.53%
    Req/Sec    15.12      2.73    25.00     84.21%
  Latency Distribution (HdrHistogram - Recorded Latency)
 50.000%    5.47s 
 75.000%   23.58s 
 90.000%   35.68s 
 99.000%   42.96s 
 99.900%   44.11s 
 99.990%   44.47s 
 99.999%   44.50s 
100.000%   44.50s 

  Detailed Percentile spectrum:
       Value   Percentile   TotalCount 1/(1-Percentile)

       9.527     0.000000            1         1.00
      38.367     0.100000          681         1.11
      50.111     0.200000         1363         1.25
      60.927     0.300000         2042         1.43
      82.879     0.400000         2722         1.67
    5468.159     0.500000         3403         2.00
   10354.687     0.550000         3744         2.22
   12017.663     0.600000         4084         2.50
   15966.207     0.650000         4424         2.86
   19283.967     0.700000         4766         3.33
   23576.575     0.750000         5104         4.00
   25493.503     0.775000         5275         4.44
   27705.343     0.800000         5445         5.00
   29884.415     0.825000         5617         5.71
   31981.567     0.850000         5786         6.67
   34209.791     0.875000         5961         8.00
   34701.311     0.887500         6041         8.89
   35684.351     0.900000         6127        10.00
   37093.375     0.912500         6213        11.43
   38010.879     0.925000         6300        13.33
   38862.847     0.937500         6382        16.00
   39387.135     0.943750         6428        17.78
   39911.423     0.950000         6470        20.00
   40271.871     0.956250         6508        22.86
   40959.999     0.962500         6550        26.67
   41418.751     0.968750         6596        32.00
   41582.591     0.971875         6615        35.56
   41877.503     0.975000         6635        40.00
   42172.415     0.978125         6661        45.71
   42401.791     0.981250         6682        53.33
   42598.399     0.984375         6699        64.00
   42696.703     0.985938         6712        71.11
   42827.775     0.987500         6720        80.00
   42893.311     0.989062         6732        91.43
   42991.615     0.990625         6747       106.67
   43057.151     0.992188         6756       128.00
   43089.919     0.992969         6764       142.22
   43089.919     0.993750         6764       160.00
   43220.991     0.994531         6768       182.86
   43384.831     0.995313         6775       213.33
   43483.135     0.996094         6779       256.00
   43614.207     0.996484         6783       284.44
   43646.975     0.996875         6784       320.00
   43778.047     0.997266         6789       365.71
   43876.351     0.997656         6791       426.67
   43909.119     0.998047         6794       512.00
   43909.119     0.998242         6794       568.89
   43974.655     0.998437         6796       640.00
   43974.655     0.998633         6796       731.43
   44105.727     0.998828         6799       853.33
   44105.727     0.999023         6799      1024.00
   44171.263     0.999121         6801      1137.78
   44171.263     0.999219         6801      1280.00
   44171.263     0.999316         6801      1462.86
   44204.031     0.999414         6802      1706.67
   44204.031     0.999512         6802      2048.00
   44302.335     0.999561         6803      2275.56
   44302.335     0.999609         6803      2560.00
   44302.335     0.999658         6803      2925.71
   44466.175     0.999707         6804      3413.33
   44466.175     0.999756         6804      4096.00
   44466.175     0.999780         6804      4551.11
   44466.175     0.999805         6804      5120.00
   44466.175     0.999829         6804      5851.43
   44498.943     0.999854         6805      6826.67
   44498.943     1.000000         6805          inf
#[Mean    =    12188.998, StdDeviation   =    14298.730]
#[Max     =    44466.176, Total count    =         6805]
#[Buckets =           27, SubBuckets     =         2048]
----------------------------------------------------------
  7412 requests in 2.00m, 108.40MB read
  Socket errors: connect 0, read 0, write 0, timeout 12
Requests/sec:     61.76
Transfer/sec:      0.90MB
