Running 2m test @ http://10.108.73.23:9080/productpage
  4 threads and 10 connections
  Thread calibration: mean lat.: 200.651ms, rate sampling interval: 795ms
  Thread calibration: mean lat.: 688.058ms, rate sampling interval: 3858ms
  Thread calibration: mean lat.: 421.562ms, rate sampling interval: 2117ms
  Thread calibration: mean lat.: 682.895ms, rate sampling interval: 3327ms
  Thread Stats   Avg      Stdev     Max   +/- Stdev
    Latency     4.74s     6.84s   27.44s    84.21%
    Req/Sec    35.07      3.07    44.00     82.00%
  Latency Distribution (HdrHistogram - Recorded Latency)
 50.000%    1.30s 
 75.000%    6.29s 
 90.000%   15.55s 
 99.000%   26.02s 
 99.900%   27.38s 
 99.990%   27.44s 
 99.999%   27.46s 
100.000%   27.46s 

  Detailed Percentile spectrum:
       Value   Percentile   TotalCount 1/(1-Percentile)

      14.775     0.000000            1         1.00
      77.823     0.100000         1513         1.11
     138.879     0.200000         3028         1.25
     479.231     0.300000         4538         1.43
     909.823     0.400000         6052         1.67
    1302.527     0.500000         7563         2.00
    1668.095     0.550000         8320         2.22
    2381.823     0.600000         9076         2.50
    3237.887     0.650000         9833         2.86
    4468.735     0.700000        10590         3.33
    6291.455     0.750000        11349         4.00
    7217.151     0.775000        11723         4.44
    9134.079     0.800000        12101         5.00
   10706.943     0.825000        12479         5.71
   11837.439     0.850000        12860         6.67
   13254.655     0.875000        13237         8.00
   13836.287     0.887500        13425         8.89
   15556.607     0.900000        13614        10.00
   17154.047     0.912500        13804        11.43
   18956.287     0.925000        13992        13.33
   20709.375     0.937500        14181        16.00
   21741.567     0.943750        14278        17.78
   22527.999     0.950000        14370        20.00
   23265.279     0.956250        14466        22.86
   23724.031     0.962500        14561        26.67
   24248.319     0.968750        14660        32.00
   24444.927     0.971875        14701        35.56
   24641.535     0.975000        14751        40.00
   24772.607     0.978125        14796        45.71
   25034.751     0.981250        14843        53.33
   25444.351     0.984375        14890        64.00
   25559.039     0.985938        14914        71.11
   25722.879     0.987500        14937        80.00
   25837.567     0.989062        14963        91.43
   26116.095     0.990625        14985       106.67
   26230.783     0.992188        15009       128.00
   26312.703     0.992969        15020       142.22
   26345.471     0.993750        15032       160.00
   26460.159     0.994531        15044       182.86
   26558.463     0.995313        15057       213.33
   26689.535     0.996094        15068       256.00
   26771.455     0.996484        15073       284.44
   26836.991     0.996875        15079       320.00
   26918.911     0.997266        15086       365.71
   26935.295     0.997656        15093       426.67
   27017.215     0.998047        15097       512.00
   27131.903     0.998242        15100       568.89
   27246.591     0.998437        15104       640.00
   27279.359     0.998633        15107       731.43
   27344.895     0.998828        15110       853.33
   27394.047     0.999023        15114      1024.00
   27394.047     0.999121        15114      1137.78
   27410.431     0.999219        15115      1280.00
   27426.815     0.999316        15120      1462.86
   27426.815     0.999414        15120      1706.67
   27426.815     0.999512        15120      2048.00
   27426.815     0.999561        15120      2275.56
   27443.199     0.999609        15124      2560.00
   27443.199     0.999658        15124      2925.71
   27443.199     0.999707        15124      3413.33
   27443.199     0.999756        15124      4096.00
   27443.199     0.999780        15124      4551.11
   27443.199     0.999805        15124      5120.00
   27443.199     0.999829        15124      5851.43
   27443.199     0.999854        15124      6826.67
   27459.583     0.999878        15126      8192.00
   27459.583     1.000000        15126          inf
#[Mean    =     4737.859, StdDeviation   =     6841.740]
#[Max     =    27443.200, Total count    =        15126]
#[Buckets =           27, SubBuckets     =         2048]
----------------------------------------------------------
  16523 requests in 2.00m, 241.62MB read
Requests/sec:    137.68
Transfer/sec:      2.01MB
