Running 2m test @ http://10.97.31.177:9080/productpage
  2 threads and 4 connections
  Thread calibration: mean lat.: 4059.518ms, rate sampling interval: 14376ms
  Thread calibration: mean lat.: 3523.883ms, rate sampling interval: 12247ms
  Thread Stats   Avg      Stdev     Max   +/- Stdev
    Latency    47.78s    23.39s    1.57m    58.80%
    Req/Sec    40.73      8.87    52.00     73.33%
  Latency Distribution (HdrHistogram - Recorded Latency)
 50.000%   48.23s 
 75.000%    1.12m 
 90.000%    1.31m 
 99.000%    1.54m 
 99.900%    1.57m 
 99.990%    1.57m 
 99.999%    1.57m 
100.000%    1.57m 

  Detailed Percentile spectrum:
       Value   Percentile   TotalCount 1/(1-Percentile)

    6750.207     0.000000            1         1.00
   15081.471     0.100000          901         1.11
   23134.207     0.200000         1801         1.25
   32014.335     0.300000         2702         1.43
   40271.871     0.400000         3603         1.67
   48234.495     0.500000         4501         2.00
   52592.639     0.550000         4953         2.22
   56557.567     0.600000         5402         2.50
   60162.047     0.650000         5856         2.86
   63733.759     0.700000         6304         3.33
   67436.543     0.750000         6752         4.00
   69271.551     0.775000         6986         4.44
   70975.487     0.800000         7203         5.00
   72876.031     0.825000         7435         5.71
   74776.575     0.850000         7659         6.67
   76546.047     0.875000         7879         8.00
   77463.551     0.887500         7991         8.89
   78381.055     0.900000         8109        10.00
   79298.559     0.912500         8223        11.43
   80084.991     0.925000         8329        13.33
   82051.071     0.937500         8441        16.00
   83165.183     0.943750         8496        17.78
   84410.367     0.950000         8553        20.00
   85721.087     0.956250         8611        22.86
   86900.735     0.962500         8666        26.67
   88014.847     0.968750         8721        32.00
   88670.207     0.971875         8749        35.56
   89194.495     0.975000         8779        40.00
   89718.783     0.978125         8806        45.71
   90439.679     0.981250         8836        53.33
   91095.039     0.984375         8862        64.00
   91357.183     0.985938         8876        71.11
   91619.327     0.987500         8891        80.00
   91947.007     0.989062         8904        91.43
   92340.223     0.990625         8919       106.67
   92667.903     0.992188         8934       128.00
   92864.511     0.992969         8941       142.22
   92995.583     0.993750         8947       160.00
   93126.655     0.994531         8953       182.86
   93323.263     0.995313         8961       213.33
   93585.407     0.996094         8969       256.00
   93650.943     0.996484         8972       284.44
   93716.479     0.996875         8975       320.00
   93782.015     0.997266         8978       365.71
   93847.551     0.997656         8982       426.67
   93978.623     0.998047         8987       512.00
   93978.623     0.998242         8987       568.89
   94044.159     0.998437         8992       640.00
   94044.159     0.998633         8992       731.43
   94044.159     0.998828         8992       853.33
   94109.695     0.999023         8996      1024.00
   94109.695     0.999121         8996      1137.78
   94109.695     0.999219         8996      1280.00
   94109.695     0.999316         8996      1462.86
   94175.231     0.999414         8999      1706.67
   94175.231     0.999512         8999      2048.00
   94175.231     0.999561         8999      2275.56
   94175.231     0.999609         8999      2560.00
   94175.231     0.999658         8999      2925.71
   94240.767     0.999707         9000      3413.33
   94240.767     0.999756         9000      4096.00
   94306.303     0.999780         9001      4551.11
   94306.303     0.999805         9001      5120.00
   94306.303     0.999829         9001      5851.43
   94306.303     0.999854         9001      6826.67
   94306.303     0.999878         9001      8192.00
   94371.839     0.999890         9002      9102.22
   94371.839     1.000000         9002          inf
#[Mean    =    47780.000, StdDeviation   =    23388.971]
#[Max     =    94306.304, Total count    =         9002]
#[Buckets =           27, SubBuckets     =         2048]
----------------------------------------------------------
  9793 requests in 2.00m, 143.22MB read
Requests/sec:     81.60
Transfer/sec:      1.19MB
