Running 2m test @ http://10.97.31.177:9080/productpage
  2 threads and 4 connections
  Thread calibration: mean lat.: 2753.646ms, rate sampling interval: 9764ms
  Thread calibration: mean lat.: 2743.184ms, rate sampling interval: 9281ms
  Thread Stats   Avg      Stdev     Max   +/- Stdev
    Latency    32.06s    14.61s    0.97m    58.18%
    Req/Sec    26.32      1.29    28.00     90.91%
  Latency Distribution (HdrHistogram - Recorded Latency)
 50.000%   32.59s 
 75.000%   44.76s 
 90.000%    0.86m 
 99.000%    0.95m 
 99.900%    0.97m 
 99.990%    0.97m 
 99.999%    0.97m 
100.000%    0.97m 

  Detailed Percentile spectrum:
       Value   Percentile   TotalCount 1/(1-Percentile)

    5152.767     0.000000            1         1.00
   11165.695     0.100000          591         1.11
   16990.207     0.200000         1182         1.25
   22478.847     0.300000         1771         1.43
   27705.343     0.400000         2364         1.67
   32587.775     0.500000         2954         2.00
   35127.295     0.550000         3249         2.22
   37814.271     0.600000         3541         2.50
   40009.727     0.650000         3841         2.86
   42336.255     0.700000         4132         3.33
   44761.087     0.750000         4429         4.00
   46071.807     0.775000         4577         4.44
   47185.919     0.800000         4725         5.00
   48267.263     0.825000         4870         5.71
   49250.303     0.850000         5017         6.67
   50429.951     0.875000         5168         8.00
   50921.471     0.887500         5241         8.89
   51445.759     0.900000         5312        10.00
   52068.351     0.912500         5386        11.43
   52625.407     0.925000         5461        13.33
   53182.463     0.937500         5533        16.00
   53510.143     0.943750         5571        17.78
   53870.591     0.950000         5610        20.00
   54198.271     0.956250         5643        22.86
   54591.487     0.962500         5681        26.67
   55050.239     0.968750         5722        32.00
   55214.079     0.971875         5736        35.56
   55410.687     0.975000         5755        40.00
   55640.063     0.978125         5773        45.71
   55934.975     0.981250         5792        53.33
   56164.351     0.984375         5809        64.00
   56328.191     0.985938         5819        71.11
   56492.031     0.987500         5828        80.00
   56655.871     0.989062         5838        91.43
   56852.479     0.990625         5846       106.67
   57016.319     0.992188         5855       128.00
   57081.855     0.992969         5860       142.22
   57212.927     0.993750         5866       160.00
   57278.463     0.994531         5869       182.86
   57409.535     0.995313         5874       213.33
   57573.375     0.996094         5878       256.00
   57704.447     0.996484         5881       284.44
   57769.983     0.996875         5883       320.00
   57802.751     0.997266         5885       365.71
   57901.055     0.997656         5888       426.67
   57966.591     0.998047         5890       512.00
   57999.359     0.998242         5891       568.89
   58097.663     0.998437         5893       640.00
   58097.663     0.998633         5893       731.43
   58163.199     0.998828         5895       853.33
   58228.735     0.999023         5896      1024.00
   58228.735     0.999121         5896      1137.78
   58294.271     0.999219         5898      1280.00
   58294.271     0.999316         5898      1462.86
   58294.271     0.999414         5898      1706.67
   58327.039     0.999512         5899      2048.00
   58327.039     0.999561         5899      2275.56
   58327.039     0.999609         5899      2560.00
   58327.039     0.999658         5899      2925.71
   58359.807     0.999707         5901      3413.33
   58359.807     1.000000         5901          inf
#[Mean    =    32058.457, StdDeviation   =    14612.125]
#[Max     =    58327.040, Total count    =         5901]
#[Buckets =           27, SubBuckets     =         2048]
----------------------------------------------------------
  6368 requests in 2.00m, 93.13MB read
Requests/sec:     53.06
Transfer/sec:    794.65KB
