Running 2m test @ http://10.97.31.177:9080/productpage
  2 threads and 4 connections
  Thread calibration: mean lat.: 2687.084ms, rate sampling interval: 9068ms
  Thread calibration: mean lat.: 2798.537ms, rate sampling interval: 9412ms
  Thread Stats   Avg      Stdev     Max   +/- Stdev
    Latency    24.70s    10.72s   44.50s    59.21%
    Req/Sec    25.52      1.28    28.00     86.96%
  Latency Distribution (HdrHistogram - Recorded Latency)
 50.000%   24.81s 
 75.000%   33.72s 
 90.000%   39.19s 
 99.000%   43.81s 
 99.900%   44.47s 
 99.990%   44.50s 
 99.999%   44.53s 
100.000%   44.53s 

  Detailed Percentile spectrum:
       Value   Percentile   TotalCount 1/(1-Percentile)

    4907.007     0.000000            1         1.00
    9560.063     0.100000          575         1.11
   13688.831     0.200000         1149         1.25
   17776.639     0.300000         1725         1.43
   21528.575     0.400000         2299         1.67
   24805.375     0.500000         2874         2.00
   26640.383     0.550000         3164         2.22
   28688.383     0.600000         3448         2.50
   30474.239     0.650000         3735         2.86
   32210.943     0.700000         4023         3.33
   33718.271     0.750000         4314         4.00
   34570.239     0.775000         4457         4.44
   35389.439     0.800000         4598         5.00
   36274.175     0.825000         4740         5.71
   37224.447     0.850000         4884         6.67
   38174.719     0.875000         5029         8.00
   38731.775     0.887500         5100         8.89
   39190.527     0.900000         5170        10.00
   39649.279     0.912500         5245        11.43
   40206.335     0.925000         5318        13.33
   40730.623     0.937500         5385        16.00
   40992.767     0.943750         5426        17.78
   41189.375     0.950000         5461        20.00
   41484.287     0.956250         5499        22.86
   41746.431     0.962500         5533        26.67
   42237.951     0.968750         5567        32.00
   42401.791     0.971875         5583        35.56
   42565.631     0.975000         5601        40.00
   42827.775     0.978125         5619        45.71
   43089.919     0.981250         5637        53.33
   43319.295     0.984375         5655        64.00
   43450.367     0.985938         5664        71.11
   43581.439     0.987500         5676        80.00
   43712.511     0.989062         5682        91.43
   43843.583     0.990625         5691       106.67
   44007.423     0.992188         5700       128.00
   44040.191     0.992969         5704       142.22
   44072.959     0.993750         5709       160.00
   44105.727     0.994531         5713       182.86
   44204.031     0.995313         5719       213.33
   44269.567     0.996094         5725       256.00
   44269.567     0.996484         5725       284.44
   44302.335     0.996875         5730       320.00
   44302.335     0.997266         5730       365.71
   44335.103     0.997656         5731       426.67
   44400.639     0.998047         5735       512.00
   44400.639     0.998242         5735       568.89
   44433.407     0.998437         5737       640.00
   44433.407     0.998633         5737       731.43
   44466.175     0.998828         5741       853.33
   44466.175     0.999023         5741      1024.00
   44466.175     0.999121         5741      1137.78
   44466.175     0.999219         5741      1280.00
   44466.175     0.999316         5741      1462.86
   44466.175     0.999414         5741      1706.67
   44498.943     0.999512         5743      2048.00
   44498.943     0.999561         5743      2275.56
   44498.943     0.999609         5743      2560.00
   44498.943     0.999658         5743      2925.71
   44498.943     0.999707         5743      3413.33
   44498.943     0.999756         5743      4096.00
   44498.943     0.999780         5743      4551.11
   44498.943     0.999805         5743      5120.00
   44531.711     0.999829         5744      5851.43
   44531.711     1.000000         5744          inf
#[Mean    =    24695.991, StdDeviation   =    10715.413]
#[Max     =    44498.944, Total count    =         5744]
#[Buckets =           27, SubBuckets     =         2048]
----------------------------------------------------------
  6149 requests in 2.00m, 89.93MB read
Requests/sec:     51.23
Transfer/sec:    767.23KB
