Running 2m test @ http://10.97.31.177:9080/productpage
  2 threads and 4 connections
  Thread calibration: mean lat.: 4148.740ms, rate sampling interval: 14721ms
  Thread calibration: mean lat.: 4184.503ms, rate sampling interval: 15015ms
  Thread Stats   Avg      Stdev     Max   +/- Stdev
    Latency     0.89m    24.72s    1.60m    58.32%
    Req/Sec    25.57      1.84    29.00     92.86%
  Latency Distribution (HdrHistogram - Recorded Latency)
 50.000%    0.90m 
 75.000%    1.25m 
 90.000%    1.45m 
 99.000%    1.58m 
 99.900%    1.59m 
 99.990%    1.60m 
 99.999%    1.60m 
100.000%    1.60m 

  Detailed Percentile spectrum:
       Value   Percentile   TotalCount 1/(1-Percentile)

    8364.031     0.000000            1         1.00
   18071.551     0.100000          578         1.11
   28164.095     0.200000         1151         1.25
   37683.199     0.300000         1726         1.43
   46202.879     0.400000         2303         1.67
   54198.271     0.500000         2876         2.00
   58261.503     0.550000         3164         2.22
   62521.343     0.600000         3452         2.50
   66781.183     0.650000         3740         2.86
   70975.487     0.700000         4027         3.33
   74907.647     0.750000         4315         4.00
   77070.335     0.775000         4463         4.44
   79167.487     0.800000         4603         5.00
   81133.567     0.825000         4747         5.71
   83034.111     0.850000         4889         6.67
   85131.263     0.875000         5038         8.00
   86114.303     0.887500         5106         8.89
   87162.879     0.900000         5178        10.00
   88211.455     0.912500         5249        11.43
   89260.031     0.925000         5322        13.33
   90177.535     0.937500         5392        16.00
   90701.823     0.943750         5431        17.78
   91226.111     0.950000         5465        20.00
   91684.863     0.956250         5500        22.86
   92209.151     0.962500         5537        26.67
   92667.903     0.968750         5574        32.00
   92930.047     0.971875         5593        35.56
   93192.191     0.975000         5612        40.00
   93454.335     0.978125         5626        45.71
   93716.479     0.981250         5645        53.33
   93978.623     0.984375         5662        64.00
   94109.695     0.985938         5672        71.11
   94306.303     0.987500         5684        80.00
   94437.375     0.989062         5692        91.43
   94568.447     0.990625         5701       106.67
   94633.983     0.992188         5707       128.00
   94699.519     0.992969         5711       142.22
   94765.055     0.993750         5716       160.00
   94830.591     0.994531         5720       182.86
   94961.663     0.995313         5727       213.33
   95027.199     0.996094         5729       256.00
   95092.735     0.996484         5733       284.44
   95158.271     0.996875         5734       320.00
   95289.343     0.997266         5739       365.71
   95289.343     0.997656         5739       426.67
   95354.879     0.998047         5740       512.00
   95420.415     0.998242         5742       568.89
   95485.951     0.998437         5744       640.00
   95485.951     0.998633         5744       731.43
   95551.487     0.998828         5746       853.33
   95551.487     0.999023         5746      1024.00
   95551.487     0.999121         5746      1137.78
   95682.559     0.999219         5747      1280.00
   95748.095     0.999316         5748      1462.86
   95748.095     0.999414         5748      1706.67
   95813.631     0.999512         5750      2048.00
   95813.631     0.999561         5750      2275.56
   95813.631     0.999609         5750      2560.00
   95813.631     0.999658         5750      2925.71
   95813.631     0.999707         5750      3413.33
   95813.631     0.999756         5750      4096.00
   95813.631     0.999780         5750      4551.11
   95813.631     0.999805         5750      5120.00
   95879.167     0.999829         5751      5851.43
   95879.167     1.000000         5751          inf
#[Mean    =    53605.067, StdDeviation   =    24718.081]
#[Max     =    95813.632, Total count    =         5751]
#[Buckets =           27, SubBuckets     =         2048]
----------------------------------------------------------
  6176 requests in 2.00m, 90.32MB read
Requests/sec:     51.46
Transfer/sec:    770.64KB
