Running 2m test @ http://10.97.31.177:9080/productpage
  2 threads and 4 connections
  Thread calibration: mean lat.: 4171.175ms, rate sampling interval: 15286ms
  Thread calibration: mean lat.: 4371.014ms, rate sampling interval: 15400ms
  Thread Stats   Avg      Stdev     Max   +/- Stdev
    Latency     0.91m    26.35s    1.68m    57.49%
    Req/Sec    25.43      0.90    27.00    100.00%
  Latency Distribution (HdrHistogram - Recorded Latency)
 50.000%    0.91m 
 75.000%    1.30m 
 90.000%    1.51m 
 99.000%    1.65m 
 99.900%    1.67m 
 99.990%    1.68m 
 99.999%    1.68m 
100.000%    1.68m 

  Detailed Percentile spectrum:
       Value   Percentile   TotalCount 1/(1-Percentile)

    8384.511     0.000000            1         1.00
   17973.247     0.100000          570         1.11
   27295.743     0.200000         1139         1.25
   36405.247     0.300000         1706         1.43
   45645.823     0.400000         2276         1.67
   54755.327     0.500000         2845         2.00
   59441.151     0.550000         3130         2.22
   64258.047     0.600000         3412         2.50
   68812.799     0.650000         3698         2.86
   73072.639     0.700000         3981         3.33
   77725.695     0.750000         4266         4.00
   80019.455     0.775000         4407         4.44
   82182.143     0.800000         4554         5.00
   84148.223     0.825000         4693         5.71
   86573.055     0.850000         4834         6.67
   88866.815     0.875000         4979         8.00
   89915.391     0.887500         5051         8.89
   90898.431     0.900000         5120        10.00
   92012.543     0.912500         5191        11.43
   92995.583     0.925000         5261        13.33
   94109.695     0.937500         5333        16.00
   94699.519     0.943750         5371        17.78
   95158.271     0.950000         5402        20.00
   95748.095     0.956250         5441        22.86
   96206.847     0.962500         5477        26.67
   96665.599     0.968750         5509        32.00
   96993.279     0.971875         5528        35.56
   97320.959     0.975000         5547        40.00
   97648.639     0.978125         5564        45.71
   97976.319     0.981250         5581        53.33
   98303.999     0.984375         5599        64.00
   98500.607     0.985938         5610        71.11
   98631.679     0.987500         5617        80.00
   98828.287     0.989062         5624        91.43
   99090.431     0.990625         5634       106.67
   99287.039     0.992188         5644       128.00
   99352.575     0.992969         5648       142.22
   99418.111     0.993750         5651       160.00
   99549.183     0.994531         5658       182.86
   99614.719     0.995313         5660       213.33
   99745.791     0.996094         5666       256.00
   99811.327     0.996484         5668       284.44
   99876.863     0.996875         5669       320.00
   99942.399     0.997266         5672       365.71
  100007.935     0.997656         5673       426.67
  100139.007     0.998047         5676       512.00
  100270.079     0.998242         5677       568.89
  100335.615     0.998437         5678       640.00
  100401.151     0.998633         5679       731.43
  100466.687     0.998828         5680       853.33
  100532.223     0.999023         5681      1024.00
  100663.295     0.999121         5682      1137.78
  100663.295     0.999219         5682      1280.00
  100728.831     0.999316         5683      1462.86
  100728.831     0.999414         5683      1706.67
  100859.903     0.999512         5684      2048.00
  100859.903     0.999561         5684      2275.56
  100859.903     0.999609         5684      2560.00
  100925.439     0.999658         5685      2925.71
  100925.439     0.999707         5685      3413.33
  100925.439     0.999756         5685      4096.00
  100925.439     0.999780         5685      4551.11
  100925.439     0.999805         5685      5120.00
  100990.975     0.999829         5686      5851.43
  100990.975     1.000000         5686          inf
#[Mean    =    54649.247, StdDeviation   =    26350.332]
#[Max     =   100925.440, Total count    =         5686]
#[Buckets =           27, SubBuckets     =         2048]
----------------------------------------------------------
  6169 requests in 2.00m, 90.22MB read
Requests/sec:     51.40
Transfer/sec:    769.78KB
