Running 2m test @ http://10.108.73.23:9080/productpage
  4 threads and 10 connections
  Thread calibration: mean lat.: 2459.590ms, rate sampling interval: 8179ms
  Thread calibration: mean lat.: 2361.651ms, rate sampling interval: 7794ms
  Thread calibration: mean lat.: 2669.680ms, rate sampling interval: 8019ms
  Thread calibration: mean lat.: 2664.682ms, rate sampling interval: 8863ms
  Thread Stats   Avg      Stdev     Max   +/- Stdev
    Latency    23.58s    11.65s   50.20s    61.94%
    Req/Sec    15.35      1.27    18.00     88.46%
  Latency Distribution (HdrHistogram - Recorded Latency)
 50.000%   22.30s 
 75.000%   32.54s 
 90.000%   39.71s 
 99.000%   48.66s 
 99.900%   49.91s 
 99.990%   50.20s 
 99.999%   50.23s 
100.000%   50.23s 

  Detailed Percentile spectrum:
       Value   Percentile   TotalCount 1/(1-Percentile)

    4091.903     0.000000            1         1.00
    8527.871     0.100000          701         1.11
   12500.991     0.200000         1400         1.25
   15753.215     0.300000         2100         1.43
   19103.743     0.400000         2799         1.67
   22298.623     0.500000         3502         2.00
   23887.871     0.550000         3850         2.22
   25690.111     0.600000         4197         2.50
   27934.719     0.650000         4548         2.86
   30195.711     0.700000         4897         3.33
   32538.623     0.750000         5249         4.00
   33783.807     0.775000         5424         4.44
   35061.759     0.800000         5600         5.00
   36372.479     0.825000         5775         5.71
   37453.823     0.850000         5950         6.67
   38469.631     0.875000         6122         8.00
   39026.687     0.887500         6214         8.89
   39714.815     0.900000         6298        10.00
   40599.551     0.912500         6383        11.43
   42237.951     0.925000         6472        13.33
   43581.439     0.937500         6559        16.00
   44367.871     0.943750         6602        17.78
   44859.391     0.950000         6649        20.00
   45514.751     0.956250         6689        22.86
   46137.343     0.962500         6733        26.67
   46727.167     0.968750         6778        32.00
   47120.383     0.971875         6800        35.56
   47382.527     0.975000         6821        40.00
   47677.439     0.978125         6843        45.71
   47939.583     0.981250         6864        53.33
   48201.727     0.984375         6887        64.00
   48332.799     0.985938         6898        71.11
   48431.103     0.987500         6908        80.00
   48562.175     0.989062         6920        91.43
   48726.015     0.990625         6932       106.67
   48857.087     0.992188         6941       128.00
   48922.623     0.992969         6947       142.22
   49020.927     0.993750         6954       160.00
   49053.695     0.994531         6957       182.86
   49119.231     0.995313         6963       213.33
   49217.535     0.996094         6968       256.00
   49283.071     0.996484         6971       284.44
   49315.839     0.996875         6975       320.00
   49348.607     0.997266         6977       365.71
   49414.143     0.997656         6979       426.67
   49479.679     0.998047         6982       512.00
   49577.983     0.998242         6983       568.89
   49709.055     0.998437         6985       640.00
   49774.591     0.998633         6986       731.43
   49840.127     0.998828         6987       853.33
   49971.199     0.999023         6990      1024.00
   49971.199     0.999121         6990      1137.78
   49971.199     0.999219         6990      1280.00
   50036.735     0.999316         6992      1462.86
   50036.735     0.999414         6992      1706.67
   50036.735     0.999512         6992      2048.00
   50036.735     0.999561         6992      2275.56
   50102.271     0.999609         6993      2560.00
   50102.271     0.999658         6993      2925.71
   50102.271     0.999707         6993      3413.33
   50200.575     0.999756         6994      4096.00
   50200.575     0.999780         6994      4551.11
   50200.575     0.999805         6994      5120.00
   50200.575     0.999829         6994      5851.43
   50200.575     0.999854         6994      6826.67
   50233.343     0.999878         6995      8192.00
   50233.343     1.000000         6995          inf
#[Mean    =    23582.919, StdDeviation   =    11650.907]
#[Max     =    50200.576, Total count    =         6995]
#[Buckets =           27, SubBuckets     =         2048]
----------------------------------------------------------
  7559 requests in 2.00m, 110.54MB read
Requests/sec:     62.98
Transfer/sec:      0.92MB
