Running 2m test @ http://10.108.73.23:9080/productpage
  4 threads and 10 connections
  Thread calibration: mean lat.: 3084.650ms, rate sampling interval: 10420ms
  Thread calibration: mean lat.: 3226.107ms, rate sampling interval: 10821ms
  Thread calibration: mean lat.: 3081.083ms, rate sampling interval: 10371ms
  Thread calibration: mean lat.: 3155.658ms, rate sampling interval: 10674ms
  Thread Stats   Avg      Stdev     Max   +/- Stdev
    Latency    35.23s    17.19s    1.11m    58.34%
    Req/Sec    16.40      1.77    20.00     97.50%
  Latency Distribution (HdrHistogram - Recorded Latency)
 50.000%   32.88s 
 75.000%   50.46s 
 90.000%    1.01m 
 99.000%    1.09m 
 99.900%    1.10m 
 99.990%    1.11m 
 99.999%    1.11m 
100.000%    1.11m 

  Detailed Percentile spectrum:
       Value   Percentile   TotalCount 1/(1-Percentile)

    5697.535     0.000000            1         1.00
   12599.295     0.100000          750         1.11
   18677.759     0.200000         1500         1.25
   23937.023     0.300000         2252         1.43
   28180.479     0.400000         3001         1.67
   32882.687     0.500000         3752         2.00
   35815.423     0.550000         4127         2.22
   38993.919     0.600000         4500         2.50
   42762.239     0.650000         4879         2.86
   46596.095     0.700000         5250         3.33
   50462.719     0.750000         5628         4.00
   52396.031     0.775000         5813         4.44
   54296.575     0.800000         6000         5.00
   56098.815     0.825000         6189         5.71
   57704.447     0.850000         6381         6.67
   59015.167     0.875000         6563         8.00
   59703.295     0.887500         6657         8.89
   60391.423     0.900000         6752        10.00
   61046.783     0.912500         6844        11.43
   61767.679     0.925000         6939        13.33
   62423.039     0.937500         7031        16.00
   62750.719     0.943750         7079        17.78
   63111.167     0.950000         7125        20.00
   63438.847     0.956250         7171        22.86
   63766.527     0.962500         7219        26.67
   64126.975     0.968750         7268        32.00
   64290.815     0.971875         7291        35.56
   64454.655     0.975000         7314        40.00
   64618.495     0.978125         7337        45.71
   64815.103     0.981250         7363        53.33
   64978.943     0.984375         7384        64.00
   65044.479     0.985938         7395        71.11
   65142.783     0.987500         7410        80.00
   65241.087     0.989062         7419        91.43
   65339.391     0.990625         7431       106.67
   65437.695     0.992188         7442       128.00
   65503.231     0.992969         7448       142.22
   65568.767     0.993750         7454       160.00
   65634.303     0.994531         7458       182.86
   65699.839     0.995313         7466       213.33
   65765.375     0.996094         7474       256.00
   65765.375     0.996484         7474       284.44
   65798.143     0.996875         7477       320.00
   65863.679     0.997266         7479       365.71
   65896.447     0.997656         7482       426.67
   65961.983     0.998047         7486       512.00
   65961.983     0.998242         7486       568.89
   66027.519     0.998437         7488       640.00
   66060.287     0.998633         7489       731.43
   66125.823     0.998828         7491       853.33
   66158.591     0.999023         7492      1024.00
   66191.359     0.999121         7493      1137.78
   66224.127     0.999219         7494      1280.00
   66224.127     0.999316         7494      1462.86
   66322.431     0.999414         7495      1706.67
   66420.735     0.999512         7496      2048.00
   66420.735     0.999561         7496      2275.56
   66453.503     0.999609         7497      2560.00
   66453.503     0.999658         7497      2925.71
   66453.503     0.999707         7497      3413.33
   66486.271     0.999756         7498      4096.00
   66486.271     0.999780         7498      4551.11
   66486.271     0.999805         7498      5120.00
   66486.271     0.999829         7498      5851.43
   66486.271     0.999854         7498      6826.67
   66519.039     0.999878         7499      8192.00
   66519.039     1.000000         7499          inf
#[Mean    =    35229.756, StdDeviation   =    17189.288]
#[Max     =    66486.272, Total count    =         7499]
#[Buckets =           27, SubBuckets     =         2048]
----------------------------------------------------------
  8139 requests in 2.00m, 119.02MB read
Requests/sec:     67.81
Transfer/sec:      0.99MB
