Running 2m test @ http://10.110.152.34:11000/a?value=1
  4 threads and 30 connections
  Thread calibration: mean lat.: 1749.587ms, rate sampling interval: 5652ms
  Thread calibration: mean lat.: 2200.592ms, rate sampling interval: 6631ms
  Thread calibration: mean lat.: 2222.842ms, rate sampling interval: 7315ms
  Thread calibration: mean lat.: 2377.987ms, rate sampling interval: 7016ms
  Thread Stats   Avg      Stdev     Max   +/- Stdev
    Latency    19.13s     9.55s   40.37s    60.66%
    Req/Sec    70.78      3.14    81.00     80.00%
  Latency Distribution (HdrHistogram - Recorded Latency)
 50.000%   18.83s 
 75.000%   26.69s 
 90.000%   32.96s 
 99.000%   38.11s 
 99.900%   39.81s 
 99.990%   40.30s 
 99.999%   40.40s 
100.000%   40.40s 

  Detailed Percentile spectrum:
       Value   Percentile   TotalCount 1/(1-Percentile)

    2123.775     0.000000            1         1.00
    6299.647     0.100000         3132         1.11
    9445.375     0.200000         6265         1.25
   12648.447     0.300000         9400         1.43
   15704.063     0.400000        12528         1.67
   18825.215     0.500000        15655         2.00
   20332.543     0.550000        17221         2.22
   21692.415     0.600000        18788         2.50
   23330.815     0.650000        20353         2.86
   24985.599     0.700000        21918         3.33
   26689.535     0.750000        23490         4.00
   27426.815     0.775000        24271         4.44
   28344.319     0.800000        25050         5.00
   29261.823     0.825000        25833         5.71
   30392.319     0.850000        26611         6.67
   31571.967     0.875000        27394         8.00
   32260.095     0.887500        27789         8.89
   32964.607     0.900000        28176        10.00
   33619.967     0.912500        28582        11.43
   34209.791     0.925000        28957        13.33
   34799.615     0.937500        29367        16.00
   35028.991     0.943750        29563        17.78
   35356.671     0.950000        29745        20.00
   35717.119     0.956250        29941        22.86
   36077.567     0.962500        30134        26.67
   36438.015     0.968750        30329        32.00
   36601.855     0.971875        30440        35.56
   36798.463     0.975000        30521        40.00
   37027.839     0.978125        30632        45.71
   37322.751     0.981250        30717        53.33
   37617.663     0.984375        30825        64.00
   37748.735     0.985938        30868        71.11
   37879.807     0.987500        30913        80.00
   38043.647     0.989062        30965        91.43
   38174.719     0.990625        31016       106.67
   38338.559     0.992188        31062       128.00
   38469.631     0.992969        31083       142.22
   38567.935     0.993750        31110       160.00
   38633.471     0.994531        31132       182.86
   38764.543     0.995313        31158       213.33
   38961.151     0.996094        31181       256.00
   39092.223     0.996484        31195       284.44
   39157.759     0.996875        31209       320.00
   39190.527     0.997266        31220       365.71
   39256.063     0.997656        31230       426.67
   39321.599     0.998047        31242       512.00
   39419.903     0.998242        31250       568.89
   39485.439     0.998437        31255       640.00
   39583.743     0.998633        31261       731.43
   39714.815     0.998828        31267       853.33
   39813.119     0.999023        31273      1024.00
   39845.887     0.999121        31277      1137.78
   39944.191     0.999219        31281      1280.00
   39976.959     0.999316        31284      1462.86
   40009.727     0.999414        31288      1706.67
   40009.727     0.999512        31288      2048.00
   40075.263     0.999561        31292      2275.56
   40075.263     0.999609        31292      2560.00
   40206.335     0.999658        31293      2925.71
   40304.639     0.999707        31300      3413.33
   40304.639     0.999756        31300      4096.00
   40304.639     0.999780        31300      4551.11
   40304.639     0.999805        31300      5120.00
   40304.639     0.999829        31300      5851.43
   40304.639     0.999854        31300      6826.67
   40304.639     0.999878        31300      8192.00
   40304.639     0.999890        31300      9102.22
   40304.639     0.999902        31300     10240.00
   40337.407     0.999915        31301     11702.86
   40337.407     0.999927        31301     13653.33
   40370.175     0.999939        31302     16384.00
   40370.175     0.999945        31302     18204.44
   40370.175     0.999951        31302     20480.00
   40370.175     0.999957        31302     23405.71
   40370.175     0.999963        31302     27306.67
   40402.943     0.999969        31303     32768.00
   40402.943     1.000000        31303          inf
#[Mean    =    19132.634, StdDeviation   =     9548.273]
#[Max     =    40370.176, Total count    =        31303]
#[Buckets =           27, SubBuckets     =         2048]
----------------------------------------------------------
  33920 requests in 2.00m, 8.13MB read
Requests/sec:    282.63
Transfer/sec:     69.36KB
