Running 2m test @ http://10.102.123.170:11000/a?value=1
  2 threads and 10 connections
  Thread calibration: mean lat.: 174.827ms, rate sampling interval: 620ms
  Thread calibration: mean lat.: 298.676ms, rate sampling interval: 1935ms
  Thread Stats   Avg      Stdev     Max   +/- Stdev
    Latency   667.77ms    1.96s   10.80s    92.07%
    Req/Sec    74.18      2.63    82.00     84.98%
  Latency Distribution (HdrHistogram - Recorded Latency)
 50.000%   97.15ms
 75.000%  146.94ms
 90.000%  282.11ms
 99.000%    9.99s 
 99.900%   10.74s 
 99.990%   10.79s 
 99.999%   10.81s 
100.000%   10.81s 

  Detailed Percentile spectrum:
       Value   Percentile   TotalCount 1/(1-Percentile)

      13.503     0.000000            1         1.00
      53.823     0.100000         1638         1.11
      65.663     0.200000         3271         1.25
      75.455     0.300000         4910         1.43
      85.887     0.400000         6542         1.67
      97.151     0.500000         8186         2.00
     103.935     0.550000         8997         2.22
     111.743     0.600000         9811         2.50
     120.959     0.650000        10629         2.86
     132.735     0.700000        11449         3.33
     146.943     0.750000        12269         4.00
     155.391     0.775000        12674         4.44
     164.991     0.800000        13083         5.00
     177.535     0.825000        13490         5.71
     194.559     0.850000        13906         6.67
     218.111     0.875000        14309         8.00
     237.567     0.887500        14513         8.89
     282.111     0.900000        14717        10.00
    1948.671     0.912500        14921        11.43
    3098.623     0.925000        15125        13.33
    4321.279     0.937500        15330        16.00
    5271.551     0.943750        15432        17.78
    6070.271     0.950000        15534        20.00
    6520.831     0.956250        15637        22.86
    7073.791     0.962500        15739        26.67
    7880.703     0.968750        15841        32.00
    8069.119     0.971875        15892        35.56
    8380.415     0.975000        15944        40.00
    8658.943     0.978125        15996        45.71
    9019.391     0.981250        16045        53.33
    9510.911     0.984375        16097        64.00
    9707.519     0.985938        16123        71.11
    9871.359     0.987500        16154        80.00
    9953.279     0.989062        16175        91.43
   10084.351     0.990625        16198       106.67
   10313.727     0.992188        16226       128.00
   10354.687     0.992969        16239       142.22
   10387.455     0.993750        16249       160.00
   10428.415     0.994531        16262       182.86
   10477.567     0.995313        16276       213.33
   10543.103     0.996094        16290       256.00
   10633.215     0.996484        16294       284.44
   10682.367     0.996875        16300       320.00
   10706.943     0.997266        16314       365.71
   10706.943     0.997656        16314       426.67
   10715.135     0.998047        16321       512.00
   10723.327     0.998242        16325       568.89
   10731.519     0.998437        16329       640.00
   10731.519     0.998633        16329       731.43
   10739.711     0.998828        16335       853.33
   10747.903     0.999023        16339      1024.00
   10747.903     0.999121        16339      1137.78
   10747.903     0.999219        16339      1280.00
   10756.095     0.999316        16340      1462.86
   10764.287     0.999414        16343      1706.67
   10772.479     0.999512        16345      2048.00
   10772.479     0.999561        16345      2275.56
   10772.479     0.999609        16345      2560.00
   10780.671     0.999658        16348      2925.71
   10780.671     0.999707        16348      3413.33
   10780.671     0.999756        16348      4096.00
   10780.671     0.999780        16348      4551.11
   10780.671     0.999805        16348      5120.00
   10788.863     0.999829        16350      5851.43
   10788.863     0.999854        16350      6826.67
   10788.863     0.999878        16350      8192.00
   10788.863     0.999890        16350      9102.22
   10788.863     0.999902        16350     10240.00
   10788.863     0.999915        16350     11702.86
   10788.863     0.999927        16350     13653.33
   10805.247     0.999939        16351     16384.00
   10805.247     1.000000        16351          inf
#[Mean    =      667.765, StdDeviation   =     1962.722]
#[Max     =    10797.056, Total count    =        16351]
#[Buckets =           27, SubBuckets     =         2048]
----------------------------------------------------------
  17832 requests in 2.00m, 4.22MB read
Requests/sec:    148.59
Transfer/sec:     35.99KB
