Running 2m test @ http://10.102.123.170:11000/a?value=1
  2 threads and 10 connections
  Thread calibration: mean lat.: 48.847ms, rate sampling interval: 131ms
  Thread calibration: mean lat.: 46.996ms, rate sampling interval: 128ms
  Thread Stats   Avg      Stdev     Max   +/- Stdev
    Latency    44.08ms   13.04ms  86.27ms   64.48%
    Req/Sec    74.75      8.30   110.00     79.95%
  Latency Distribution (HdrHistogram - Recorded Latency)
 50.000%   44.48ms
 75.000%   54.14ms
 90.000%   61.66ms
 99.000%   68.99ms
 99.900%   75.52ms
 99.990%   83.52ms
 99.999%   86.33ms
100.000%   86.33ms

  Detailed Percentile spectrum:
       Value   Percentile   TotalCount 1/(1-Percentile)

       9.263     0.000000            1         1.00
      27.119     0.100000         1655         1.11
      33.055     0.200000         3307         1.25
      37.023     0.300000         4952         1.43
      40.063     0.400000         6605         1.67
      44.479     0.500000         8259         2.00
      46.303     0.550000         9090         2.22
      47.711     0.600000         9909         2.50
      49.471     0.650000        10731         2.86
      51.711     0.700000        11555         3.33
      54.143     0.750000        12381         4.00
      55.231     0.775000        12794         4.44
      56.255     0.800000        13210         5.00
      57.279     0.825000        13620         5.71
      58.431     0.850000        14024         6.67
      59.935     0.875000        14436         8.00
      60.831     0.887500        14643         8.89
      61.663     0.900000        14849        10.00
      62.591     0.912500        15058        11.43
      63.519     0.925000        15268        13.33
      64.447     0.937500        15467        16.00
      64.831     0.943750        15570        17.78
      65.151     0.950000        15675        20.00
      65.599     0.956250        15781        22.86
      66.111     0.962500        15887        26.67
      66.559     0.968750        15992        32.00
      66.751     0.971875        16038        35.56
      67.071     0.975000        16095        40.00
      67.327     0.978125        16139        45.71
      67.711     0.981250        16190        53.33
      68.095     0.984375        16246        64.00
      68.287     0.985938        16267        71.11
      68.543     0.987500        16291        80.00
      68.863     0.989062        16322        91.43
      69.119     0.990625        16344       106.67
      69.631     0.992188        16369       128.00
      69.951     0.992969        16382       142.22
      70.335     0.993750        16396       160.00
      70.655     0.994531        16408       182.86
      71.039     0.995313        16420       213.33
      71.679     0.996094        16434       256.00
      71.935     0.996484        16441       284.44
      72.255     0.996875        16446       320.00
      72.639     0.997266        16453       365.71
      73.087     0.997656        16459       426.67
      74.175     0.998047        16465       512.00
      74.559     0.998242        16469       568.89
      74.687     0.998437        16472       640.00
      74.943     0.998633        16476       731.43
      75.263     0.998828        16478       853.33
      75.519     0.999023        16481      1024.00
      75.967     0.999121        16483      1137.78
      76.863     0.999219        16485      1280.00
      77.119     0.999316        16486      1462.86
      77.887     0.999414        16488      1706.67
      78.079     0.999512        16489      2048.00
      79.167     0.999561        16490      2275.56
      79.359     0.999609        16491      2560.00
      80.959     0.999658        16493      2925.71
      80.959     0.999707        16493      3413.33
      80.959     0.999756        16493      4096.00
      81.343     0.999780        16494      4551.11
      81.343     0.999805        16494      5120.00
      83.519     0.999829        16495      5851.43
      83.519     0.999854        16495      6826.67
      83.519     0.999878        16495      8192.00
      84.351     0.999890        16496      9102.22
      84.351     0.999902        16496     10240.00
      84.351     0.999915        16496     11702.86
      84.351     0.999927        16496     13653.33
      84.351     0.999939        16496     16384.00
      86.335     0.999945        16497     18204.44
      86.335     1.000000        16497          inf
#[Mean    =       44.082, StdDeviation   =       13.037]
#[Max     =       86.272, Total count    =        16497]
#[Buckets =           27, SubBuckets     =         2048]
----------------------------------------------------------
  18000 requests in 2.00m, 4.26MB read
Requests/sec:    149.99
Transfer/sec:     36.33KB
