Running 2m test @ http://10.102.123.170:11000/a?value=1
  2 threads and 10 connections
  Thread calibration: mean lat.: 86.530ms, rate sampling interval: 245ms
  Thread calibration: mean lat.: 85.519ms, rate sampling interval: 229ms
  Thread Stats   Avg      Stdev     Max   +/- Stdev
    Latency     1.06s     5.17s   43.55s    96.09%
    Req/Sec    15.13     12.39    45.00     53.12%
  Latency Distribution (HdrHistogram - Recorded Latency)
 50.000%   81.02ms
 75.000%   95.42ms
 90.000%  115.97ms
 99.000%   31.59s 
 99.900%   43.19s 
 99.990%   43.58s 
 99.999%   43.58s 
100.000%   43.58s 

  Detailed Percentile spectrum:
       Value   Percentile   TotalCount 1/(1-Percentile)

      17.087     0.000000            1         1.00
      58.175     0.100000          342         1.11
      64.799     0.200000          681         1.25
      71.423     0.300000         1021         1.43
      76.735     0.400000         1362         1.67
      81.023     0.500000         1707         2.00
      83.071     0.550000         1876         2.22
      85.695     0.600000         2046         2.50
      89.151     0.650000         2215         2.86
      92.095     0.700000         2387         3.33
      95.423     0.750000         2554         4.00
      97.471     0.775000         2641         4.44
      99.775     0.800000         2723         5.00
     102.399     0.825000         2808         5.71
     105.535     0.850000         2893         6.67
     110.655     0.875000         2978         8.00
     113.151     0.887500         3021         8.89
     115.967     0.900000         3063        10.00
     120.127     0.912500         3106        11.43
     125.887     0.925000         3148        13.33
     137.727     0.937500         3192        16.00
     156.543     0.943750         3212        17.78
     220.927     0.950000         3233        20.00
     356.095     0.956250         3255        22.86
   11214.847     0.962500         3276        26.67
   12468.223     0.968750         3297        32.00
   19447.807     0.971875         3308        35.56
   22069.247     0.975000         3318        40.00
   22675.455     0.978125         3329        45.71
   24690.687     0.981250         3340        53.33
   30638.079     0.984375         3350        64.00
   31145.983     0.985938         3357        71.11
   31277.055     0.987500         3362        80.00
   31490.047     0.989062         3366        91.43
   31719.423     0.990625         3372       106.67
   31997.951     0.992188         3377       128.00
   32391.167     0.992969         3380       142.22
   32653.311     0.993750         3382       160.00
   35258.367     0.994531         3385       182.86
   35717.119     0.995313         3388       213.33
   39518.207     0.996094         3390       256.00
   39649.279     0.996484         3392       284.44
   39780.351     0.996875         3393       320.00
   39911.423     0.997266         3394       365.71
   40206.335     0.997656         3396       426.67
   41025.535     0.998047         3397       512.00
   41418.751     0.998242         3398       568.89
   41418.751     0.998437         3398       640.00
   41517.055     0.998633         3399       731.43
   43188.223     0.998828         3400       853.33
   43188.223     0.999023         3400      1024.00
   43319.295     0.999121         3401      1137.78
   43319.295     0.999219         3401      1280.00
   43319.295     0.999316         3401      1462.86
   43450.367     0.999414         3402      1706.67
   43450.367     0.999512         3402      2048.00
   43450.367     0.999561         3402      2275.56
   43450.367     0.999609         3402      2560.00
   43450.367     0.999658         3402      2925.71
   43581.439     0.999707         3403      3413.33
   43581.439     1.000000         3403          inf
#[Mean    =     1058.139, StdDeviation   =     5168.341]
#[Max     =    43548.672, Total count    =         3403]
#[Buckets =           27, SubBuckets     =         2048]
----------------------------------------------------------
  3903 requests in 2.00m, 0.92MB read
  Socket errors: connect 0, read 0, write 0, timeout 186
Requests/sec:     32.52
Transfer/sec:      7.88KB
