Running 3m test @ http://10.108.73.23:9080/productpage
  4 threads and 10 connections
  Thread calibration: mean lat.: 2084.320ms, rate sampling interval: 8658ms
  Thread calibration: mean lat.: 1966.335ms, rate sampling interval: 7397ms
  Thread calibration: mean lat.: 1787.477ms, rate sampling interval: 6569ms
  Thread calibration: mean lat.: 2001.110ms, rate sampling interval: 6819ms
  Thread Stats   Avg      Stdev     Max   +/- Stdev
    Latency    37.71s    21.27s    1.61m    64.34%
    Req/Sec    29.30      1.59    33.00     86.67%
  Latency Distribution (HdrHistogram - Recorded Latency)
 50.000%   36.18s 
 75.000%    0.87m 
 90.000%    1.13m 
 99.000%    1.52m 
 99.900%    1.59m 
 99.990%    1.61m 
 99.999%    1.61m 
100.000%    1.61m 

  Detailed Percentile spectrum:
       Value   Percentile   TotalCount 1/(1-Percentile)

    3088.383     0.000000            1         1.00
   10190.847     0.100000         2019         1.11
   17088.511     0.200000         4038         1.25
   23527.423     0.300000         6060         1.43
   30064.639     0.400000         8075         1.67
   36175.871     0.500000        10105         2.00
   39452.671     0.550000        11118         2.22
   42696.703     0.600000        12115         2.50
   45776.895     0.650000        13121         2.86
   48988.159     0.700000        14133         3.33
   52035.583     0.750000        15140         4.00
   53608.447     0.775000        15657         4.44
   55345.151     0.800000        16148         5.00
   57704.447     0.825000        16654         5.71
   61243.391     0.850000        17162         6.67
   64454.655     0.875000        17662         8.00
   66093.055     0.887500        17919         8.89
   67764.223     0.900000        18172        10.00
   69402.623     0.912500        18424        11.43
   70975.487     0.925000        18679        13.33
   72941.567     0.937500        18925        16.00
   74121.215     0.943750        19054        17.78
   75169.791     0.950000        19185        20.00
   76218.367     0.956250        19304        22.86
   78577.663     0.962500        19432        26.67
   81395.711     0.968750        19556        32.00
   83034.111     0.971875        19621        35.56
   84344.831     0.975000        19681        40.00
   85852.159     0.978125        19744        45.71
   87162.879     0.981250        19808        53.33
   88866.815     0.984375        19871        64.00
   89587.711     0.985938        19903        71.11
   90243.071     0.987500        19933        80.00
   91029.503     0.989062        19965        91.43
   91815.935     0.990625        19996       106.67
   92471.295     0.992188        20029       128.00
   92798.975     0.992969        20044       142.22
   93192.191     0.993750        20060       160.00
   93519.871     0.994531        20076       182.86
   93847.551     0.995313        20093       213.33
   94175.231     0.996094        20108       256.00
   94371.839     0.996484        20116       284.44
   94568.447     0.996875        20122       320.00
   94765.055     0.997266        20133       365.71
   94961.663     0.997656        20139       426.67
   95158.271     0.998047        20146       512.00
   95289.343     0.998242        20151       568.89
   95420.415     0.998437        20155       640.00
   95485.951     0.998633        20159       731.43
   95551.487     0.998828        20162       853.33
   95682.559     0.999023        20168      1024.00
   95682.559     0.999121        20168      1137.78
   95748.095     0.999219        20170      1280.00
   95879.167     0.999316        20173      1462.86
   95944.703     0.999414        20175      1706.67
   96010.239     0.999512        20176      2048.00
   96141.311     0.999561        20177      2275.56
   96206.847     0.999609        20180      2560.00
   96206.847     0.999658        20180      2925.71
   96206.847     0.999707        20180      3413.33
   96272.383     0.999756        20181      4096.00
   96272.383     0.999780        20181      4551.11
   96337.919     0.999805        20182      5120.00
   96337.919     0.999829        20182      5851.43
   96403.455     0.999854        20183      6826.67
   96403.455     0.999878        20183      8192.00
   96403.455     0.999890        20183      9102.22
   96534.527     0.999902        20184     10240.00
   96534.527     0.999915        20184     11702.86
   96534.527     0.999927        20184     13653.33
   96534.527     0.999939        20184     16384.00
   96534.527     0.999945        20184     18204.44
   96600.063     0.999951        20185     20480.00
   96600.063     1.000000        20185          inf
#[Mean    =    37710.642, StdDeviation   =    21274.591]
#[Max     =    96534.528, Total count    =        20185]
#[Buckets =           27, SubBuckets     =         2048]
----------------------------------------------------------
  21388 requests in 3.00m, 312.77MB read
Requests/sec:    118.81
Transfer/sec:      1.74MB
