Running 2m test @ http://10.99.205.204:11000/a?value=1
  4 threads and 10 connections
  Thread calibration: mean lat.: 156.372ms, rate sampling interval: 479ms
  Thread calibration: mean lat.: 191.051ms, rate sampling interval: 839ms
  Thread calibration: mean lat.: 171.301ms, rate sampling interval: 596ms
  Thread calibration: mean lat.: 207.370ms, rate sampling interval: 605ms
  Thread Stats   Avg      Stdev     Max   +/- Stdev
    Latency   650.48ms  499.93ms   2.02s    66.72%
    Req/Sec    24.46      2.28    33.00     80.83%
  Latency Distribution (HdrHistogram - Recorded Latency)
 50.000%  517.12ms
 75.000%  964.61ms
 90.000%    1.50s 
 99.000%    1.90s 
 99.900%    1.99s 
 99.990%    2.01s 
 99.999%    2.03s 
100.000%    2.03s 

  Detailed Percentile spectrum:
       Value   Percentile   TotalCount 1/(1-Percentile)

      10.367     0.000000            1         1.00
     114.687     0.100000         1096         1.11
     180.991     0.200000         2193         1.25
     284.159     0.300000         3287         1.43
     382.207     0.400000         4383         1.67
     517.119     0.500000         5477         2.00
     588.799     0.550000         6027         2.22
     666.623     0.600000         6572         2.50
     760.831     0.650000         7119         2.86
     862.719     0.700000         7667         3.33
     964.607     0.750000         8215         4.00
    1009.663     0.775000         8488         4.44
    1059.839     0.800000         8765         5.00
    1137.663     0.825000         9038         5.71
    1233.919     0.850000         9313         6.67
    1378.303     0.875000         9585         8.00
    1441.791     0.887500         9720         8.89
    1499.135     0.900000         9857        10.00
    1537.023     0.912500         9995        11.43
    1581.055     0.925000        10131        13.33
    1623.039     0.937500        10271        16.00
    1645.567     0.943750        10340        17.78
    1668.095     0.950000        10408        20.00
    1693.695     0.956250        10473        22.86
    1722.367     0.962500        10544        26.67
    1745.919     0.968750        10611        32.00
    1760.255     0.971875        10644        35.56
    1780.735     0.975000        10680        40.00
    1795.071     0.978125        10713        45.71
    1819.647     0.981250        10748        53.33
    1854.463     0.984375        10781        64.00
    1869.823     0.985938        10799        71.11
    1880.063     0.987500        10818        80.00
    1888.255     0.989062        10833        91.43
    1899.519     0.990625        10851       106.67
    1923.071     0.992188        10867       128.00
    1929.215     0.992969        10877       142.22
    1939.455     0.993750        10884       160.00
    1944.575     0.994531        10893       182.86
    1948.671     0.995313        10901       213.33
    1953.791     0.996094        10910       256.00
    1954.815     0.996484        10915       284.44
    1957.887     0.996875        10919       320.00
    1963.007     0.997266        10924       365.71
    1966.079     0.997656        10929       426.67
    1968.127     0.998047        10931       512.00
    1969.151     0.998242        10933       568.89
    1971.199     0.998437        10935       640.00
    1979.391     0.998633        10938       731.43
    1984.511     0.998828        10940       853.33
    1988.607     0.999023        10942      1024.00
    1992.703     0.999121        10944      1137.78
    1992.703     0.999219        10944      1280.00
    1997.823     0.999316        10945      1462.86
    2004.991     0.999414        10946      1706.67
    2006.015     0.999512        10949      2048.00
    2006.015     0.999561        10949      2275.56
    2006.015     0.999609        10949      2560.00
    2006.015     0.999658        10949      2925.71
    2006.015     0.999707        10949      3413.33
    2008.063     0.999756        10950      4096.00
    2008.063     0.999780        10950      4551.11
    2008.063     0.999805        10950      5120.00
    2010.111     0.999829        10951      5851.43
    2010.111     0.999854        10951      6826.67
    2010.111     0.999878        10951      8192.00
    2010.111     0.999890        10951      9102.22
    2010.111     0.999902        10951     10240.00
    2025.471     0.999915        10952     11702.86
    2025.471     1.000000        10952          inf
#[Mean    =      650.477, StdDeviation   =      499.930]
#[Max     =     2024.448, Total count    =        10952]
#[Buckets =           27, SubBuckets     =         2048]
----------------------------------------------------------
  11929 requests in 2.00m, 2.82MB read
Requests/sec:     99.39
Transfer/sec:     24.09KB
