Running 3m test @ http://10.99.205.204:11000/a?value=1
  4 threads and 10 connections
  Thread calibration: mean lat.: 1943.561ms, rate sampling interval: 5378ms
  Thread calibration: mean lat.: 1882.514ms, rate sampling interval: 5488ms
  Thread calibration: mean lat.: 2267.586ms, rate sampling interval: 8437ms
  Thread calibration: mean lat.: 2155.224ms, rate sampling interval: 6184ms
  Thread Stats   Avg      Stdev     Max   +/- Stdev
    Latency    22.95s    12.11s    0.87m    64.50%
    Req/Sec    14.85      0.85    18.00     94.44%
  Latency Distribution (HdrHistogram - Recorded Latency)
 50.000%   22.51s 
 75.000%   31.64s 
 90.000%   40.47s 
 99.000%   49.61s 
 99.900%    0.86m 
 99.990%    0.87m 
 99.999%    0.87m 
100.000%    0.87m 

  Detailed Percentile spectrum:
       Value   Percentile   TotalCount 1/(1-Percentile)

    2469.887     0.000000            1         1.00
    6664.191     0.100000         1048         1.11
   11083.775     0.200000         2096         1.25
   14860.287     0.300000         3144         1.43
   18497.535     0.400000         4200         1.67
   22511.615     0.500000         5239         2.00
   24444.927     0.550000         5768         2.22
   26329.087     0.600000         6288         2.50
   27951.103     0.650000         6813         2.86
   29753.343     0.700000         7336         3.33
   31637.503     0.750000         7862         4.00
   32342.015     0.775000         8121         4.44
   33357.823     0.800000         8385         5.00
   34439.167     0.825000         8645         5.71
   36044.799     0.850000         8909         6.67
   38141.951     0.875000         9168         8.00
   39223.295     0.887500         9301         8.89
   40468.479     0.900000         9430        10.00
   41877.503     0.912500         9561        11.43
   42827.775     0.925000         9696        13.33
   44040.191     0.937500         9823        16.00
   44564.479     0.943750         9893        17.78
   44990.463     0.950000         9954        20.00
   45514.751     0.956250        10021        22.86
   46235.647     0.962500        10087        26.67
   46661.631     0.968750        10150        32.00
   46989.311     0.971875        10187        35.56
   47349.759     0.975000        10218        40.00
   47513.599     0.978125        10252        45.71
   47775.743     0.981250        10282        53.33
   48168.959     0.984375        10318        64.00
   48562.175     0.985938        10331        71.11
   48988.159     0.987500        10347        80.00
   49315.839     0.989062        10363        91.43
   49807.359     0.990625        10379       106.67
   50233.343     0.992188        10399       128.00
   50331.647     0.992969        10404       142.22
   50528.255     0.993750        10413       160.00
   50757.631     0.994531        10422       182.86
   50855.935     0.995313        10431       213.33
   51019.775     0.996094        10442       256.00
   51019.775     0.996484        10442       284.44
   51085.311     0.996875        10445       320.00
   51314.687     0.997266        10449       365.71
   51380.223     0.997656        10453       426.67
   51478.527     0.998047        10457       512.00
   51576.831     0.998242        10459       568.89
   51675.135     0.998437        10461       640.00
   51740.671     0.998633        10463       731.43
   51773.439     0.998828        10465       853.33
   51871.743     0.999023        10467      1024.00
   51904.511     0.999121        10468      1137.78
   52002.815     0.999219        10469      1280.00
   52035.583     0.999316        10472      1462.86
   52035.583     0.999414        10472      1706.67
   52035.583     0.999512        10472      2048.00
   52101.119     0.999561        10475      2275.56
   52101.119     0.999609        10475      2560.00
   52101.119     0.999658        10475      2925.71
   52101.119     0.999707        10475      3413.33
   52101.119     0.999756        10475      4096.00
   52101.119     0.999780        10475      4551.11
   52101.119     0.999805        10475      5120.00
   52133.887     0.999829        10477      5851.43
   52133.887     1.000000        10477          inf
#[Mean    =    22954.379, StdDeviation   =    12113.504]
#[Max     =    52101.120, Total count    =        10477]
#[Buckets =           27, SubBuckets     =         2048]
----------------------------------------------------------
  11019 requests in 3.00m, 2.61MB read
Requests/sec:     61.21
Transfer/sec:     14.86KB
