Running 2m test @ http://10.97.31.177:9080/productpage
  2 threads and 10 connections
  Thread calibration: mean lat.: 363.747ms, rate sampling interval: 1496ms
  Thread calibration: mean lat.: 288.898ms, rate sampling interval: 1424ms
  Thread Stats   Avg      Stdev     Max   +/- Stdev
    Latency   283.33ms  365.64ms   1.88s    86.00%
    Req/Sec    49.73      2.33    57.00     85.33%
  Latency Distribution (HdrHistogram - Recorded Latency)
 50.000%  127.10ms
 75.000%  287.74ms
 90.000%  813.05ms
 99.000%    1.57s 
 99.900%    1.78s 
 99.990%    1.88s 
 99.999%    1.88s 
100.000%    1.88s 

  Detailed Percentile spectrum:
       Value   Percentile   TotalCount 1/(1-Percentile)

       9.519     0.000000            1         1.00
      51.135     0.100000         1107         1.11
      66.303     0.200000         2211         1.25
      80.511     0.300000         3312         1.43
      99.839     0.400000         4416         1.67
     127.103     0.500000         5516         2.00
     142.847     0.550000         6068         2.22
     158.207     0.600000         6620         2.50
     177.663     0.650000         7176         2.86
     236.415     0.700000         7723         3.33
     287.743     0.750000         8275         4.00
     343.807     0.775000         8554         4.44
     391.679     0.800000         8826         5.00
     484.351     0.825000         9102         5.71
     603.135     0.850000         9378         6.67
     703.999     0.875000         9655         8.00
     754.175     0.887500         9791         8.89
     813.055     0.900000         9929        10.00
     872.447     0.912500        10067        11.43
     981.503     0.925000        10205        13.33
    1108.991     0.937500        10343        16.00
    1178.623     0.943750        10412        17.78
    1243.135     0.950000        10481        20.00
    1301.503     0.956250        10550        22.86
    1344.511     0.962500        10619        26.67
    1401.855     0.968750        10689        32.00
    1436.671     0.971875        10722        35.56
    1456.127     0.975000        10757        40.00
    1479.679     0.978125        10791        45.71
    1516.543     0.981250        10827        53.33
    1539.071     0.984375        10862        64.00
    1547.263     0.985938        10879        71.11
    1553.407     0.987500        10898        80.00
    1563.647     0.989062        10912        91.43
    1573.887     0.990625        10929       106.67
    1600.511     0.992188        10946       128.00
    1614.847     0.992969        10955       142.22
    1628.159     0.993750        10964       160.00
    1645.567     0.994531        10972       182.86
    1653.759     0.995313        10981       213.33
    1667.071     0.996094        10989       256.00
    1671.167     0.996484        10994       284.44
    1677.311     0.996875        11000       320.00
    1678.335     0.997266        11002       365.71
    1705.983     0.997656        11007       426.67
    1735.679     0.998047        11011       512.00
    1741.823     0.998242        11013       568.89
    1748.991     0.998437        11015       640.00
    1751.039     0.998633        11017       731.43
    1767.423     0.998828        11020       853.33
    1796.095     0.999023        11022      1024.00
    1811.455     0.999121        11024      1137.78
    1811.455     0.999219        11024      1280.00
    1849.343     0.999316        11025      1462.86
    1853.439     0.999414        11026      1706.67
    1858.559     0.999512        11027      2048.00
    1864.703     0.999561        11028      2275.56
    1864.703     0.999609        11028      2560.00
    1868.799     0.999658        11029      2925.71
    1868.799     0.999707        11029      3413.33
    1874.943     0.999756        11030      4096.00
    1874.943     0.999780        11030      4551.11
    1874.943     0.999805        11030      5120.00
    1879.039     0.999829        11031      5851.43
    1879.039     0.999854        11031      6826.67
    1879.039     0.999878        11031      8192.00
    1879.039     0.999890        11031      9102.22
    1879.039     0.999902        11031     10240.00
    1882.111     0.999915        11032     11702.86
    1882.111     1.000000        11032          inf
#[Mean    =      283.331, StdDeviation   =      365.636]
#[Max     =     1881.088, Total count    =        11032]
#[Buckets =           27, SubBuckets     =         2048]
----------------------------------------------------------
  12000 requests in 2.00m, 175.49MB read
Requests/sec:     99.98
Transfer/sec:      1.46MB
