Running 2m test @ http://10.102.123.170:11000/a?value=1
  2 threads and 4 connections
  Thread calibration: mean lat.: 3401.744ms, rate sampling interval: 11673ms
  Thread calibration: mean lat.: 3431.114ms, rate sampling interval: 11780ms
  Thread Stats   Avg      Stdev     Max   +/- Stdev
    Latency    41.93s    20.42s    1.29m    57.38%
    Req/Sec    35.50      0.96    37.00     94.44%
  Latency Distribution (HdrHistogram - Recorded Latency)
 50.000%   42.30s 
 75.000%    0.99m 
 90.000%    1.17m 
 99.000%    1.27m 
 99.900%    1.29m 
 99.990%    1.29m 
 99.999%    1.29m 
100.000%    1.29m 

  Detailed Percentile spectrum:
       Value   Percentile   TotalCount 1/(1-Percentile)

    6451.199     0.000000            1         1.00
   13524.991     0.100000          794         1.11
   20512.767     0.200000         1588         1.25
   27590.655     0.300000         2382         1.43
   35192.831     0.400000         3175         1.67
   42303.487     0.500000         3969         2.00
   45809.663     0.550000         4366         2.22
   49250.303     0.600000         4764         2.50
   52690.943     0.650000         5161         2.86
   56131.583     0.700000         5558         3.33
   59670.527     0.750000         5956         4.00
   61407.231     0.775000         6152         4.44
   63143.935     0.800000         6351         5.00
   64978.943     0.825000         6551         5.71
   66715.647     0.850000         6747         6.67
   68485.119     0.875000         6949         8.00
   69271.551     0.887500         7050         8.89
   70057.983     0.900000         7150        10.00
   70844.415     0.912500         7243        11.43
   71761.919     0.925000         7350        13.33
   72613.887     0.937500         7444        16.00
   73072.639     0.943750         7493        17.78
   73465.855     0.950000         7546        20.00
   73859.071     0.956250         7596        22.86
   74252.287     0.962500         7640        26.67
   74711.039     0.968750         7694        32.00
   74907.647     0.971875         7719        35.56
   75104.255     0.975000         7742        40.00
   75300.863     0.978125         7767        45.71
   75563.007     0.981250         7799        53.33
   75694.079     0.984375         7813        64.00
   75825.151     0.985938         7829        71.11
   75956.223     0.987500         7840        80.00
   76087.295     0.989062         7853        91.43
   76218.367     0.990625         7867       106.67
   76349.439     0.992188         7880       128.00
   76414.975     0.992969         7887       142.22
   76480.511     0.993750         7892       160.00
   76546.047     0.994531         7897       182.86
   76611.583     0.995313         7904       213.33
   76677.119     0.996094         7907       256.00
   76742.655     0.996484         7911       284.44
   76808.191     0.996875         7913       320.00
   76873.727     0.997266         7917       365.71
   76939.263     0.997656         7921       426.67
   77004.799     0.998047         7924       512.00
   77004.799     0.998242         7924       568.89
   77070.335     0.998437         7928       640.00
   77070.335     0.998633         7928       731.43
   77070.335     0.998828         7928       853.33
   77135.871     0.999023         7931      1024.00
   77135.871     0.999121         7931      1137.78
   77135.871     0.999219         7931      1280.00
   77201.407     0.999316         7932      1462.86
   77266.943     0.999414         7933      1706.67
   77332.479     0.999512         7934      2048.00
   77332.479     0.999561         7934      2275.56
   77332.479     0.999609         7934      2560.00
   77398.015     0.999658         7936      2925.71
   77398.015     0.999707         7936      3413.33
   77398.015     0.999756         7936      4096.00
   77398.015     0.999780         7936      4551.11
   77398.015     0.999805         7936      5120.00
   77398.015     0.999829         7936      5851.43
   77398.015     0.999854         7936      6826.67
   77463.551     0.999878         7937      8192.00
   77463.551     1.000000         7937          inf
#[Mean    =    41928.496, StdDeviation   =    20423.308]
#[Max     =    77398.016, Total count    =         7937]
#[Buckets =           27, SubBuckets     =         2048]
----------------------------------------------------------
  8651 requests in 2.00m, 2.05MB read
Requests/sec:     72.09
Transfer/sec:     17.46KB
