Running 2m test @ http://10.102.123.170:11000/a?value=1
  2 threads and 4 connections
  Thread calibration: mean lat.: 4039.179ms, rate sampling interval: 13467ms
  Thread calibration: mean lat.: 4148.082ms, rate sampling interval: 13860ms
  Thread Stats   Avg      Stdev     Max   +/- Stdev
    Latency    47.76s    23.25s    1.47m    57.66%
    Req/Sec    26.20      0.40    27.00    100.00%
  Latency Distribution (HdrHistogram - Recorded Latency)
 50.000%   47.64s 
 75.000%    1.13m 
 90.000%    1.33m 
 99.000%    1.45m 
 99.900%    1.47m 
 99.990%    1.47m 
 99.999%    1.47m 
100.000%    1.47m 

  Detailed Percentile spectrum:
       Value   Percentile   TotalCount 1/(1-Percentile)

    7499.775     0.000000            1         1.00
   15400.959     0.100000          589         1.11
   23609.343     0.200000         1177         1.25
   31719.423     0.300000         1766         1.43
   39649.279     0.400000         2355         1.67
   47644.671     0.500000         2943         2.00
   51609.599     0.550000         3237         2.22
   55803.903     0.600000         3531         2.50
   59768.831     0.650000         3828         2.86
   63832.063     0.700000         4120         3.33
   67960.831     0.750000         4413         4.00
   70057.983     0.775000         4562         4.44
   72089.599     0.800000         4711         5.00
   73990.143     0.825000         4855         5.71
   76021.759     0.850000         5006         6.67
   78053.375     0.875000         5153         8.00
   79036.415     0.887500         5223         8.89
   80084.991     0.900000         5297        10.00
   81002.495     0.912500         5372        11.43
   81985.535     0.925000         5444        13.33
   83034.111     0.937500         5521        16.00
   83492.863     0.943750         5554        17.78
   84017.151     0.950000         5590        20.00
   84475.903     0.956250         5627        22.86
   85065.727     0.962500         5668        26.67
   85590.015     0.968750         5705        32.00
   85852.159     0.971875         5722        35.56
   86114.303     0.975000         5740        40.00
   86376.447     0.978125         5758        45.71
   86638.591     0.981250         5777        53.33
   86900.735     0.984375         5797        64.00
   86966.271     0.985938         5802        71.11
   87097.343     0.987500         5813        80.00
   87228.415     0.989062         5822        91.43
   87359.487     0.990625         5830       106.67
   87490.559     0.992188         5841       128.00
   87556.095     0.992969         5847       142.22
   87621.631     0.993750         5852       160.00
   87621.631     0.994531         5852       182.86
   87687.167     0.995313         5857       213.33
   87752.703     0.996094         5862       256.00
   87818.239     0.996484         5866       284.44
   87818.239     0.996875         5866       320.00
   87883.775     0.997266         5872       365.71
   87883.775     0.997656         5872       426.67
   87949.311     0.998047         5876       512.00
   87949.311     0.998242         5876       568.89
   87949.311     0.998437         5876       640.00
   87949.311     0.998633         5876       731.43
   88014.847     0.998828         5878       853.33
   88080.383     0.999023         5880      1024.00
   88080.383     0.999121         5880      1137.78
   88080.383     0.999219         5880      1280.00
   88080.383     0.999316         5880      1462.86
   88145.919     0.999414         5881      1706.67
   88211.455     0.999512         5882      2048.00
   88211.455     0.999561         5882      2275.56
   88211.455     0.999609         5882      2560.00
   88211.455     0.999658         5882      2925.71
   88276.991     0.999707         5883      3413.33
   88276.991     0.999756         5883      4096.00
   88276.991     0.999780         5883      4551.11
   88276.991     0.999805         5883      5120.00
   88276.991     0.999829         5883      5851.43
   88342.527     0.999854         5884      6826.67
   88342.527     1.000000         5884          inf
#[Mean    =    47761.841, StdDeviation   =    23250.665]
#[Max     =    88276.992, Total count    =         5884]
#[Buckets =           27, SubBuckets     =         2048]
----------------------------------------------------------
  6386 requests in 2.00m, 1.51MB read
Requests/sec:     53.21
Transfer/sec:     12.89KB
