Running 2m test @ http://10.102.123.170:11000/a?value=1
  2 threads and 4 connections
  Thread calibration: mean lat.: 3615.026ms, rate sampling interval: 12460ms
  Thread calibration: mean lat.: 2799.128ms, rate sampling interval: 10092ms
  Thread Stats   Avg      Stdev     Max   +/- Stdev
    Latency    38.49s    20.75s    1.41m    61.41%
    Req/Sec    47.17      8.03    56.00     83.33%
  Latency Distribution (HdrHistogram - Recorded Latency)
 50.000%   36.73s 
 75.000%    0.87m 
 90.000%    1.17m 
 99.000%    1.35m 
 99.900%    1.40m 
 99.990%    1.41m 
 99.999%    1.41m 
100.000%    1.41m 

  Detailed Percentile spectrum:
       Value   Percentile   TotalCount 1/(1-Percentile)

    4554.751     0.000000            1         1.00
   11911.167     0.100000         1028         1.11
   17874.943     0.200000         2058         1.25
   24297.471     0.300000         3084         1.43
   30490.623     0.400000         4112         1.67
   36732.927     0.500000         5143         2.00
   39976.959     0.550000         5652         2.22
   43188.223     0.600000         6166         2.50
   46301.183     0.650000         6681         2.86
   49348.607     0.700000         7199         3.33
   52232.191     0.750000         7711         4.00
   54001.663     0.775000         7965         4.44
   57311.231     0.800000         8222         5.00
   61112.319     0.825000         8479         5.71
   64028.671     0.850000         8740         6.67
   67371.007     0.875000         8993         8.00
   68812.799     0.887500         9121         8.89
   70320.127     0.900000         9253        10.00
   71958.527     0.912500         9377        11.43
   73596.927     0.925000         9508        13.33
   74973.183     0.937500         9638        16.00
   75694.079     0.943750         9702        17.78
   76414.975     0.950000         9767        20.00
   77004.799     0.956250         9829        22.86
   77725.695     0.962500         9894        26.67
   78446.591     0.968750         9959        32.00
   78774.271     0.971875         9992        35.56
   79167.487     0.975000        10023        40.00
   79560.703     0.978125        10056        45.71
   79953.919     0.981250        10086        53.33
   80347.135     0.984375        10121        64.00
   80543.743     0.985938        10133        71.11
   80740.351     0.987500        10148        80.00
   80936.959     0.989062        10164        91.43
   81264.639     0.990625        10183       106.67
   81723.391     0.992188        10196       128.00
   82116.607     0.992969        10206       142.22
   82378.751     0.993750        10214       160.00
   82640.895     0.994531        10220       182.86
   82968.575     0.995313        10228       213.33
   83296.255     0.996094        10236       256.00
   83427.327     0.996484        10240       284.44
   83558.399     0.996875        10244       320.00
   83689.471     0.997266        10249       365.71
   83820.543     0.997656        10252       426.67
   83951.615     0.998047        10258       512.00
   83951.615     0.998242        10258       568.89
   84017.151     0.998437        10260       640.00
   84082.687     0.998633        10262       731.43
   84213.759     0.998828        10265       853.33
   84279.295     0.999023        10267      1024.00
   84279.295     0.999121        10267      1137.78
   84344.831     0.999219        10269      1280.00
   84344.831     0.999316        10269      1462.86
   84410.367     0.999414        10271      1706.67
   84410.367     0.999512        10271      2048.00
   84475.903     0.999561        10273      2275.56
   84475.903     0.999609        10273      2560.00
   84475.903     0.999658        10273      2925.71
   84475.903     0.999707        10273      3413.33
   84541.439     0.999756        10275      4096.00
   84541.439     0.999780        10275      4551.11
   84541.439     0.999805        10275      5120.00
   84541.439     0.999829        10275      5851.43
   84541.439     0.999854        10275      6826.67
   84541.439     0.999878        10275      8192.00
   84541.439     0.999890        10275      9102.22
   84541.439     0.999902        10275     10240.00
   84606.975     0.999915        10276     11702.86
   84606.975     1.000000        10276          inf
#[Mean    =    38488.885, StdDeviation   =    20748.065]
#[Max     =    84541.440, Total count    =        10276]
#[Buckets =           27, SubBuckets     =         2048]
----------------------------------------------------------
  11199 requests in 2.00m, 2.65MB read
Requests/sec:     93.31
Transfer/sec:     22.60KB
