Running 2m test @ http://10.102.123.170:11000/a?value=1
  2 threads and 4 connections
  Thread calibration: mean lat.: 2768.314ms, rate sampling interval: 9641ms
  Thread calibration: mean lat.: 2153.482ms, rate sampling interval: 7856ms
  Thread Stats   Avg      Stdev     Max   +/- Stdev
    Latency    27.55s    15.58s    1.01m    60.69%
    Req/Sec    42.60      4.97    51.00     84.00%
  Latency Distribution (HdrHistogram - Recorded Latency)
 50.000%   24.53s 
 75.000%   39.98s 
 90.000%    0.87m 
 99.000%    0.99m 
 99.900%    1.01m 
 99.990%    1.01m 
 99.999%    1.01m 
100.000%    1.01m 

  Detailed Percentile spectrum:
       Value   Percentile   TotalCount 1/(1-Percentile)

    3225.599     0.000000            1         1.00
    8691.711     0.100000          936         1.11
   12541.951     0.200000         1873         1.25
   17022.975     0.300000         2809         1.43
   20905.983     0.400000         3746         1.67
   24526.847     0.500000         4682         2.00
   26509.311     0.550000         5151         2.22
   28246.015     0.600000         5619         2.50
   31686.655     0.650000         6084         2.86
   35782.655     0.700000         6552         3.33
   39976.959     0.750000         7020         4.00
   41811.967     0.775000         7256         4.44
   43974.655     0.800000         7489         5.00
   45907.967     0.825000         7724         5.71
   48005.119     0.850000         7959         6.67
   50102.271     0.875000         8193         8.00
   51085.311     0.887500         8311         8.89
   52068.351     0.900000         8426        10.00
   53018.623     0.912500         8542        11.43
   54132.735     0.925000         8659        13.33
   55115.775     0.937500         8778        16.00
   55508.991     0.943750         8835        17.78
   56098.815     0.950000         8893        20.00
   56590.335     0.956250         8951        22.86
   57049.087     0.962500         9011        26.67
   57507.839     0.968750         9070        32.00
   57737.215     0.971875         9097        35.56
   57966.591     0.975000         9126        40.00
   58261.503     0.978125         9157        45.71
   58490.879     0.981250         9186        53.33
   58687.487     0.984375         9218        64.00
   58818.559     0.985938         9233        71.11
   58916.863     0.987500         9244        80.00
   59047.935     0.989062         9259        91.43
   59277.311     0.990625         9276       106.67
   59408.383     0.992188         9287       128.00
   59572.223     0.992969         9295       142.22
   59670.527     0.993750         9303       160.00
   59834.367     0.994531         9310       182.86
   59998.207     0.995313         9319       213.33
   60096.511     0.996094         9327       256.00
   60129.279     0.996484         9329       284.44
   60194.815     0.996875         9333       320.00
   60260.351     0.997266         9335       365.71
   60325.887     0.997656         9339       426.67
   60358.655     0.998047         9342       512.00
   60391.423     0.998242         9344       568.89
   60456.959     0.998437         9350       640.00
   60456.959     0.998633         9350       731.43
   60456.959     0.998828         9350       853.33
   60489.727     0.999023         9351      1024.00
   60522.495     0.999121         9353      1137.78
   60522.495     0.999219         9353      1280.00
   60555.263     0.999316         9354      1462.86
   60588.031     0.999414         9355      1706.67
   60620.799     0.999512         9356      2048.00
   60620.799     0.999561         9356      2275.56
   60653.567     0.999609         9357      2560.00
   60653.567     0.999658         9357      2925.71
   60686.335     0.999707         9359      3413.33
   60686.335     0.999756         9359      4096.00
   60686.335     0.999780         9359      4551.11
   60686.335     0.999805         9359      5120.00
   60686.335     0.999829         9359      5851.43
   60686.335     0.999854         9359      6826.67
   60686.335     0.999878         9359      8192.00
   60686.335     0.999890         9359      9102.22
   60719.103     0.999902         9360     10240.00
   60719.103     1.000000         9360          inf
#[Mean    =    27551.311, StdDeviation   =    15578.990]
#[Max     =    60686.336, Total count    =         9360]
#[Buckets =           27, SubBuckets     =         2048]
----------------------------------------------------------
  10159 requests in 2.00m, 2.40MB read
Requests/sec:     84.64
Transfer/sec:     20.50KB
