Running 2m test @ http://10.102.123.170:11000/a?value=1
  2 threads and 4 connections
  Thread calibration: mean lat.: 2890.370ms, rate sampling interval: 9003ms
  Thread calibration: mean lat.: 2783.711ms, rate sampling interval: 8814ms
  Thread Stats   Avg      Stdev     Max   +/- Stdev
    Latency    30.65s    14.78s    0.95m    58.24%
    Req/Sec    26.08      0.57    27.00    100.00%
  Latency Distribution (HdrHistogram - Recorded Latency)
 50.000%   30.64s 
 75.000%   43.42s 
 90.000%    0.85m 
 99.000%    0.93m 
 99.900%    0.95m 
 99.990%    0.95m 
 99.999%    0.95m 
100.000%    0.95m 

  Detailed Percentile spectrum:
       Value   Percentile   TotalCount 1/(1-Percentile)

    4902.911     0.000000            1         1.00
   10108.927     0.100000          587         1.11
   15474.687     0.200000         1172         1.25
   20676.607     0.300000         1760         1.43
   25640.959     0.400000         2346         1.67
   30638.079     0.500000         2930         2.00
   33013.759     0.550000         3224         2.22
   35520.511     0.600000         3520         2.50
   38207.487     0.650000         3812         2.86
   40730.623     0.700000         4103         3.33
   43417.599     0.750000         4398         4.00
   44630.015     0.775000         4546         4.44
   46071.807     0.800000         4690         5.00
   47382.527     0.825000         4834         5.71
   48693.247     0.850000         4981         6.67
   49905.663     0.875000         5130         8.00
   50593.791     0.887500         5200         8.89
   51249.151     0.900000         5274        10.00
   51904.511     0.912500         5349        11.43
   52461.567     0.925000         5422        13.33
   53182.463     0.937500         5498        16.00
   53477.375     0.943750         5533        17.78
   53805.055     0.950000         5568        20.00
   54099.967     0.956250         5605        22.86
   54427.647     0.962500         5640        26.67
   54755.327     0.968750         5677        32.00
   54886.399     0.971875         5696        35.56
   55083.007     0.975000         5717        40.00
   55246.847     0.978125         5731        45.71
   55410.687     0.981250         5751        53.33
   55541.759     0.984375         5769        64.00
   55640.063     0.985938         5779        71.11
   55705.599     0.987500         5790        80.00
   55771.135     0.989062         5798        91.43
   55869.439     0.990625         5806       106.67
   55967.743     0.992188         5815       128.00
   56000.511     0.992969         5818       142.22
   56131.583     0.993750         5823       160.00
   56197.119     0.994531         5827       182.86
   56295.423     0.995313         5832       213.33
   56393.727     0.996094         5837       256.00
   56426.495     0.996484         5840       284.44
   56524.799     0.996875         5843       320.00
   56524.799     0.997266         5843       365.71
   56623.103     0.997656         5846       426.67
   56688.639     0.998047         5848       512.00
   56721.407     0.998242         5849       568.89
   56754.175     0.998437         5850       640.00
   56819.711     0.998633         5851       731.43
   56885.247     0.998828         5853       853.33
   56918.015     0.999023         5854      1024.00
   56918.015     0.999121         5854      1137.78
   56950.783     0.999219         5855      1280.00
   56950.783     0.999316         5855      1462.86
   56983.551     0.999414         5856      1706.67
   57016.319     0.999512         5857      2048.00
   57016.319     0.999561         5857      2275.56
   57016.319     0.999609         5857      2560.00
   57016.319     0.999658         5857      2925.71
   57049.087     0.999707         5858      3413.33
   57049.087     0.999756         5858      4096.00
   57049.087     0.999780         5858      4551.11
   57049.087     0.999805         5858      5120.00
   57049.087     0.999829         5858      5851.43
   57081.855     0.999854         5859      6826.67
   57081.855     1.000000         5859          inf
#[Mean    =    30645.936, StdDeviation   =    14777.950]
#[Max     =    57049.088, Total count    =         5859]
#[Buckets =           27, SubBuckets     =         2048]
----------------------------------------------------------
  6368 requests in 2.00m, 1.51MB read
Requests/sec:     53.06
Transfer/sec:     12.86KB
