Running 2m test @ http://10.102.123.170:11000/a?value=1
  2 threads and 4 connections
  Thread calibration: mean lat.: 4772.736ms, rate sampling interval: 15671ms
  Thread calibration: mean lat.: 4570.462ms, rate sampling interval: 15351ms
  Thread Stats   Avg      Stdev     Max   +/- Stdev
    Latency     0.90m    26.41s    1.68m    57.74%
    Req/Sec    24.86      0.35    25.00    100.00%
  Latency Distribution (HdrHistogram - Recorded Latency)
 50.000%    0.90m 
 75.000%    1.28m 
 90.000%    1.51m 
 99.000%    1.65m 
 99.900%    1.68m 
 99.990%    1.68m 
 99.999%    1.68m 
100.000%    1.68m 

  Detailed Percentile spectrum:
       Value   Percentile   TotalCount 1/(1-Percentile)

    8421.375     0.000000            1         1.00
   17530.879     0.100000          556         1.11
   26591.231     0.200000         1112         1.25
   35749.887     0.300000         1669         1.43
   44892.159     0.400000         2224         1.67
   54099.967     0.500000         2781         2.00
   58753.023     0.550000         3058         2.22
   63406.079     0.600000         3337         2.50
   67895.295     0.650000         3614         2.86
   72482.815     0.700000         3894         3.33
   76939.263     0.750000         4172         4.00
   79233.023     0.775000         4311         4.44
   81526.783     0.800000         4450         5.00
   83820.543     0.825000         4590         5.71
   86179.839     0.850000         4731         6.67
   88473.599     0.875000         4869         8.00
   89456.639     0.887500         4934         8.89
   90636.287     0.900000         5006        10.00
   91815.935     0.912500         5074        11.43
   92995.583     0.925000         5145        13.33
   94175.231     0.937500         5213        16.00
   94765.055     0.943750         5248        17.78
   95354.879     0.950000         5283        20.00
   95879.167     0.956250         5317        22.86
   96403.455     0.962500         5354        26.67
   96927.743     0.968750         5387        32.00
   97255.423     0.971875         5406        35.56
   97517.567     0.975000         5421        40.00
   97845.247     0.978125         5440        45.71
   98172.927     0.981250         5456        53.33
   98435.071     0.984375         5473        64.00
   98566.143     0.985938         5483        71.11
   98697.215     0.987500         5491        80.00
   98893.823     0.989062         5500        91.43
   99090.431     0.990625         5507       106.67
   99287.039     0.992188         5517       128.00
   99418.111     0.992969         5522       142.22
   99549.183     0.993750         5526       160.00
   99614.719     0.994531         5529       182.86
   99811.327     0.995313         5534       213.33
   99942.399     0.996094         5538       256.00
  100073.471     0.996484         5540       284.44
  100204.543     0.996875         5543       320.00
  100270.079     0.997266         5545       365.71
  100335.615     0.997656         5547       426.67
  100401.151     0.998047         5549       512.00
  100466.687     0.998242         5550       568.89
  100532.223     0.998437         5552       640.00
  100532.223     0.998633         5552       731.43
  100597.759     0.998828         5554       853.33
  100597.759     0.999023         5554      1024.00
  100663.295     0.999121         5555      1137.78
  100663.295     0.999219         5555      1280.00
  100728.831     0.999316         5557      1462.86
  100728.831     0.999414         5557      1706.67
  100728.831     0.999512         5557      2048.00
  100728.831     0.999561         5557      2275.56
  100728.831     0.999609         5557      2560.00
  100794.367     0.999658         5558      2925.71
  100794.367     0.999707         5558      3413.33
  100794.367     0.999756         5558      4096.00
  100794.367     0.999780         5558      4551.11
  100794.367     0.999805         5558      5120.00
  100859.903     0.999829         5559      5851.43
  100859.903     1.000000         5559          inf
#[Mean    =    54096.436, StdDeviation   =    26405.912]
#[Max     =   100794.368, Total count    =         5559]
#[Buckets =           27, SubBuckets     =         2048]
----------------------------------------------------------
  6012 requests in 2.00m, 1.42MB read
Requests/sec:     50.09
Transfer/sec:     12.14KB
