Running 2m test @ http://10.110.152.34:11000/a?value=1
  4 threads and 30 connections
  Thread calibration: mean lat.: 57.302ms, rate sampling interval: 180ms
  Thread calibration: mean lat.: 266.973ms, rate sampling interval: 1235ms
  Thread calibration: mean lat.: 153.893ms, rate sampling interval: 1009ms
  Thread calibration: mean lat.: 204.692ms, rate sampling interval: 1201ms
  Thread Stats   Avg      Stdev     Max   +/- Stdev
    Latency   152.04ms  208.04ms   1.46s    87.18%
    Req/Sec    62.20      7.24    88.00     75.72%
  Latency Distribution (HdrHistogram - Recorded Latency)
 50.000%   68.74ms
 75.000%  153.98ms
 90.000%  429.82ms
 99.000%    1.01s 
 99.900%    1.27s 
 99.990%    1.41s 
 99.999%    1.46s 
100.000%    1.46s 

  Detailed Percentile spectrum:
       Value   Percentile   TotalCount 1/(1-Percentile)

      10.975     0.000000            1         1.00
      18.735     0.100000         2756         1.11
      29.103     0.200000         5500         1.25
      45.375     0.300000         8252         1.43
      62.367     0.400000        11004         1.67
      68.735     0.500000        13756         2.00
      72.767     0.550000        15128         2.22
      79.807     0.600000        16503         2.50
      88.895     0.650000        17875         2.86
     118.527     0.700000        19256         3.33
     154.111     0.750000        20627         4.00
     178.943     0.775000        21314         4.44
     216.959     0.800000        22000         5.00
     262.015     0.825000        22687         5.71
     308.991     0.850000        23380         6.67
     368.895     0.875000        24062         8.00
     398.591     0.887500        24410         8.89
     430.079     0.900000        24752        10.00
     479.231     0.912500        25094        11.43
     525.823     0.925000        25440        13.33
     573.951     0.937500        25783        16.00
     596.991     0.943750        25955        17.78
     623.103     0.950000        26127        20.00
     655.871     0.956250        26298        22.86
     690.687     0.962500        26470        26.67
     731.647     0.968750        26640        32.00
     756.735     0.971875        26726        35.56
     794.111     0.975000        26813        40.00
     837.631     0.978125        26898        45.71
     879.103     0.981250        26984        53.33
     922.623     0.984375        27073        64.00
     936.447     0.985938        27113        71.11
     964.095     0.987500        27157        80.00
     983.551     0.989062        27199        91.43
    1017.855     0.990625        27242       106.67
    1052.671     0.992188        27285       128.00
    1065.983     0.992969        27310       142.22
    1079.295     0.993750        27328       160.00
    1094.655     0.994531        27349       182.86
    1126.399     0.995313        27373       213.33
    1150.975     0.996094        27393       256.00
    1164.287     0.996484        27403       284.44
    1179.647     0.996875        27415       320.00
    1188.863     0.997266        27424       365.71
    1207.295     0.997656        27437       426.67
    1219.583     0.998047        27446       512.00
    1226.751     0.998242        27452       568.89
    1238.015     0.998437        27457       640.00
    1248.255     0.998633        27462       731.43
    1266.687     0.998828        27468       853.33
    1270.783     0.999023        27474      1024.00
    1271.807     0.999121        27475      1137.78
    1274.879     0.999219        27478      1280.00
    1277.951     0.999316        27481      1462.86
    1283.071     0.999414        27483      1706.67
    1301.503     0.999512        27486      2048.00
    1304.575     0.999561        27487      2275.56
    1314.815     0.999609        27489      2560.00
    1315.839     0.999658        27490      2925.71
    1323.007     0.999707        27491      3413.33
    1368.063     0.999756        27493      4096.00
    1368.063     0.999780        27493      4551.11
    1372.159     0.999805        27494      5120.00
    1384.447     0.999829        27495      5851.43
    1384.447     0.999854        27495      6826.67
    1412.095     0.999878        27496      8192.00
    1412.095     0.999890        27496      9102.22
    1437.695     0.999902        27497     10240.00
    1437.695     0.999915        27497     11702.86
    1437.695     0.999927        27497     13653.33
    1455.103     0.999939        27498     16384.00
    1455.103     0.999945        27498     18204.44
    1455.103     0.999951        27498     20480.00
    1455.103     0.999957        27498     23405.71
    1455.103     0.999963        27498     27306.67
    1458.175     0.999969        27499     32768.00
    1458.175     1.000000        27499          inf
#[Mean    =      152.038, StdDeviation   =      208.043]
#[Max     =     1457.152, Total count    =        27499]
#[Buckets =           27, SubBuckets     =         2048]
----------------------------------------------------------
  29977 requests in 2.00m, 7.18MB read
Requests/sec:    249.78
Transfer/sec:     61.25KB
