Running 5m test @ http://10.110.152.34:11000/a?value=1
  4 threads and 30 connections
  Thread calibration: mean lat.: 34.559ms, rate sampling interval: 97ms
  Thread calibration: mean lat.: 30.637ms, rate sampling interval: 102ms
  Thread calibration: mean lat.: 24.366ms, rate sampling interval: 86ms
  Thread calibration: mean lat.: 24.024ms, rate sampling interval: 81ms
  Thread Stats   Avg      Stdev     Max   +/- Stdev
    Latency    29.59ms   30.11ms   1.14s    98.54%
    Req/Sec    62.39     17.71   125.00     70.94%
  Latency Distribution (HdrHistogram - Recorded Latency)
 50.000%   26.22ms
 75.000%   37.57ms
 90.000%   47.94ms
 99.000%   62.53ms
 99.900%  546.82ms
 99.990%    1.07s 
 99.999%    1.13s 
100.000%    1.14s 

  Detailed Percentile spectrum:
       Value   Percentile   TotalCount 1/(1-Percentile)

      10.231     0.000000            1         1.00
      14.519     0.100000         7285         1.11
      15.831     0.200000        14529         1.25
      18.223     0.300000        21802         1.43
      20.639     0.400000        29029         1.67
      26.223     0.500000        36252         2.00
      28.335     0.550000        39873         2.22
      30.495     0.600000        43509         2.50
      32.495     0.650000        47133         2.86
      34.591     0.700000        50761         3.33
      37.567     0.750000        54372         4.00
      39.295     0.775000        56196         4.44
      41.023     0.800000        58012         5.00
      42.751     0.825000        59826         5.71
      44.383     0.850000        61630         6.67
      46.047     0.875000        63433         8.00
      46.975     0.887500        64358         8.89
      47.935     0.900000        65248        10.00
      48.991     0.912500        66156        11.43
      50.143     0.925000        67052        13.33
      51.391     0.937500        67960        16.00
      51.999     0.943750        68429        17.78
      52.671     0.950000        68865        20.00
      53.471     0.956250        69319        22.86
      54.431     0.962500        69770        26.67
      55.455     0.968750        70226        32.00
      56.031     0.971875        70459        35.56
      56.671     0.975000        70677        40.00
      57.471     0.978125        70906        45.71
      58.335     0.981250        71131        53.33
      59.295     0.984375        71362        64.00
      59.935     0.985938        71472        71.11
      60.607     0.987500        71583        80.00
      61.695     0.989062        71700        91.43
      63.167     0.990625        71809       106.67
      65.119     0.992188        71922       128.00
      66.431     0.992969        71980       142.22
      67.903     0.993750        72035       160.00
      69.375     0.994531        72093       182.86
      71.487     0.995313        72150       213.33
      74.495     0.996094        72205       256.00
      76.159     0.996484        72234       284.44
      78.399     0.996875        72262       320.00
      81.151     0.997266        72290       365.71
      89.599     0.997656        72319       426.67
     125.631     0.998047        72347       512.00
     196.863     0.998242        72361       568.89
     276.735     0.998437        72375       640.00
     363.007     0.998633        72389       731.43
     467.967     0.998828        72404       853.33
     551.935     0.999023        72418      1024.00
     582.143     0.999121        72425      1137.78
     636.415     0.999219        72432      1280.00
     679.935     0.999316        72439      1462.86
     706.559     0.999414        72446      1706.67
     776.191     0.999512        72453      2048.00
     846.847     0.999561        72457      2275.56
     854.015     0.999609        72460      2560.00
     913.919     0.999658        72464      2925.71
     924.159     0.999707        72467      3413.33
     978.431     0.999756        72471      4096.00
     988.671     0.999780        72473      4551.11
     995.327     0.999805        72474      5120.00
    1048.063     0.999829        72476      5851.43
    1053.695     0.999854        72478      6826.67
    1068.031     0.999878        72480      8192.00
    1071.103     0.999890        72481      9102.22
    1071.103     0.999902        72481     10240.00
    1112.063     0.999915        72482     11702.86
    1114.111     0.999927        72483     13653.33
    1117.183     0.999939        72484     16384.00
    1118.207     0.999945        72485     18204.44
    1118.207     0.999951        72485     20480.00
    1118.207     0.999957        72485     23405.71
    1132.543     0.999963        72487     27306.67
    1132.543     0.999969        72487     32768.00
    1132.543     0.999973        72487     36408.89
    1132.543     0.999976        72487     40960.00
    1132.543     0.999979        72487     46811.43
    1132.543     0.999982        72487     54613.33
    1132.543     0.999985        72487     65536.00
    1136.639     0.999986        72488     72817.78
    1136.639     1.000000        72488          inf
#[Mean    =       29.592, StdDeviation   =       30.113]
#[Max     =     1135.616, Total count    =        72488]
#[Buckets =           27, SubBuckets     =         2048]
----------------------------------------------------------
  75010 requests in 5.00m, 17.98MB read
Requests/sec:    250.03
Transfer/sec:     61.39KB
