Running 5m test @ http://10.110.152.34:11000/a?value=1
  4 threads and 30 connections
  Thread calibration: mean lat.: 879.976ms, rate sampling interval: 3252ms
  Thread calibration: mean lat.: 1098.686ms, rate sampling interval: 3010ms
  Thread calibration: mean lat.: 950.556ms, rate sampling interval: 2775ms
  Thread calibration: mean lat.: 886.993ms, rate sampling interval: 2926ms
  Thread Stats   Avg      Stdev     Max   +/- Stdev
    Latency     9.78s     8.23s   32.56s    58.92%
    Req/Sec    69.89      2.74    78.00     81.19%
  Latency Distribution (HdrHistogram - Recorded Latency)
 50.000%    8.03s 
 75.000%   16.23s 
 90.000%   22.02s 
 99.000%   28.62s 
 99.900%   31.20s 
 99.990%   32.33s 
 99.999%   32.54s 
100.000%   32.57s 

  Detailed Percentile spectrum:
       Value   Percentile   TotalCount 1/(1-Percentile)

      11.999     0.000000            1         1.00
     602.623     0.100000         8165         1.11
    1399.807     0.200000        16331         1.25
    2764.799     0.300000        24496         1.43
    5189.631     0.400000        32659         1.67
    8028.159     0.500000        40819         2.00
    9715.711     0.550000        44913         2.22
   11313.151     0.600000        48986         2.50
   12959.743     0.650000        53079         2.86
   14622.719     0.700000        57145         3.33
   16228.351     0.750000        61245         4.00
   16842.751     0.775000        63299         4.44
   17825.791     0.800000        65308         5.00
   18972.671     0.825000        67373         5.71
   19824.639     0.850000        69407         6.67
   20709.375     0.875000        71446         8.00
   21282.815     0.887500        72471         8.89
   22020.095     0.900000        73487        10.00
   22642.687     0.912500        74495        11.43
   23330.815     0.925000        75523        13.33
   24133.631     0.937500        76546        16.00
   24526.847     0.943750        77055        17.78
   25051.135     0.950000        77562        20.00
   25509.887     0.956250        78077        22.86
   25886.719     0.962500        78574        26.67
   26361.855     0.968750        79085        32.00
   26640.383     0.971875        79340        35.56
   26984.447     0.975000        79600        40.00
   27262.975     0.978125        79855        45.71
   27623.423     0.981250        80110        53.33
   28033.023     0.984375        80361        64.00
   28246.015     0.985938        80501        71.11
   28360.703     0.987500        80622        80.00
   28524.543     0.989062        80746        91.43
   28688.383     0.990625        80877       106.67
   28868.607     0.992188        80998       128.00
   29081.599     0.992969        81066       142.22
   29310.975     0.993750        81130       160.00
   29474.815     0.994531        81193       182.86
   29687.807     0.995313        81253       213.33
   29917.183     0.996094        81322       256.00
   30015.487     0.996484        81353       284.44
   30097.407     0.996875        81382       320.00
   30294.015     0.997266        81413       365.71
   30457.855     0.997656        81446       426.67
   30654.463     0.998047        81476       512.00
   30801.919     0.998242        81493       568.89
   30867.455     0.998437        81510       640.00
   30949.375     0.998633        81526       731.43
   31031.295     0.998828        81543       853.33
   31277.055     0.999023        81556      1024.00
   31375.359     0.999121        81564      1137.78
   31473.663     0.999219        81574      1280.00
   31539.199     0.999316        81583      1462.86
   31752.191     0.999414        81588      1706.67
   31834.111     0.999512        81596      2048.00
   31883.263     0.999561        81600      2275.56
   31932.415     0.999609        81606      2560.00
   31948.799     0.999658        81608      2925.71
   32129.023     0.999707        81612      3413.33
   32194.559     0.999756        81616      4096.00
   32210.943     0.999780        81618      4551.11
   32243.711     0.999805        81622      5120.00
   32243.711     0.999829        81622      5851.43
   32276.479     0.999854        81624      6826.67
   32309.247     0.999878        81626      8192.00
   32325.631     0.999890        81627      9102.22
   32342.015     0.999902        81628     10240.00
   32358.399     0.999915        81629     11702.86
   32374.783     0.999927        81630     13653.33
   32391.167     0.999939        81631     16384.00
   32391.167     0.999945        81631     18204.44
   32440.319     0.999951        81632     20480.00
   32440.319     0.999957        81632     23405.71
   32505.855     0.999963        81633     27306.67
   32505.855     0.999969        81633     32768.00
   32505.855     0.999973        81633     36408.89
   32538.623     0.999976        81634     40960.00
   32538.623     0.999979        81634     46811.43
   32538.623     0.999982        81634     54613.33
   32538.623     0.999985        81634     65536.00
   32538.623     0.999986        81634     72817.78
   32571.391     0.999988        81635     81920.00
   32571.391     1.000000        81635          inf
#[Mean    =     9784.204, StdDeviation   =     8233.124]
#[Max     =    32555.008, Total count    =        81635]
#[Buckets =           27, SubBuckets     =         2048]
----------------------------------------------------------
  84296 requests in 5.00m, 20.25MB read
Requests/sec:    280.96
Transfer/sec:     69.12KB
