Running 2m test @ http://10.97.31.177:9080/productpage
  2 threads and 10 connections
  Thread calibration: mean lat.: 107.750ms, rate sampling interval: 336ms
  Thread calibration: mean lat.: 117.215ms, rate sampling interval: 365ms
  Thread Stats   Avg      Stdev     Max   +/- Stdev
    Latency   174.15ms  168.24ms   1.75s    94.94%
    Req/Sec    14.27      4.64    47.00     80.57%
  Latency Distribution (HdrHistogram - Recorded Latency)
 50.000%  141.44ms
 75.000%  194.94ms
 90.000%  248.57ms
 99.000%    1.09s 
 99.900%    1.69s 
 99.990%    1.75s 
 99.999%    1.75s 
100.000%    1.75s 

  Detailed Percentile spectrum:
       Value   Percentile   TotalCount 1/(1-Percentile)

      13.095     0.000000            1         1.00
      67.775     0.100000          331         1.11
      86.335     0.200000          660         1.25
     104.959     0.300000          993         1.43
     125.887     0.400000         1320         1.67
     141.439     0.500000         1650         2.00
     150.655     0.550000         1816         2.22
     162.047     0.600000         1981         2.50
     172.543     0.650000         2145         2.86
     183.039     0.700000         2312         3.33
     194.943     0.750000         2475         4.00
     200.959     0.775000         2558         4.44
     207.103     0.800000         2642         5.00
     214.655     0.825000         2723         5.71
     222.335     0.850000         2805         6.67
     233.855     0.875000         2888         8.00
     239.743     0.887500         2929         8.89
     248.575     0.900000         2971        10.00
     256.383     0.912500         3012        11.43
     268.799     0.925000         3053        13.33
     289.535     0.937500         3094        16.00
     313.599     0.943750         3115        17.78
     349.695     0.950000         3135        20.00
     422.143     0.956250         3156        22.86
     494.847     0.962500         3177        26.67
     601.087     0.968750         3197        32.00
     656.383     0.971875         3208        35.56
     687.615     0.975000         3218        40.00
     735.231     0.978125         3228        45.71
     818.175     0.981250         3239        53.33
     902.143     0.984375         3249        64.00
     959.487     0.985938         3254        71.11
    1008.127     0.987500         3259        80.00
    1036.287     0.989062         3264        91.43
    1097.727     0.990625         3270       106.67
    1140.735     0.992188         3275       128.00
    1157.119     0.992969         3277       142.22
    1173.503     0.993750         3280       160.00
    1190.911     0.994531         3282       182.86
    1301.503     0.995313         3285       213.33
    1347.583     0.996094         3288       256.00
    1412.095     0.996484         3289       284.44
    1413.119     0.996875         3290       320.00
    1418.239     0.997266         3291       365.71
    1444.863     0.997656         3293       426.67
    1480.703     0.998047         3294       512.00
    1499.135     0.998242         3295       568.89
    1499.135     0.998437         3295       640.00
    1551.359     0.998633         3296       731.43
    1693.695     0.998828         3297       853.33
    1693.695     0.999023         3297      1024.00
    1701.887     0.999121         3298      1137.78
    1701.887     0.999219         3298      1280.00
    1701.887     0.999316         3298      1462.86
    1725.439     0.999414         3299      1706.67
    1725.439     0.999512         3299      2048.00
    1725.439     0.999561         3299      2275.56
    1725.439     0.999609         3299      2560.00
    1725.439     0.999658         3299      2925.71
    1754.111     0.999707         3300      3413.33
    1754.111     1.000000         3300          inf
#[Mean    =      174.153, StdDeviation   =      168.243]
#[Max     =     1753.088, Total count    =         3300]
#[Buckets =           27, SubBuckets     =         2048]
----------------------------------------------------------
  3600 requests in 2.00m, 52.65MB read
Requests/sec:     29.99
Transfer/sec:    449.11KB
