Running 2m test @ http://10.97.31.177:9080/productpage
  2 threads and 10 connections
  Thread calibration: mean lat.: 1536.183ms, rate sampling interval: 5246ms
  Thread calibration: mean lat.: 1310.145ms, rate sampling interval: 4714ms
  Thread Stats   Avg      Stdev     Max   +/- Stdev
    Latency     9.45s     6.19s   26.03s    68.74%
    Req/Sec    43.09      2.34    47.00     86.05%
  Latency Distribution (HdrHistogram - Recorded Latency)
 50.000%    8.18s 
 75.000%   13.76s 
 90.000%   18.76s 
 99.000%   24.72s 
 99.900%   25.74s 
 99.990%   26.05s 
 99.999%   26.05s 
100.000%   26.05s 

  Detailed Percentile spectrum:
       Value   Percentile   TotalCount 1/(1-Percentile)

    1213.439     0.000000            1         1.00
    3020.799     0.100000          959         1.11
    3524.607     0.200000         1919         1.25
    4169.727     0.300000         2877         1.43
    5464.063     0.400000         3835         1.67
    8179.711     0.500000         4792         2.00
    9240.575     0.550000         5274         2.22
   10182.655     0.600000         5751         2.50
   11370.495     0.650000         6236         2.86
   12673.023     0.700000         6712         3.33
   13762.559     0.750000         7192         4.00
   14352.383     0.775000         7428         4.44
   14860.287     0.800000         7669         5.00
   15523.839     0.825000         7910         5.71
   16383.999     0.850000         8149         6.67
   17596.415     0.875000         8386         8.00
   18268.159     0.887500         8509         8.89
   18759.679     0.900000         8628        10.00
   19365.887     0.912500         8746        11.43
   20332.543     0.925000         8867        13.33
   21348.351     0.937500         8986        16.00
   21757.951     0.943750         9046        17.78
   22134.783     0.950000         9106        20.00
   22462.463     0.956250         9166        22.86
   22921.215     0.962500         9230        26.67
   23166.975     0.968750         9287        32.00
   23379.967     0.971875         9316        35.56
   23543.807     0.975000         9346        40.00
   23724.031     0.978125         9377        45.71
   23920.639     0.981250         9405        53.33
   24231.935     0.984375         9439        64.00
   24330.239     0.985938         9450        71.11
   24444.927     0.987500         9465        80.00
   24608.767     0.989062         9480        91.43
   24788.991     0.990625         9495       106.67
   25051.135     0.992188         9512       128.00
   25067.519     0.992969         9517       142.22
   25182.207     0.993750         9526       160.00
   25231.359     0.994531         9533       182.86
   25280.511     0.995313         9543       213.33
   25313.279     0.996094         9548       256.00
   25346.047     0.996484         9551       284.44
   25395.199     0.996875         9556       320.00
   25411.583     0.997266         9558       365.71
   25444.351     0.997656         9563       426.67
   25526.271     0.998047         9567       512.00
   25542.655     0.998242         9568       568.89
   25591.807     0.998437         9570       640.00
   25640.959     0.998633         9571       731.43
   25673.727     0.998828         9573       853.33
   25739.263     0.999023         9575      1024.00
   25755.647     0.999121         9576      1137.78
   25772.031     0.999219         9577      1280.00
   25788.415     0.999316         9578      1462.86
   25804.799     0.999414         9579      1706.67
   25870.335     0.999512         9580      2048.00
   25870.335     0.999561         9580      2275.56
   25935.871     0.999609         9581      2560.00
   25935.871     0.999658         9581      2925.71
   26034.175     0.999707         9582      3413.33
   26034.175     0.999756         9582      4096.00
   26034.175     0.999780         9582      4551.11
   26050.559     0.999805         9584      5120.00
   26050.559     1.000000         9584          inf
#[Mean    =     9447.644, StdDeviation   =     6192.724]
#[Max     =    26034.176, Total count    =         9584]
#[Buckets =           27, SubBuckets     =         2048]
----------------------------------------------------------
  10345 requests in 2.00m, 151.29MB read
Requests/sec:     86.20
Transfer/sec:      1.26MB
