Running 2m test @ http://10.99.205.204:11000/a?value=1
  4 threads and 10 connections
  Thread calibration: mean lat.: 94.430ms, rate sampling interval: 268ms
  Thread calibration: mean lat.: 84.211ms, rate sampling interval: 215ms
  Thread calibration: mean lat.: 84.009ms, rate sampling interval: 232ms
  Thread calibration: mean lat.: 76.523ms, rate sampling interval: 196ms
  Thread Stats   Avg      Stdev     Max   +/- Stdev
    Latency   104.21ms  143.73ms   1.29s    96.04%
    Req/Sec    24.51      3.92    40.00     82.91%
  Latency Distribution (HdrHistogram - Recorded Latency)
 50.000%   73.86ms
 75.000%   91.58ms
 90.000%  103.10ms
 99.000%  947.20ms
 99.900%    1.24s 
 99.990%    1.29s 
 99.999%    1.30s 
100.000%    1.30s 

  Detailed Percentile spectrum:
       Value   Percentile   TotalCount 1/(1-Percentile)

      47.807     0.000000            1         1.00
      58.271     0.100000         1113         1.11
      61.311     0.200000         2201         1.25
      64.383     0.300000         3308         1.43
      68.351     0.400000         4410         1.67
      73.855     0.500000         5514         2.00
      79.039     0.550000         6053         2.22
      84.991     0.600000         6610         2.50
      87.487     0.650000         7175         2.86
      89.471     0.700000         7715         3.33
      91.583     0.750000         8260         4.00
      92.735     0.775000         8533         4.44
      94.015     0.800000         8811         5.00
      95.615     0.825000         9079         5.71
      97.471     0.850000         9357         6.67
      99.967     0.875000         9628         8.00
     101.439     0.887500         9767         8.89
     103.103     0.900000         9905        10.00
     105.343     0.912500        10046        11.43
     108.351     0.925000        10178        13.33
     112.639     0.937500        10316        16.00
     116.607     0.943750        10385        17.78
     124.479     0.950000        10454        20.00
     147.967     0.956250        10522        22.86
     319.743     0.962500        10591        26.67
     519.935     0.968750        10660        32.00
     582.143     0.971875        10694        35.56
     677.887     0.975000        10728        40.00
     727.551     0.978125        10763        45.71
     780.287     0.981250        10797        53.33
     840.191     0.984375        10832        64.00
     876.031     0.985938        10849        71.11
     912.895     0.987500        10866        80.00
     935.935     0.989062        10884        91.43
     962.559     0.990625        10900       106.67
    1001.983     0.992188        10918       128.00
    1040.383     0.992969        10926       142.22
    1058.815     0.993750        10935       160.00
    1070.079     0.994531        10944       182.86
    1084.415     0.995313        10953       213.33
    1097.727     0.996094        10961       256.00
    1108.991     0.996484        10965       284.44
    1126.399     0.996875        10969       320.00
    1144.831     0.997266        10973       365.71
    1170.431     0.997656        10978       426.67
    1197.055     0.998047        10982       512.00
    1200.127     0.998242        10984       568.89
    1205.247     0.998437        10986       640.00
    1207.295     0.998633        10988       731.43
    1220.607     0.998828        10991       853.33
    1245.183     0.999023        10993      1024.00
    1262.591     0.999121        10994      1137.78
    1264.639     0.999219        10995      1280.00
    1267.711     0.999316        10996      1462.86
    1271.807     0.999414        10997      1706.67
    1276.927     0.999512        10998      2048.00
    1278.975     0.999561        11000      2275.56
    1278.975     0.999609        11000      2560.00
    1278.975     0.999658        11000      2925.71
    1278.975     0.999707        11000      3413.33
    1284.095     0.999756        11001      4096.00
    1284.095     0.999780        11001      4551.11
    1284.095     0.999805        11001      5120.00
    1292.287     0.999829        11002      5851.43
    1292.287     0.999854        11002      6826.67
    1292.287     0.999878        11002      8192.00
    1292.287     0.999890        11002      9102.22
    1292.287     0.999902        11002     10240.00
    1295.359     0.999915        11003     11702.86
    1295.359     1.000000        11003          inf
#[Mean    =      104.213, StdDeviation   =      143.730]
#[Max     =     1294.336, Total count    =        11003]
#[Buckets =           27, SubBuckets     =         2048]
----------------------------------------------------------
  11999 requests in 2.00m, 2.84MB read
Requests/sec:     99.98
Transfer/sec:     24.21KB
