Running 2m test @ http://10.102.123.170:11000/a?value=1
  2 threads and 10 connections
  Thread calibration: mean lat.: 1301.912ms, rate sampling interval: 3256ms
  Thread calibration: mean lat.: 1136.043ms, rate sampling interval: 2729ms
  Thread Stats   Avg      Stdev     Max   +/- Stdev
    Latency   238.39ms  346.69ms   1.74s    86.13%
    Req/Sec    75.33      1.61    80.00     89.04%
  Latency Distribution (HdrHistogram - Recorded Latency)
 50.000%   91.52ms
 75.000%  151.29ms
 90.000%  806.91ms
 99.000%    1.48s 
 99.900%    1.69s 
 99.990%    1.73s 
 99.999%    1.74s 
100.000%    1.74s 

  Detailed Percentile spectrum:
       Value   Percentile   TotalCount 1/(1-Percentile)

      43.199     0.000000            1         1.00
      52.703     0.100000         1673         1.11
      60.511     0.200000         3337         1.25
      73.791     0.300000         5004         1.43
      82.879     0.400000         6676         1.67
      91.519     0.500000         8341         2.00
      98.303     0.550000         9175         2.22
     106.047     0.600000        10008         2.50
     116.351     0.650000        10844         2.86
     129.983     0.700000        11676         3.33
     151.295     0.750000        12509         4.00
     172.287     0.775000        12925         4.44
     221.183     0.800000        13342         5.00
     359.679     0.825000        13759         5.71
     506.879     0.850000        14176         6.67
     668.671     0.875000        14593         8.00
     734.207     0.887500        14802         8.89
     807.423     0.900000        15013        10.00
     883.199     0.912500        15222        11.43
     937.983     0.925000        15427        13.33
    1033.215     0.937500        15635        16.00
    1081.343     0.943750        15740        17.78
    1133.567     0.950000        15845        20.00
    1195.007     0.956250        15951        22.86
    1247.231     0.962500        16054        26.67
    1313.791     0.968750        16156        32.00
    1340.415     0.971875        16212        35.56
    1366.015     0.975000        16264        40.00
    1389.567     0.978125        16316        45.71
    1403.903     0.981250        16366        53.33
    1420.287     0.984375        16418        64.00
    1432.575     0.985938        16443        71.11
    1451.007     0.987500        16470        80.00
    1470.463     0.989062        16496        91.43
    1484.799     0.990625        16521       106.67
    1499.135     0.992188        16548       128.00
    1510.399     0.992969        16561       142.22
    1527.807     0.993750        16573       160.00
    1564.671     0.994531        16586       182.86
    1622.015     0.995313        16599       213.33
    1641.471     0.996094        16614       256.00
    1648.639     0.996484        16619       284.44
    1654.783     0.996875        16625       320.00
    1661.951     0.997266        16632       365.71
    1667.071     0.997656        16638       426.67
    1671.167     0.998047        16645       512.00
    1676.287     0.998242        16648       568.89
    1679.359     0.998437        16651       640.00
    1683.455     0.998633        16655       731.43
    1686.527     0.998828        16659       853.33
    1688.575     0.999023        16662      1024.00
    1689.599     0.999121        16663      1137.78
    1691.647     0.999219        16664      1280.00
    1694.719     0.999316        16666      1462.86
    1702.911     0.999414        16668      1706.67
    1704.959     0.999512        16670      2048.00
    1704.959     0.999561        16670      2275.56
    1708.031     0.999609        16671      2560.00
    1709.055     0.999658        16672      2925.71
    1711.103     0.999707        16673      3413.33
    1711.103     0.999756        16673      4096.00
    1718.271     0.999780        16674      4551.11
    1718.271     0.999805        16674      5120.00
    1725.439     0.999829        16675      5851.43
    1725.439     0.999854        16675      6826.67
    1725.439     0.999878        16675      8192.00
    1727.487     0.999890        16676      9102.22
    1727.487     0.999902        16676     10240.00
    1727.487     0.999915        16676     11702.86
    1727.487     0.999927        16676     13653.33
    1727.487     0.999939        16676     16384.00
    1740.799     0.999945        16677     18204.44
    1740.799     1.000000        16677          inf
#[Mean    =      238.393, StdDeviation   =      346.692]
#[Max     =     1739.776, Total count    =        16677]
#[Buckets =           27, SubBuckets     =         2048]
----------------------------------------------------------
  17991 requests in 2.00m, 4.26MB read
Requests/sec:    149.92
Transfer/sec:     36.31KB
