Running 2m test @ http://10.110.152.34:11000/a?value=1
  4 threads and 30 connections
  Thread calibration: mean lat.: 293.634ms, rate sampling interval: 1134ms
  Thread calibration: mean lat.: 356.274ms, rate sampling interval: 1750ms
  Thread calibration: mean lat.: 344.815ms, rate sampling interval: 1429ms
  Thread calibration: mean lat.: 268.868ms, rate sampling interval: 1075ms
  Thread Stats   Avg      Stdev     Max   +/- Stdev
    Latency   213.95ms  150.48ms   1.40s    77.87%
    Req/Sec    62.07      2.73    68.00     79.46%
  Latency Distribution (HdrHistogram - Recorded Latency)
 50.000%  177.54ms
 75.000%  273.92ms
 90.000%  401.15ms
 99.000%  758.27ms
 99.900%    1.15s 
 99.990%    1.36s 
 99.999%    1.40s 
100.000%    1.40s 

  Detailed Percentile spectrum:
       Value   Percentile   TotalCount 1/(1-Percentile)

      11.551     0.000000            1         1.00
      66.943     0.100000         2754         1.11
      94.847     0.200000         5500         1.25
     127.487     0.300000         8249         1.43
     154.879     0.400000        11005         1.67
     177.535     0.500000        13752         2.00
     193.535     0.550000        15124         2.22
     210.431     0.600000        16508         2.50
     229.247     0.650000        17873         2.86
     249.599     0.700000        19255         3.33
     273.919     0.750000        20630         4.00
     289.535     0.775000        21319         4.44
     305.151     0.800000        22002         5.00
     323.583     0.825000        22693         5.71
     346.623     0.850000        23376         6.67
     372.223     0.875000        24065         8.00
     385.279     0.887500        24403         8.89
     401.151     0.900000        24750        10.00
     418.047     0.912500        25092        11.43
     440.575     0.925000        25437        13.33
     465.407     0.937500        25778        16.00
     480.511     0.943750        25954        17.78
     496.383     0.950000        26122        20.00
     515.071     0.956250        26295        22.86
     535.039     0.962500        26465        26.67
     562.175     0.968750        26638        32.00
     579.583     0.971875        26725        35.56
     599.039     0.975000        26809        40.00
     621.567     0.978125        26895        45.71
     648.191     0.981250        26981        53.33
     681.983     0.984375        27067        64.00
     697.343     0.985938        27111        71.11
     716.799     0.987500        27153        80.00
     740.863     0.989062        27196        91.43
     771.583     0.990625        27240       106.67
     806.911     0.992188        27282       128.00
     830.463     0.992969        27303       142.22
     847.871     0.993750        27325       160.00
     873.983     0.994531        27346       182.86
     905.727     0.995313        27368       213.33
     925.695     0.996094        27389       256.00
     950.783     0.996484        27400       284.44
     974.847     0.996875        27411       320.00
     985.087     0.997266        27421       365.71
    1014.271     0.997656        27435       426.67
    1040.383     0.998047        27443       512.00
    1044.991     0.998242        27448       568.89
    1075.199     0.998437        27454       640.00
    1092.607     0.998633        27459       731.43
    1114.111     0.998828        27464       853.33
    1150.975     0.999023        27470      1024.00
    1167.359     0.999121        27472      1137.78
    1178.623     0.999219        27475      1280.00
    1183.743     0.999316        27478      1462.86
    1213.439     0.999414        27480      1706.67
    1248.255     0.999512        27483      2048.00
    1258.495     0.999561        27484      2275.56
    1263.615     0.999609        27486      2560.00
    1294.335     0.999658        27487      2925.71
    1296.383     0.999707        27488      3413.33
    1321.983     0.999756        27490      4096.00
    1321.983     0.999780        27490      4551.11
    1326.079     0.999805        27491      5120.00
    1346.559     0.999829        27492      5851.43
    1346.559     0.999854        27492      6826.67
    1363.967     0.999878        27493      8192.00
    1363.967     0.999890        27493      9102.22
    1370.111     0.999902        27494     10240.00
    1370.111     0.999915        27494     11702.86
    1370.111     0.999927        27494     13653.33
    1394.687     0.999939        27495     16384.00
    1394.687     0.999945        27495     18204.44
    1394.687     0.999951        27495     20480.00
    1394.687     0.999957        27495     23405.71
    1394.687     0.999963        27495     27306.67
    1399.807     0.999969        27496     32768.00
    1399.807     1.000000        27496          inf
#[Mean    =      213.948, StdDeviation   =      150.485]
#[Max     =     1398.784, Total count    =        27496]
#[Buckets =           27, SubBuckets     =         2048]
----------------------------------------------------------
  29962 requests in 2.00m, 7.18MB read
Requests/sec:    249.62
Transfer/sec:     61.26KB
