Running 2m test @ http://10.110.152.34:11000/a?value=1
  4 threads and 30 connections
  Thread calibration: mean lat.: 847.377ms, rate sampling interval: 2832ms
  Thread calibration: mean lat.: 1002.290ms, rate sampling interval: 3057ms
  Thread calibration: mean lat.: 958.745ms, rate sampling interval: 3127ms
  Thread calibration: mean lat.: 793.220ms, rate sampling interval: 2566ms
  Thread Stats   Avg      Stdev     Max   +/- Stdev
    Latency     4.82s     3.22s   14.81s    63.42%
    Req/Sec    69.42      2.87    77.00     86.00%
  Latency Distribution (HdrHistogram - Recorded Latency)
 50.000%    4.36s 
 75.000%    6.94s 
 90.000%    9.58s 
 99.000%   12.73s 
 99.900%   14.43s 
 99.990%   14.77s 
 99.999%   14.82s 
100.000%   14.82s 

  Detailed Percentile spectrum:
       Value   Percentile   TotalCount 1/(1-Percentile)

      13.495     0.000000            1         1.00
     852.991     0.100000         3077         1.11
    1784.831     0.200000         6155         1.25
    2553.855     0.300000         9237         1.43
    3371.007     0.400000        12309         1.67
    4362.239     0.500000        15390         2.00
    5025.791     0.550000        16923         2.22
    5488.639     0.600000        18478         2.50
    5898.239     0.650000        20004         2.86
    6320.127     0.700000        21539         3.33
    6938.623     0.750000        23083         4.00
    7397.375     0.775000        23847         4.44
    7798.783     0.800000        24620         5.00
    8265.727     0.825000        25394         5.71
    8667.135     0.850000        26158         6.67
    9035.775     0.875000        26926         8.00
    9297.919     0.887500        27313         8.89
    9584.639     0.900000        27710        10.00
    9814.015     0.912500        28088        11.43
   10076.159     0.925000        28468        13.33
   10436.607     0.937500        28847        16.00
   10584.063     0.943750        29041        17.78
   10715.135     0.950000        29234        20.00
   10960.895     0.956250        29424        22.86
   11132.927     0.962500        29623        26.67
   11263.999     0.968750        29808        32.00
   11354.111     0.971875        29913        35.56
   11444.223     0.975000        30002        40.00
   11558.911     0.978125        30098        45.71
   11698.175     0.981250        30194        53.33
   11984.895     0.984375        30291        64.00
   12107.775     0.985938        30337        71.11
   12312.575     0.987500        30385        80.00
   12566.527     0.989062        30433        91.43
   12853.247     0.990625        30482       106.67
   13271.039     0.992188        30530       128.00
   13418.495     0.992969        30553       142.22
   13565.951     0.993750        30577       160.00
   13639.679     0.994531        30604       182.86
   13713.407     0.995313        30626       213.33
   13795.327     0.996094        30649       256.00
   13844.479     0.996484        30668       284.44
   13869.055     0.996875        30675       320.00
   13918.207     0.997266        30688       365.71
   13967.359     0.997656        30697       426.67
   14041.087     0.998047        30709       512.00
   14073.855     0.998242        30715       568.89
   14106.623     0.998437        30721       640.00
   14155.775     0.998633        30728       731.43
   14286.847     0.998828        30733       853.33
   14434.303     0.999023        30740      1024.00
   14442.495     0.999121        30742      1137.78
   14499.839     0.999219        30746      1280.00
   14532.607     0.999316        30748      1462.86
   14573.567     0.999414        30751      1706.67
   14598.143     0.999512        30754      2048.00
   14647.295     0.999561        30756      2275.56
   14663.679     0.999609        30758      2560.00
   14704.639     0.999658        30760      2925.71
   14704.639     0.999707        30760      3413.33
   14712.831     0.999756        30763      4096.00
   14712.831     0.999780        30763      4551.11
   14712.831     0.999805        30763      5120.00
   14729.215     0.999829        30764      5851.43
   14761.983     0.999854        30765      6826.67
   14770.175     0.999878        30767      8192.00
   14770.175     0.999890        30767      9102.22
   14770.175     0.999902        30767     10240.00
   14770.175     0.999915        30767     11702.86
   14770.175     0.999927        30767     13653.33
   14794.751     0.999939        30768     16384.00
   14794.751     0.999945        30768     18204.44
   14794.751     0.999951        30768     20480.00
   14794.751     0.999957        30768     23405.71
   14794.751     0.999963        30768     27306.67
   14819.327     0.999969        30769     32768.00
   14819.327     1.000000        30769          inf
#[Mean    =     4824.110, StdDeviation   =     3224.367]
#[Max     =    14811.136, Total count    =        30769]
#[Buckets =           27, SubBuckets     =         2048]
----------------------------------------------------------
  33403 requests in 2.00m, 8.01MB read
Requests/sec:    278.30
Transfer/sec:     68.30KB
