Running 3m test @ http://10.99.205.204:11000/a?value=1
  4 threads and 10 connections
  Thread calibration: mean lat.: 49.255ms, rate sampling interval: 125ms
  Thread calibration: mean lat.: 44.856ms, rate sampling interval: 104ms
  Thread calibration: mean lat.: 46.413ms, rate sampling interval: 119ms
  Thread calibration: mean lat.: 49.288ms, rate sampling interval: 118ms
  Thread Stats   Avg      Stdev     Max   +/- Stdev
    Latency    48.41ms   11.38ms  82.56ms   73.26%
    Req/Sec     9.76      7.81    19.00     51.36%
  Latency Distribution (HdrHistogram - Recorded Latency)
 50.000%   47.81ms
 75.000%   54.37ms
 90.000%   63.42ms
 99.000%   76.16ms
 99.900%   81.15ms
 99.990%   82.43ms
 99.999%   82.62ms
100.000%   82.62ms

  Detailed Percentile spectrum:
       Value   Percentile   TotalCount 1/(1-Percentile)

       9.663     0.000000            1         1.00
      36.223     0.100000          680         1.11
      41.311     0.200000         1362         1.25
      44.063     0.300000         2054         1.43
      45.919     0.400000         2727         1.67
      47.807     0.500000         3402         2.00
      48.799     0.550000         3746         2.22
      49.791     0.600000         4081         2.50
      51.103     0.650000         4431         2.86
      52.543     0.700000         4765         3.33
      54.367     0.750000         5101         4.00
      55.711     0.775000         5271         4.44
      57.087     0.800000         5441         5.00
      58.751     0.825000         5613         5.71
      60.351     0.850000         5781         6.67
      61.823     0.875000         5959         8.00
      62.559     0.887500         6035         8.89
      63.423     0.900000         6124        10.00
      64.255     0.912500         6206        11.43
      65.247     0.925000         6292        13.33
      66.367     0.937500         6378        16.00
      67.007     0.943750         6422        17.78
      67.647     0.950000         6462        20.00
      68.479     0.956250         6506        22.86
      69.375     0.962500         6547        26.67
      70.847     0.968750         6591        32.00
      71.423     0.971875         6610        35.56
      72.255     0.975000         6631        40.00
      73.023     0.978125         6653        45.71
      73.535     0.981250         6673        53.33
      74.175     0.984375         6694        64.00
      74.815     0.985938         6706        71.11
      75.199     0.987500         6716        80.00
      75.711     0.989062         6726        91.43
      76.351     0.990625         6737       106.67
      76.927     0.992188         6748       128.00
      77.183     0.992969         6755       142.22
      77.375     0.993750         6758       160.00
      77.631     0.994531         6763       182.86
      78.399     0.995313         6770       213.33
      78.655     0.996094         6775       256.00
      78.911     0.996484         6777       284.44
      79.295     0.996875         6779       320.00
      79.743     0.997266         6782       365.71
      80.319     0.997656         6786       426.67
      80.511     0.998047         6787       512.00
      80.767     0.998242         6789       568.89
      80.895     0.998437         6790       640.00
      80.959     0.998633         6791       731.43
      81.151     0.998828         6793       853.33
      81.279     0.999023         6795      1024.00
      81.279     0.999121         6795      1137.78
      81.279     0.999219         6795      1280.00
      81.535     0.999316         6796      1462.86
      81.599     0.999414         6797      1706.67
      81.599     0.999512         6797      2048.00
      82.431     0.999561         6799      2275.56
      82.431     0.999609         6799      2560.00
      82.431     0.999658         6799      2925.71
      82.431     0.999707         6799      3413.33
      82.431     0.999756         6799      4096.00
      82.431     0.999780         6799      4551.11
      82.431     0.999805         6799      5120.00
      82.431     0.999829         6799      5851.43
      82.623     0.999854         6800      6826.67
      82.623     1.000000         6800          inf
#[Mean    =       48.407, StdDeviation   =       11.382]
#[Max     =       82.560, Total count    =         6800]
#[Buckets =           27, SubBuckets     =         2048]
----------------------------------------------------------
  7200 requests in 3.00m, 1.70MB read
Requests/sec:     40.00
Transfer/sec:      9.69KB
