Running 5m test @ http://10.102.123.170:11000/a?value=1
  2 threads and 10 connections
  Thread calibration: mean lat.: 2253.317ms, rate sampling interval: 6705ms
  Thread calibration: mean lat.: 2404.792ms, rate sampling interval: 7176ms
  Thread Stats   Avg      Stdev     Max   +/- Stdev
    Latency    43.24s    22.25s    1.49m    59.05%
    Req/Sec    35.96      1.18    39.00     97.59%
  Latency Distribution (HdrHistogram - Recorded Latency)
 50.000%   43.25s 
 75.000%    1.03m 
 90.000%    1.23m 
 99.000%    1.41m 
 99.900%    1.48m 
 99.990%    1.49m 
 99.999%    1.50m 
100.000%    1.50m 

  Detailed Percentile spectrum:
       Value   Percentile   TotalCount 1/(1-Percentile)

    2885.631     0.000000            1         1.00
   12361.727     0.100000         2116         1.11
   20545.535     0.200000         4230         1.25
   28459.007     0.300000         6346         1.43
   35913.727     0.400000         8459         1.67
   43253.759     0.500000        10574         2.00
   47022.079     0.550000        11632         2.22
   50692.095     0.600000        12690         2.50
   53936.127     0.650000        13745         2.86
   57769.983     0.700000        14799         3.33
   61964.287     0.750000        15866         4.00
   63766.527     0.775000        16388         4.44
   65961.983     0.800000        16921         5.00
   67895.295     0.825000        17443         5.71
   69861.375     0.850000        17974         6.67
   71892.991     0.875000        18497         8.00
   72810.495     0.887500        18761         8.89
   73727.999     0.900000        19030        10.00
   74776.575     0.912500        19310        11.43
   75890.687     0.925000        19563        13.33
   76939.263     0.937500        19828        16.00
   77594.623     0.943750        19973        17.78
   78053.375     0.950000        20096        20.00
   78577.663     0.956250        20216        22.86
   79233.023     0.962500        20360        26.67
   80019.455     0.968750        20480        32.00
   80543.743     0.971875        20550        35.56
   81133.567     0.975000        20619        40.00
   81723.391     0.978125        20683        45.71
   82313.215     0.981250        20747        53.33
   82903.039     0.984375        20809        64.00
   83230.719     0.985938        20842        71.11
   83623.935     0.987500        20875        80.00
   84148.223     0.989062        20910        91.43
   84606.975     0.990625        20942       106.67
   84934.655     0.992188        20975       128.00
   85262.335     0.992969        20991       142.22
   85458.943     0.993750        21008       160.00
   85655.551     0.994531        21025       182.86
   85983.231     0.995313        21041       213.33
   86376.447     0.996094        21060       256.00
   86638.591     0.996484        21065       284.44
   86966.271     0.996875        21074       320.00
   87425.023     0.997266        21084       365.71
   87818.239     0.997656        21090       426.67
   88145.919     0.998047        21099       512.00
   88342.527     0.998242        21103       568.89
   88539.135     0.998437        21108       640.00
   88670.207     0.998633        21114       731.43
   88735.743     0.998828        21115       853.33
   89063.423     0.999023        21119      1024.00
   89128.959     0.999121        21121      1137.78
   89260.031     0.999219        21127      1280.00
   89260.031     0.999316        21127      1462.86
   89260.031     0.999414        21127      1706.67
   89325.567     0.999512        21129      2048.00
   89391.103     0.999561        21131      2275.56
   89391.103     0.999609        21131      2560.00
   89456.639     0.999658        21132      2925.71
   89522.175     0.999707        21134      3413.33
   89522.175     0.999756        21134      4096.00
   89587.711     0.999780        21136      4551.11
   89587.711     0.999805        21136      5120.00
   89587.711     0.999829        21136      5851.43
   89587.711     0.999854        21136      6826.67
   89653.247     0.999878        21138      8192.00
   89653.247     0.999890        21138      9102.22
   89653.247     0.999902        21138     10240.00
   89653.247     0.999915        21138     11702.86
   89653.247     0.999927        21138     13653.33
   89653.247     0.999939        21138     16384.00
   89653.247     0.999945        21138     18204.44
   89653.247     0.999951        21138     20480.00
   89718.783     0.999957        21139     23405.71
   89718.783     1.000000        21139          inf
#[Mean    =    43235.126, StdDeviation   =    22250.518]
#[Max     =    89653.248, Total count    =        21139]
#[Buckets =           27, SubBuckets     =         2048]
----------------------------------------------------------
  21779 requests in 5.00m, 5.23MB read
Requests/sec:     72.59
Transfer/sec:     17.85KB
