Running 2m test @ http://10.110.152.34:11000/a?value=1
  4 threads and 30 connections
  Thread calibration: mean lat.: 398.844ms, rate sampling interval: 1452ms
  Thread calibration: mean lat.: 430.514ms, rate sampling interval: 2042ms
  Thread calibration: mean lat.: 687.515ms, rate sampling interval: 2457ms
  Thread calibration: mean lat.: 493.448ms, rate sampling interval: 1882ms
  Thread Stats   Avg      Stdev     Max   +/- Stdev
    Latency   246.08ms  189.68ms   1.50s    79.69%
    Req/Sec    62.09      2.60    69.00     85.22%
  Latency Distribution (HdrHistogram - Recorded Latency)
 50.000%  193.02ms
 75.000%  315.14ms
 90.000%  494.33ms
 99.000%  918.02ms
 99.900%    1.39s 
 99.990%    1.47s 
 99.999%    1.51s 
100.000%    1.51s 

  Detailed Percentile spectrum:
       Value   Percentile   TotalCount 1/(1-Percentile)

      11.663     0.000000            1         1.00
      69.503     0.100000         2753         1.11
     100.927     0.200000         5509         1.25
     136.575     0.300000         8260         1.43
     163.711     0.400000        11012         1.67
     193.023     0.500000        13765         2.00
     211.199     0.550000        15145         2.22
     231.167     0.600000        16517         2.50
     255.743     0.650000        17898         2.86
     282.111     0.700000        19276         3.33
     315.135     0.750000        20650         4.00
     335.103     0.775000        21333         4.44
     356.351     0.800000        22020         5.00
     381.183     0.825000        22711         5.71
     411.391     0.850000        23400         6.67
     448.767     0.875000        24084         8.00
     470.271     0.887500        24435         8.89
     494.335     0.900000        24778        10.00
     521.471     0.912500        25118        11.43
     552.959     0.925000        25465        13.33
     585.727     0.937500        25806        16.00
     604.671     0.943750        25978        17.78
     629.247     0.950000        26151        20.00
     656.383     0.956250        26323        22.86
     683.519     0.962500        26493        26.67
     721.407     0.968750        26665        32.00
     743.423     0.971875        26751        35.56
     763.391     0.975000        26838        40.00
     787.455     0.978125        26925        45.71
     815.615     0.981250        27008        53.33
     849.919     0.984375        27094        64.00
     865.791     0.985938        27138        71.11
     882.687     0.987500        27182        80.00
     903.167     0.989062        27223        91.43
     929.279     0.990625        27266       106.67
     958.975     0.992188        27309       128.00
     973.823     0.992969        27332       142.22
    1003.007     0.993750        27352       160.00
    1039.871     0.994531        27374       182.86
    1056.767     0.995313        27397       213.33
    1094.655     0.996094        27417       256.00
    1113.087     0.996484        27428       284.44
    1140.735     0.996875        27438       320.00
    1179.647     0.997266        27449       365.71
    1213.439     0.997656        27460       426.67
    1300.479     0.998047        27472       512.00
    1316.863     0.998242        27477       568.89
    1330.175     0.998437        27481       640.00
    1342.463     0.998633        27487       731.43
    1367.039     0.998828        27492       853.33
    1388.543     0.999023        27498      1024.00
    1390.591     0.999121        27500      1137.78
    1391.615     0.999219        27503      1280.00
    1393.663     0.999316        27506      1462.86
    1397.759     0.999414        27508      1706.67
    1425.407     0.999512        27511      2048.00
    1434.623     0.999561        27512      2275.56
    1439.743     0.999609        27514      2560.00
    1445.887     0.999658        27515      2925.71
    1452.031     0.999707        27516      3413.33
    1459.199     0.999756        27518      4096.00
    1459.199     0.999780        27518      4551.11
    1463.295     0.999805        27519      5120.00
    1465.343     0.999829        27520      5851.43
    1465.343     0.999854        27520      6826.67
    1466.367     0.999878        27521      8192.00
    1466.367     0.999890        27521      9102.22
    1473.535     0.999902        27522     10240.00
    1473.535     0.999915        27522     11702.86
    1473.535     0.999927        27522     13653.33
    1486.847     0.999939        27523     16384.00
    1486.847     0.999945        27523     18204.44
    1486.847     0.999951        27523     20480.00
    1486.847     0.999957        27523     23405.71
    1486.847     0.999963        27523     27306.67
    1505.279     0.999969        27524     32768.00
    1505.279     1.000000        27524          inf
#[Mean    =      246.081, StdDeviation   =      189.682]
#[Max     =     1504.256, Total count    =        27524]
#[Buckets =           27, SubBuckets     =         2048]
----------------------------------------------------------
  29962 requests in 2.00m, 7.18MB read
Requests/sec:    249.59
Transfer/sec:     61.26KB
