Running 2m test @ http://10.110.152.34:11000/a?value=1
  4 threads and 30 connections
  Thread calibration: mean lat.: 521.408ms, rate sampling interval: 2447ms
  Thread calibration: mean lat.: 275.907ms, rate sampling interval: 1170ms
  Thread calibration: mean lat.: 655.684ms, rate sampling interval: 2301ms
  Thread calibration: mean lat.: 750.786ms, rate sampling interval: 3094ms
  Thread Stats   Avg      Stdev     Max   +/- Stdev
    Latency     3.23s     3.86s   14.91s    81.88%
    Req/Sec    59.41      1.86    66.00     90.41%
  Latency Distribution (HdrHistogram - Recorded Latency)
 50.000%    1.69s 
 75.000%    5.31s 
 90.000%    9.81s 
 99.000%   13.12s 
 99.900%   14.45s 
 99.990%   14.88s 
 99.999%   14.92s 
100.000%   14.92s 

  Detailed Percentile spectrum:
       Value   Percentile   TotalCount 1/(1-Percentile)

      30.639     0.000000            1         1.00
      51.711     0.100000         2622         1.11
      81.471     0.200000         5247         1.25
     103.231     0.300000         7862         1.43
     284.159     0.400000        10481         1.67
    1687.551     0.500000        13100         2.00
    2232.319     0.550000        14411         2.22
    2912.255     0.600000        15721         2.50
    3663.871     0.650000        17031         2.86
    4620.287     0.700000        18345         3.33
    5308.415     0.750000        19650         4.00
    5750.783     0.775000        20307         4.44
    6418.431     0.800000        20961         5.00
    7319.551     0.825000        21614         5.71
    8187.903     0.850000        22272         6.67
    8904.703     0.875000        22927         8.00
    9265.151     0.887500        23259         8.89
    9805.823     0.900000        23583        10.00
   10280.959     0.912500        23908        11.43
   10747.903     0.925000        24243        13.33
   11083.775     0.937500        24561        16.00
   11321.343     0.943750        24730        17.78
   11567.103     0.950000        24891        20.00
   11837.439     0.956250        25059        22.86
   12083.199     0.962500        25216        26.67
   12279.807     0.968750        25382        32.00
   12378.111     0.971875        25464        35.56
   12484.607     0.975000        25545        40.00
   12640.255     0.978125        25625        45.71
   12804.095     0.981250        25709        53.33
   12926.975     0.984375        25789        64.00
   12984.319     0.985938        25834        71.11
   13025.279     0.987500        25871        80.00
   13082.623     0.989062        25917        91.43
   13156.351     0.990625        25957       106.67
   13221.887     0.992188        25994       128.00
   13262.847     0.992969        26014       142.22
   13303.807     0.993750        26037       160.00
   13352.959     0.994531        26055       182.86
   13434.879     0.995313        26077       213.33
   13508.607     0.996094        26097       256.00
   13582.335     0.996484        26106       284.44
   13697.023     0.996875        26118       320.00
   13778.943     0.997266        26127       365.71
   13926.399     0.997656        26137       426.67
   14082.047     0.998047        26147       512.00
   14114.815     0.998242        26153       568.89
   14196.735     0.998437        26158       640.00
   14278.655     0.998633        26163       731.43
   14360.575     0.998828        26168       853.33
   14475.263     0.999023        26173      1024.00
   14532.607     0.999121        26175      1137.78
   14557.183     0.999219        26178      1280.00
   14581.759     0.999316        26181      1462.86
   14589.951     0.999414        26183      1706.67
   14663.679     0.999512        26186      2048.00
   14688.255     0.999561        26187      2275.56
   14729.215     0.999609        26188      2560.00
   14811.135     0.999658        26190      2925.71
   14827.519     0.999707        26191      3413.33
   14843.903     0.999756        26192      4096.00
   14860.287     0.999780        26193      4551.11
   14860.287     0.999805        26193      5120.00
   14868.479     0.999829        26194      5851.43
   14876.671     0.999854        26195      6826.67
   14876.671     0.999878        26195      8192.00
   14884.863     0.999890        26196      9102.22
   14884.863     0.999902        26196     10240.00
   14884.863     0.999915        26196     11702.86
   14901.247     0.999927        26197     13653.33
   14901.247     0.999939        26197     16384.00
   14901.247     0.999945        26197     18204.44
   14901.247     0.999951        26197     20480.00
   14901.247     0.999957        26197     23405.71
   14917.631     0.999963        26198     27306.67
   14917.631     1.000000        26198          inf
#[Mean    =     3227.307, StdDeviation   =     3858.664]
#[Max     =    14909.440, Total count    =        26198]
#[Buckets =           27, SubBuckets     =         2048]
----------------------------------------------------------
  28501 requests in 2.00m, 6.83MB read
Requests/sec:    237.44
Transfer/sec:     58.25KB
