Running 3m test @ http://10.108.73.23:9080/productpage
  4 threads and 10 connections
  Thread calibration: mean lat.: 1196.142ms, rate sampling interval: 4665ms
  Thread calibration: mean lat.: 1435.028ms, rate sampling interval: 5156ms
  Thread calibration: mean lat.: 1319.395ms, rate sampling interval: 5210ms
  Thread calibration: mean lat.: 1222.900ms, rate sampling interval: 4726ms
  Thread Stats   Avg      Stdev     Max   +/- Stdev
    Latency    24.49s    13.35s    1.00m    64.07%
    Req/Sec    27.45      1.90    31.00     86.67%
  Latency Distribution (HdrHistogram - Recorded Latency)
 50.000%   23.76s 
 75.000%   34.54s 
 90.000%   42.01s 
 99.000%    0.95m 
 99.900%    1.00m 
 99.990%    1.00m 
 99.999%    1.00m 
100.000%    1.00m 

  Detailed Percentile spectrum:
       Value   Percentile   TotalCount 1/(1-Percentile)

    1831.935     0.000000            1         1.00
    6885.375     0.100000         1898         1.11
   11313.151     0.200000         3796         1.25
   15425.535     0.300000         5695         1.43
   19922.943     0.400000         7602         1.67
   23756.799     0.500000         9492         2.00
   25886.719     0.550000        10453         2.22
   27951.103     0.600000        11386         2.50
   30195.711     0.650000        12332         2.86
   32342.015     0.700000        13289         3.33
   34537.471     0.750000        14236         4.00
   35487.743     0.775000        14715         4.44
   36470.783     0.800000        15192         5.00
   37453.823     0.825000        15668         5.71
   38436.863     0.850000        16135         6.67
   39878.655     0.875000        16614         8.00
   40927.231     0.887500        16846         8.89
   42008.575     0.900000        17079        10.00
   43155.455     0.912500        17316        11.43
   44335.103     0.925000        17551        13.33
   45318.143     0.937500        17790        16.00
   46235.647     0.943750        17905        17.78
   47415.295     0.950000        18025        20.00
   49053.695     0.956250        18146        22.86
   50462.719     0.962500        18263        26.67
   52199.423     0.968750        18380        32.00
   52953.087     0.971875        18440        35.56
   53575.679     0.975000        18499        40.00
   54394.879     0.978125        18560        45.71
   55410.687     0.981250        18619        53.33
   56098.815     0.984375        18685        64.00
   56426.495     0.985938        18708        71.11
   56754.175     0.987500        18738        80.00
   57081.855     0.989062        18765        91.43
   57343.999     0.990625        18795       106.67
   57671.679     0.992188        18825       128.00
   57868.287     0.992969        18840       142.22
   58032.127     0.993750        18855       160.00
   58294.271     0.994531        18869       182.86
   58556.415     0.995313        18887       213.33
   58785.791     0.996094        18898       256.00
   58916.863     0.996484        18912       284.44
   58949.631     0.996875        18916       320.00
   59047.935     0.997266        18921       365.71
   59179.007     0.997656        18929       426.67
   59310.079     0.998047        18937       512.00
   59473.919     0.998242        18943       568.89
   59473.919     0.998437        18943       640.00
   59572.223     0.998633        18948       731.43
   59604.991     0.998828        18951       853.33
   59703.295     0.999023        18954      1024.00
   59736.063     0.999121        18956      1137.78
   59801.599     0.999219        18959      1280.00
   59834.367     0.999316        18960      1462.86
   59932.671     0.999414        18962      1706.67
   59965.439     0.999512        18964      2048.00
   59965.439     0.999561        18964      2275.56
   60063.743     0.999609        18966      2560.00
   60063.743     0.999658        18966      2925.71
   60096.511     0.999707        18967      3413.33
   60162.047     0.999756        18969      4096.00
   60162.047     0.999780        18969      4551.11
   60162.047     0.999805        18969      5120.00
   60162.047     0.999829        18969      5851.43
   60194.815     0.999854        18972      6826.67
   60194.815     1.000000        18972          inf
#[Mean    =    24492.972, StdDeviation   =    13349.148]
#[Max     =    60162.048, Total count    =        18972]
#[Buckets =           27, SubBuckets     =         2048]
----------------------------------------------------------
  20080 requests in 3.00m, 293.64MB read
Requests/sec:    111.54
Transfer/sec:      1.63MB
