Running 3m test @ http://10.108.73.23:9080/productpage
  4 threads and 10 connections
  Thread calibration: mean lat.: 3349.196ms, rate sampling interval: 11599ms
  Thread calibration: mean lat.: 2639.042ms, rate sampling interval: 9347ms
  Thread calibration: mean lat.: 2462.275ms, rate sampling interval: 8617ms
  Thread calibration: mean lat.: 1940.697ms, rate sampling interval: 7462ms
  Thread Stats   Avg      Stdev     Max   +/- Stdev
    Latency    45.55s    25.97s    1.92m    65.67%
    Req/Sec    25.10      4.19    31.00     79.45%
  Latency Distribution (HdrHistogram - Recorded Latency)
 50.000%   43.61s 
 75.000%    1.06m 
 90.000%    1.33m 
 99.000%    1.85m 
 99.900%    1.91m 
 99.990%    1.92m 
 99.999%    1.92m 
100.000%    1.92m 

  Detailed Percentile spectrum:
       Value   Percentile   TotalCount 1/(1-Percentile)

    3694.591     0.000000            1         1.00
   12582.911     0.100000         1693         1.11
   20103.167     0.200000         3385         1.25
   27885.567     0.300000         5079         1.43
   35782.655     0.400000         6770         1.67
   43614.207     0.500000         8464         2.00
   47710.207     0.550000         9309         2.22
   51740.671     0.600000        10157         2.50
   55508.991     0.650000        11000         2.86
   59572.223     0.700000        11844         3.33
   63635.455     0.750000        12692         4.00
   65667.071     0.775000        13115         4.44
   67764.223     0.800000        13546         5.00
   69533.695     0.825000        13963         5.71
   71827.455     0.850000        14392         6.67
   74711.039     0.875000        14809         8.00
   77004.799     0.887500        15017         8.89
   80019.455     0.900000        15228        10.00
   83165.183     0.912500        15443        11.43
   85917.695     0.925000        15652        13.33
   89980.927     0.937500        15862        16.00
   92536.831     0.943750        15972        17.78
   95158.271     0.950000        16076        20.00
   97714.175     0.956250        16182        22.86
  100139.007     0.962500        16286        26.67
  102563.839     0.968750        16395        32.00
  103743.487     0.971875        16444        35.56
  105119.743     0.975000        16501        40.00
  106102.783     0.978125        16550        45.71
  107347.967     0.981250        16604        53.33
  108789.759     0.984375        16657        64.00
  109445.119     0.985938        16683        71.11
  110034.943     0.987500        16709        80.00
  110690.303     0.989062        16734        91.43
  111345.663     0.990625        16761       106.67
  112001.023     0.992188        16787       128.00
  112394.239     0.992969        16802       142.22
  112656.383     0.993750        16815       160.00
  112918.527     0.994531        16827       182.86
  113180.671     0.995313        16840       213.33
  113508.351     0.996094        16855       256.00
  113639.423     0.996484        16861       284.44
  113836.031     0.996875        16868       320.00
  113967.103     0.997266        16873       365.71
  114163.711     0.997656        16881       426.67
  114294.783     0.998047        16891       512.00
  114294.783     0.998242        16891       568.89
  114360.319     0.998437        16895       640.00
  114425.855     0.998633        16896       731.43
  114491.391     0.998828        16901       853.33
  114622.463     0.999023        16905      1024.00
  114622.463     0.999121        16905      1137.78
  114687.999     0.999219        16908      1280.00
  114687.999     0.999316        16908      1462.86
  114884.607     0.999414        16910      1706.67
  114950.143     0.999512        16911      2048.00
  115015.679     0.999561        16912      2275.56
  115081.215     0.999609        16913      2560.00
  115146.751     0.999658        16915      2925.71
  115146.751     0.999707        16915      3413.33
  115146.751     0.999756        16915      4096.00
  115212.287     0.999780        16916      4551.11
  115212.287     0.999805        16916      5120.00
  115277.823     0.999829        16917      5851.43
  115277.823     0.999854        16917      6826.67
  115277.823     0.999878        16917      8192.00
  115343.359     0.999890        16918      9102.22
  115343.359     0.999902        16918     10240.00
  115343.359     0.999915        16918     11702.86
  115343.359     0.999927        16918     13653.33
  115343.359     0.999939        16918     16384.00
  115408.895     0.999945        16919     18204.44
  115408.895     1.000000        16919          inf
#[Mean    =    45546.412, StdDeviation   =    25972.644]
#[Max     =   115343.360, Total count    =        16919]
#[Buckets =           27, SubBuckets     =         2048]
----------------------------------------------------------
  17896 requests in 3.00m, 261.71MB read
Requests/sec:     99.41
Transfer/sec:      1.45MB
