Running 2m test @ http://10.102.123.170:11000/a?value=1
  2 threads and 10 connections
  Thread calibration: mean lat.: 413.657ms, rate sampling interval: 1626ms
  Thread calibration: mean lat.: 1660.426ms, rate sampling interval: 5361ms
  Thread Stats   Avg      Stdev     Max   +/- Stdev
    Latency     8.04s     8.72s   30.11s    79.39%
    Req/Sec    68.90      7.08    79.00     73.56%
  Latency Distribution (HdrHistogram - Recorded Latency)
 50.000%    4.48s 
 75.000%   13.99s 
 90.000%   22.82s 
 99.000%   28.57s 
 99.900%   29.77s 
 99.990%   30.10s 
 99.999%   30.13s 
100.000%   30.13s 

  Detailed Percentile spectrum:
       Value   Percentile   TotalCount 1/(1-Percentile)

       9.007     0.000000            1         1.00
      56.767     0.100000         1433         1.11
     250.751     0.200000         2865         1.25
    1265.663     0.300000         4300         1.43
    2887.679     0.400000         5730         1.67
    4481.023     0.500000         7163         2.00
    5509.119     0.550000         7879         2.22
    6348.799     0.600000         8597         2.50
    8306.687     0.650000         9312         2.86
   11345.919     0.700000        10029         3.33
   13991.935     0.750000        10744         4.00
   15491.071     0.775000        11102         4.44
   17170.431     0.800000        11464         5.00
   18644.991     0.825000        11823         5.71
   20054.015     0.850000        12184         6.67
   21348.351     0.875000        12536         8.00
   22085.631     0.887500        12714         8.89
   22822.911     0.900000        12894        10.00
   23642.111     0.912500        13072        11.43
   24510.463     0.925000        13257        13.33
   25264.127     0.937500        13431        16.00
   25624.575     0.943750        13520        17.78
   26001.407     0.950000        13610        20.00
   26345.471     0.956250        13701        22.86
   26804.223     0.962500        13788        26.67
   27115.519     0.968750        13880        32.00
   27344.895     0.971875        13927        35.56
   27475.967     0.975000        13967        40.00
   27672.575     0.978125        14013        45.71
   27901.951     0.981250        14059        53.33
   28164.095     0.984375        14104        64.00
   28262.399     0.985938        14128        71.11
   28327.935     0.987500        14147        80.00
   28491.775     0.989062        14171        91.43
   28688.383     0.990625        14191       106.67
   28803.071     0.992188        14216       128.00
   28884.991     0.992969        14225       142.22
   28983.295     0.993750        14237       160.00
   29032.447     0.994531        14247       182.86
   29147.135     0.995313        14260       213.33
   29261.823     0.996094        14272       256.00
   29278.207     0.996484        14277       284.44
   29294.591     0.996875        14282       320.00
   29343.743     0.997266        14288       365.71
   29409.279     0.997656        14293       426.67
   29491.199     0.998047        14298       512.00
   29556.735     0.998242        14300       568.89
   29605.887     0.998437        14304       640.00
   29638.655     0.998633        14306       731.43
   29720.575     0.998828        14309       853.33
   29786.111     0.999023        14312      1024.00
   29802.495     0.999121        14313      1137.78
   29868.031     0.999219        14314      1280.00
   29933.567     0.999316        14316      1462.86
   29966.335     0.999414        14318      1706.67
   29982.719     0.999512        14319      2048.00
   29982.719     0.999561        14319      2275.56
   30031.871     0.999609        14320      2560.00
   30048.255     0.999658        14321      2925.71
   30048.255     0.999707        14321      3413.33
   30064.639     0.999756        14323      4096.00
   30064.639     0.999780        14323      4551.11
   30064.639     0.999805        14323      5120.00
   30064.639     0.999829        14323      5851.43
   30064.639     0.999854        14323      6826.67
   30097.407     0.999878        14324      8192.00
   30097.407     0.999890        14324      9102.22
   30097.407     0.999902        14324     10240.00
   30097.407     0.999915        14324     11702.86
   30097.407     0.999927        14324     13653.33
   30130.175     0.999939        14325     16384.00
   30130.175     1.000000        14325          inf
#[Mean    =     8043.417, StdDeviation   =     8719.815]
#[Max     =    30113.792, Total count    =        14325]
#[Buckets =           27, SubBuckets     =         2048]
----------------------------------------------------------
  15568 requests in 2.00m, 3.68MB read
Requests/sec:    129.70
Transfer/sec:     31.43KB
