Running 3m test @ http://10.99.205.204:11000/a?value=1
  4 threads and 10 connections
  Thread calibration: mean lat.: 490.722ms, rate sampling interval: 1907ms
  Thread calibration: mean lat.: 738.231ms, rate sampling interval: 2648ms
  Thread calibration: mean lat.: 727.891ms, rate sampling interval: 2279ms
  Thread calibration: mean lat.: 552.433ms, rate sampling interval: 1843ms
  Thread Stats   Avg      Stdev     Max   +/- Stdev
    Latency   192.96ms  116.96ms   1.25s    80.35%
    Req/Sec    12.07      0.75    14.00     98.12%
  Latency Distribution (HdrHistogram - Recorded Latency)
 50.000%  165.12ms
 75.000%  238.34ms
 90.000%  334.85ms
 99.000%  609.28ms
 99.900%  962.56ms
 99.990%    1.21s 
 99.999%    1.25s 
100.000%    1.25s 

  Detailed Percentile spectrum:
       Value   Percentile   TotalCount 1/(1-Percentile)

       9.183     0.000000            1         1.00
      83.455     0.100000          853         1.11
     103.295     0.200000         1707         1.25
     124.479     0.300000         2556         1.43
     145.919     0.400000         3410         1.67
     165.119     0.500000         4259         2.00
     177.791     0.550000         4683         2.22
     188.159     0.600000         5110         2.50
     202.495     0.650000         5538         2.86
     219.519     0.700000         5959         3.33
     238.335     0.750000         6384         4.00
     250.623     0.775000         6598         4.44
     264.191     0.800000         6811         5.00
     274.431     0.825000         7026         5.71
     292.351     0.850000         7239         6.67
     312.063     0.875000         7449         8.00
     324.095     0.887500         7557         8.89
     334.847     0.900000         7663        10.00
     347.903     0.912500         7771        11.43
     365.055     0.925000         7876        13.33
     387.327     0.937500         7980        16.00
     400.895     0.943750         8034        17.78
     411.903     0.950000         8087        20.00
     431.871     0.956250         8141        22.86
     447.743     0.962500         8193        26.67
     467.455     0.968750         8246        32.00
     483.583     0.971875         8273        35.56
     499.455     0.975000         8300        40.00
     511.999     0.978125         8326        45.71
     527.871     0.981250         8353        53.33
     554.495     0.984375         8379        64.00
     567.807     0.985938         8393        71.11
     582.143     0.987500         8407        80.00
     595.967     0.989062         8419        91.43
     614.399     0.990625         8433       106.67
     648.191     0.992188         8447       128.00
     657.407     0.992969         8453       142.22
     667.135     0.993750         8459       160.00
     692.223     0.994531         8466       182.86
     716.799     0.995313         8473       213.33
     734.207     0.996094         8479       256.00
     755.199     0.996484         8483       284.44
     774.143     0.996875         8486       320.00
     802.303     0.997266         8489       365.71
     844.287     0.997656         8493       426.67
     890.367     0.998047         8496       512.00
     910.847     0.998242         8498       568.89
     914.943     0.998437         8499       640.00
     932.863     0.998633         8501       731.43
     962.559     0.998828         8503       853.33
     977.919     0.999023         8504      1024.00
    1013.247     0.999121         8505      1137.78
    1013.759     0.999219         8506      1280.00
    1075.199     0.999316         8507      1462.86
    1097.727     0.999414         8508      1706.67
    1097.727     0.999512         8508      2048.00
    1104.895     0.999561         8509      2275.56
    1104.895     0.999609         8509      2560.00
    1144.831     0.999658         8510      2925.71
    1144.831     0.999707         8510      3413.33
    1144.831     0.999756         8510      4096.00
    1212.415     0.999780         8511      4551.11
    1212.415     0.999805         8511      5120.00
    1212.415     0.999829         8511      5851.43
    1212.415     0.999854         8511      6826.67
    1212.415     0.999878         8511      8192.00
    1252.351     0.999890         8512      9102.22
    1252.351     1.000000         8512          inf
#[Mean    =      192.964, StdDeviation   =      116.957]
#[Max     =     1251.328, Total count    =         8512]
#[Buckets =           27, SubBuckets     =         2048]
----------------------------------------------------------
  8997 requests in 3.00m, 2.13MB read
Requests/sec:     49.98
Transfer/sec:     12.14KB
